! Kinetic energy for species "electrons"
  Iter        Time          Total Par.             Kin. Energy
     0   0.0000000            1024000  3.6020079051956868E+00
    10  0.76000000            1026795  3.6253632549459462E+00
    20   1.5200000            1029591  3.6593990100562150E+00
    30   2.2800000            1032386  3.6736151339314302E+00
    40   3.0400000            1035181  3.6512739144324744E+00
    50   3.8000000            1037977  3.6075311459386894E+00
    60   4.5600000            1040772  3.5799215462113416E+00
    70   5.3200000            1043567  3.6023771551005392E+00
    80   6.0800000            1046363  3.6721427331449932E+00
    90   6.8400000            1049158  3.7473655355574524E+00
   100   7.6000000            1051953  3.7895837534287287E+00
   110   8.3600000            1054749  3.7801453578726267E+00
   120   9.1200000            1057544  3.7161584831850325E+00
   130   9.8800000            1060339  3.6352524328422748E+00
   140   10.640000            1063135  3.6071491757096075E+00
   150   11.400000            1065930  3.6402218720588722E+00
   160   12.160000            1068725  3.7303768051642239E+00
   170   12.920000            1071521  3.8160771137179363E+00
   180   13.680000            1074316  3.8464229773984684E+00
   190   14.440000            1077111  3.8204373809608838E+00
   200   15.200000            1079907  3.7773568475354313E+00
   210   15.960000            1082702  3.7671919542803445E+00
   220   16.720000            1085497  3.7890290309935253E+00
   230   17.480000            1088292  3.8246420413033433E+00
   240   18.240000            1091088  3.8451818386061642E+00
   250   19.000000            1093883  3.8492803948426810E+00
   260   19.760000            1096678  3.8563832068953166E+00
   270   20.520000            1099474  3.8718541703997609E+00
   280   21.280000            1102269  3.8906648244448885E+00
   290   22.040000            1105064  3.9172095066041810E+00
   300   22.800000            1107860  3.9458464350764411E+00
   310   23.560000            1110655  3.9584869032507983E+00
   320   24.320000            1113450  3.9287952133612145E+00
   330   25.080000            1116246  3.8673795159733784E+00
   340   25.840000            1119041  3.8164938084491471E+00
   350   26.600000            1121836  3.8265202062947381E+00
   360   27.360000            1124632  3.9189760899725217E+00
   370   28.120000            1127427  4.0312403937594503E+00
   380   28.880000            1130222  4.0736374006510481E+00
   390   29.640000            1133018  4.0417618308164069E+00
   400   30.400000            1135813  3.9800787711291550E+00
   410   31.160000            1138608  3.9503603863194021E+00
   420   31.920000            1141404  3.9693413233201293E+00
   430   32.680000            1144199  3.9937801213756274E+00
   440   33.440000            1146994  4.0073712378380595E+00
   450   34.200000            1149790  4.0209625982672588E+00
   460   34.960000            1152585  4.0543916453594449E+00
   470   35.720000            1155380  4.0937522257840442E+00
   480   36.480000            1158175  4.1102117678173347E+00
   490   37.240000            1160971  4.0929279272517052E+00
   500   38.000000            1163766  4.0635700902527274E+00
   510   38.760000            1166561  4.0585488910272147E+00
   520   39.520000            1169357  4.0679709248823981E+00
   530   40.280000            1172152  4.0607758905457034E+00
   540   41.040000            1174947  4.0334955230379714E+00
   550   41.800000            1177743  4.0197553312996686E+00
   560   42.560000            1180538  4.0396337419619464E+00
   570   43.320000            1183333  4.0783961617989810E+00
   580   44.080000            1186129  4.1103320243659729E+00
   590   44.840000            1188924  4.1015039493539760E+00
   600   45.600000            1191719  4.0411191673085005E+00
   610   46.360000            1194515  3.9620538660015634E+00
   620   47.120000            1197310  3.9257911080699670E+00
   630   47.880000            1200105  3.9437543992882826E+00
   640   48.640000            1202901  3.9825645300794097E+00
   650   49.400000            1205696  4.0200145550295190E+00
   660   50.160000            1208491  4.0411752829264946E+00
   670   50.920000            1211287  4.0435357431337788E+00
   680   51.680000            1214082  4.0237104886788142E+00
   690   52.440000            1216877  3.9897919980690659E+00
   700   53.200000            1219673  3.9491648194408495E+00
   710   53.960000            1222468  3.9149675304508005E+00
   720   54.720000            1225263  3.9141773911391740E+00
   730   55.480000            1228058  3.9462826049228545E+00
   740   56.240000            1230854  3.9830020362330787E+00
   750   57.000000            1233649  3.9648027467695184E+00
   760   57.760000            1236444  3.9076440487430757E+00
   770   58.520000            1239240  3.8985666867104225E+00
   780   59.280000            1242035  3.9208686528831116E+00
   790   60.040000            1244830  3.9421887159087357E+00
   800   60.800000            1247626  3.9287373972762660E+00
   810   61.560000            1250421  3.8677339847004442E+00
   820   62.320000            1253216  3.8238081502660597E+00
   830   63.080000            1256012  3.8196198015064597E+00
   840   63.840000            1258807  3.8525000801768199E+00
   850   64.600000            1261602  3.9110720969346016E+00
   860   65.360000            1264398  3.9568010874745969E+00
   870   66.120000            1267193  3.9677240405155536E+00
   880   66.880000            1269988  3.9586729637157436E+00
   890   67.640000            1272784  3.9163358534588086E+00
   900   68.400000            1275579  3.8688479428102420E+00
   910   69.160000            1278374  3.8500701076393655E+00
   920   69.920000            1281170  3.8727963908024332E+00
   930   70.680000            1283965  3.9317181280188174E+00
   940   71.440000            1286760  3.9743595779094192E+00
   950   72.200000            1289556  3.9973151815238097E+00
   960   72.960000            1292351  3.9739696405953042E+00
   970   73.720000            1295146  3.9392738630119792E+00
   980   74.480000            1297941  3.9351371703135958E+00
   990   75.240000            1300737  3.9462081062105994E+00
  1000   76.000000            1303532  3.9687335591610835E+00
  1010   76.760000            1306327  3.9708415733258686E+00
  1020   77.520000            1309123  3.9638842588747671E+00
  1030   78.280000            1311918  3.9730134462431783E+00
  1040   79.040000            1314713  3.9818174781856452E+00
  1050   79.800000            1317509  4.0123830439224566E+00
  1060   80.560000            1320304  4.0546382560969656E+00
  1070   81.320000            1323099  4.0750622486208936E+00
  1080   82.080000            1325895  4.0822426604753135E+00
  1090   82.840000            1328690  4.0521134374165406E+00
  1100   83.600000            1331485  4.0010029543359646E+00
  1110   84.360000            1334281  3.9754710046096298E+00
  1120   85.120000            1337076  3.9973417503618123E+00
  1130   85.880000            1339871  4.0496957182293789E+00
  1140   86.640000            1342667  4.1100104608006962E+00
  1150   87.400000            1345462  4.1085942917916682E+00
  1160   88.160000            1348257  4.0619553313890266E+00
  1170   88.920000            1351053  4.0146757855728845E+00
  1180   89.680000            1353848  3.9728951491707862E+00
  1190   90.440000            1356643  3.9624757869797551E+00
  1200   91.200000            1359439  3.9658855159876119E+00
  1210   91.960000            1362234  3.9607958195447761E+00
  1220   92.720000            1365029  3.9682566585247661E+00
  1230   93.480000            1367824  3.9588021488407961E+00
  1240   94.240000            1370620  3.9293974496132491E+00
  1250   95.000000            1373415  3.9207816314950579E+00
  1260   95.760000            1376210  3.9195975926701578E+00
  1270   96.520000            1379006  3.9235910332137602E+00
  1280   97.280000            1381801  3.9274209076312236E+00
  1290   98.040000            1384596  3.9004238379698055E+00
  1300   98.800000            1387392  3.8591642222494036E+00
  1310   99.560000            1390187  3.8421995416701269E+00
  1320   100.32000            1392982  3.8718363630046904E+00
  1330   101.08000            1395778  3.9140371351486305E+00
  1340   101.84000            1398573  3.9622020460261442E+00
  1350   102.60000            1401368  4.0042497596000945E+00
  1360   103.36000            1404164  4.0022375565951966E+00
  1370   104.12000            1406959  3.9608882549914002E+00
  1380   104.88000            1409754  3.9313998054802317E+00
  1390   105.64000            1412550  3.9315919830685089E+00
  1400   106.40000            1415345  3.9538362416074637E+00
  1410   107.16000            1418140  4.0069437350511627E+00
  1420   107.92000            1420936  4.0570614307638238E+00
  1430   108.68000            1423731  4.0628077098940949E+00
  1440   109.44000            1426526  4.0585782026527859E+00
  1450   110.20000            1429322  4.0493776481818253E+00
  1460   110.96000            1432117  4.0332671969888212E+00
  1470   111.72000            1434912  4.0139743646538459E+00
  1480   112.48000            1437707  4.0213748453158287E+00
  1490   113.24000            1440503  4.0376828125071906E+00
  1500   114.00000            1443298  4.0278285229843060E+00
  1510   114.76000            1446093  4.0176664409851419E+00
  1520   115.52000            1448889  4.0372594251449341E+00
  1530   116.28000            1451684  4.0645293623713021E+00
  1540   117.04000            1454479  4.0956805933531051E+00
  1550   117.80000            1457275  4.0899022317748539E+00
  1560   118.56000            1460070  4.0746359917868347E+00
  1570   119.32000            1462865  4.0553342072798557E+00
  1580   120.08000            1465661  4.0158776377631007E+00
  1590   120.84000            1468456  3.9968821874428304E+00
  1600   121.60000            1471251  3.9974909609240368E+00
  1610   122.36000            1474047  4.0096521998637336E+00
  1620   123.12000            1476842  4.0313675394443198E+00
  1630   123.88000            1479637  4.0508921368496695E+00
  1640   124.64000            1482433  4.0437569193686258E+00
  1650   125.40000            1485228  3.9944653302545103E+00
  1660   126.16000            1488023  3.9525093882264626E+00
  1670   126.92000            1490819  3.9284927603827615E+00
  1680   127.68000            1493614  3.9020240873326979E+00
  1690   128.44000            1496409  3.9062379248745875E+00
  1700   129.20000            1499205  3.9402816055615615E+00
  1710   129.96000            1502000  3.9559347578146804E+00
  1720   130.72000            1504795  3.9729362254204856E+00
  1730   131.48000            1507590  3.9631648388227187E+00
  1740   132.24000            1510386  3.9169640049360339E+00
  1750   133.00000            1513181  3.9074940538518632E+00
  1760   133.76000            1515976  3.9227856952809756E+00
  1770   134.52000            1518772  3.9194824029529487E+00
  1780   135.28000            1521567  3.9000245697016132E+00
  1790   136.04000            1524362  3.8723405147689793E+00
  1800   136.80000            1527158  3.8343322652170393E+00
  1810   137.56000            1529953  3.8342936254565640E+00
  1820   138.32000            1532748  3.8799222247791603E+00
  1830   139.08000            1535544  3.9197172079698515E+00
  1840   139.84000            1538339  3.9196302636265017E+00
  1850   140.60000            1541134  3.9028527844231777E+00
  1860   141.36000            1543930  3.8638749119832876E+00
  1870   142.12000            1546725  3.8337500311936590E+00
  1880   142.88000            1549520  3.8338264867918053E+00
  1890   143.64000            1552316  3.8492744526438472E+00
  1900   144.40000            1555111  3.8800207072133475E+00
  1910   145.16000            1557906  3.9262924697637658E+00
  1920   145.92000            1560702  3.9294313664788931E+00
  1930   146.68000            1563497  3.9081220134350687E+00
  1940   147.44000            1566292  3.8925741432889671E+00
  1950   148.20000            1569088  3.8784414640646698E+00
  1960   148.96000            1571883  3.8687432823041323E+00
  1970   149.72000            1574678  3.8965654770790286E+00
  1980   150.48000            1577473  3.9246501222637136E+00
  1990   151.24000            1580269  3.9003714385520083E+00
  2000   152.00000            1583064  3.8706968378893949E+00
  2010   152.76000            1585859  3.8888082601328797E+00
  2020   153.52000            1588655  3.9069311096471178E+00
  2030   154.28000            1591450  3.8995777859494409E+00
  2040   155.04000            1594245  3.9209769032972606E+00
  2050   155.80000            1597041  3.9324425898930331E+00
  2060   156.56000            1599836  3.8891948806143368E+00
  2070   157.32000            1602631  3.8628921608067124E+00
  2080   158.08000            1605427  3.8546323611900544E+00
  2090   158.84000            1608222  3.8597377684531335E+00
  2100   159.60000            1611017  3.9089195854014216E+00
  2110   160.36000            1613813  3.9524521990330737E+00
  2120   161.12000            1616608  3.9303657706456638E+00
  2130   161.88000            1619403  3.9124254507776612E+00
  2140   162.64000            1622199  3.9055599032492481E+00
  2150   163.40000            1624994  3.8717728068542225E+00
  2160   164.16000            1627789  3.8488647086987733E+00
  2170   164.92000            1630585  3.8818763749804956E+00
  2180   165.68000            1633380  3.9014425580033478E+00
  2190   166.44000            1636175  3.8908362139655477E+00
  2200   167.20000            1638971  3.9038628626244778E+00
  2210   167.96000            1641766  3.8916390979954700E+00
  2220   168.72000            1644561  3.8739929927196419E+00
  2230   169.48000            1647356  3.8836281995087303E+00
  2240   170.24000            1650152  3.9167016505827266E+00
  2250   171.00000            1652947  3.9294643184406728E+00
  2260   171.76000            1655742  3.9196385397682243E+00
  2270   172.52000            1658538  3.9127477607321315E+00
  2280   173.28000            1661333  3.9134722790910397E+00
  2290   174.04000            1664128  3.9211961163872253E+00
  2300   174.80000            1666924  3.9495440161779136E+00
  2310   175.56000            1669719  3.9754010916721496E+00
  2320   176.32000            1672514  3.9874840598935433E+00
  2330   177.08000            1675310  3.9772244549682303E+00
  2340   177.84000            1678105  3.9489573338878472E+00
  2350   178.60000            1680900  3.9182108113816860E+00
  2360   179.36000            1683696  3.9277413710728117E+00
  2370   180.12000            1686491  3.9481074115523445E+00
  2380   180.88000            1689286  3.9801112445547124E+00
  2390   181.64000            1692082  3.9955357673760727E+00
  2400   182.40000            1694877  3.9875194743264291E+00
  2410   183.16000            1697672  4.0226814897992291E+00
  2420   183.92000            1700468  4.0458482386556236E+00
  2430   184.68000            1703263  4.0233743380136655E+00
  2440   185.44000            1706058  4.0104573450484917E+00
  2450   186.20000            1708854  3.9969934608702351E+00
  2460   186.96000            1711649  4.0116211189510214E+00
  2470   187.72000            1714444  4.0675330917458696E+00
  2480   188.48000            1717240  4.0497850010850565E+00
  2490   189.24000            1720035  3.9974758763962370E+00
  2500   190.00000            1722830  4.0165145269601288E+00
  2510   190.76000            1725625  4.0312099232874097E+00
  2520   191.52000            1728421  4.0011044981263169E+00
  2530   192.28000            1731216  4.0048156332770244E+00
  2540   193.04000            1734011  4.0047044765033917E+00
  2550   193.80000            1736807  3.9596929774334995E+00
  2560   194.56000            1739602  3.9475263423739104E+00
  2570   195.32000            1742397  3.9240144563694144E+00
  2580   196.08000            1745193  3.9385567308998812E+00
  2590   196.84000            1747988  3.9741661848417458E+00
  2600   197.60000            1750783  3.9999251662975186E+00
  2610   198.36000            1753579  3.9748989266558672E+00
  2620   199.12000            1756374  3.9316902752098866E+00
  2630   199.88000            1759169  3.9186198373724119E+00
  2640   200.64000            1761965  3.9179185441788555E+00
  2650   201.40000            1764760  3.9121421921398127E+00
  2660   202.16000            1767555  3.8993449350481741E+00
  2670   202.92000            1770351  3.8873056233741892E+00
  2680   203.68000            1773146  3.8760894626784617E+00
  2690   204.44000            1775941  3.8843422617267063E+00
  2700   205.20000            1778737  3.8874215279245115E+00
  2710   205.96000            1781532  3.8581174029718994E+00
  2720   206.72000            1784327  3.8389647067729431E+00
  2730   207.48000            1787123  3.8398286567272280E+00
  2740   208.24000            1789918  3.8604463895258583E+00
  2750   209.00000            1792713  3.8776073778502167E+00
  2760   209.76000            1795508  3.8452942612815040E+00
  2770   210.52000            1798304  3.8516055364198110E+00
  2780   211.28000            1801099  3.8795276477467953E+00
  2790   212.04000            1803894  3.9007512222274801E+00
  2800   212.80000            1806690  3.9150878381922354E+00
  2810   213.56000            1809485  3.9354837659350732E+00
  2820   214.32000            1812280  3.9467734562572683E+00
  2830   215.08000            1815076  3.9188311168898666E+00
  2840   215.84000            1817871  3.9171142036299136E+00
  2850   216.60000            1820666  3.9546624680293698E+00
  2860   217.36000            1823462  3.9641103619103255E+00
  2870   218.12000            1826257  3.9405237417465662E+00
  2880   218.88000            1829052  3.9647267879112320E+00
  2890   219.64000            1831848  3.9831864344714480E+00
  2900   220.40000            1834643  3.9880020880020455E+00
  2910   221.16000            1837438  4.0115366343793610E+00
  2920   221.92000            1840234  4.0176481867060714E+00
  2930   222.68000            1843029  4.0478497277556578E+00
  2940   223.44000            1845824  4.0688099408601452E+00
  2950   224.20000            1848620  4.1042348653766636E+00
  2960   224.96000            1851415  4.1495115787391770E+00
  2970   225.72000            1854210  4.1586709944360383E+00
  2980   226.48000            1857006  4.1559370808933114E+00
  2990   227.24000            1859801  4.1789940872627342E+00
  3000   228.00000            1862596  4.1980667961220020E+00
  3010   228.76000            1865391  4.1850273478781936E+00
  3020   229.52000            1868187  4.1496547431313289E+00
  3030   230.28000            1870982  4.1579016785005027E+00
  3040   231.04000            1873777  4.1440424208649596E+00
  3050   231.80000            1876573  4.1390160058251739E+00
  3060   232.56000            1879368  4.1637263386620251E+00
  3070   233.32000            1882163  4.1756324994460705E+00
  3080   234.08000            1884959  4.1479723787820353E+00
  3090   234.84000            1887754  4.1278543328018662E+00
  3100   235.60000            1890549  4.1059214256110401E+00
  3110   236.36000            1893345  4.0998501409455823E+00
  3120   237.12000            1896140  4.1004570314040674E+00
  3130   237.88000            1898935  4.1044289047193265E+00
  3140   238.64000            1901731  4.0934483870661307E+00
  3150   239.40000            1904526  4.0751245558110805E+00
  3160   240.16000            1907321  4.0919227326596532E+00
  3170   240.92000            1910117  4.1034914013321995E+00
  3180   241.68000            1912912  4.0711927081689225E+00
  3190   242.44000            1915707  4.0327890605620045E+00
  3200   243.20000            1918503  4.0254961890721290E+00
  3210   243.96000            1921298  4.0376447553149521E+00
  3220   244.72000            1924093  4.0422328646726191E+00
  3230   245.48000            1926889  4.0255407449378859E+00
  3240   246.24000            1929684  3.9841015441669114E+00
  3250   247.00000            1932479  3.9581507437983552E+00
  3260   247.76000            1935274  3.9563785285211850E+00
  3270   248.52000            1938070  3.9628217059068578E+00
  3280   249.28000            1940865  3.9742546635092300E+00
  3290   250.04000            1943660  3.9539933616199319E+00
  3300   250.80000            1946456  3.9435838535462500E+00
  3310   251.56000            1949251  3.9440135435628711E+00
  3320   252.32000            1952046  3.9516769900330866E+00
  3330   253.08000            1954842  3.9483941477719728E+00
  3340   253.84000            1957637  3.9541516577377225E+00
  3350   254.60000            1960432  3.9470454023138419E+00
  3360   255.36000            1963228  3.9403228768757836E+00
  3370   256.12000            1966023  3.9733509606654365E+00
  3380   256.88000            1968818  4.0025294023819136E+00
  3390   257.64000            1971614  4.0030407895625419E+00
  3400   258.40000            1974409  3.9849395354421393E+00
  3410   259.16000            1977204  3.9759940650910148E+00
  3420   259.92000            1980000  4.0123271576145099E+00
  3430   260.68000            1982795  4.0138167983346582E+00
  3440   261.44000            1985590  3.9822523200738260E+00
  3450   262.20000            1988386  3.9953468484395143E+00
  3460   262.96000            1991181  3.9853979223608342E+00
  3470   263.72000            1993976  3.9772694153932138E+00
  3480   264.48000            1996772  4.0055074884398767E+00
  3490   265.24000            1999567  3.9856996403940199E+00
  3500   266.00000            2002362  3.9682543282521312E+00
  3510   266.76000            2005157  3.9506538760311694E+00
  3520   267.52000            2007953  3.9323150854363709E+00
  3530   268.28000            2010748  3.9267981065309585E+00
  3540   269.04000            2013543  3.9184870013353015E+00
  3550   269.80000            2016339  3.9263445671101231E+00
  3560   270.56000            2019134  3.9360125993975585E+00
  3570   271.32000            2021929  3.8859132950025010E+00
  3580   272.08000            2024725  3.8733408100079076E+00
  3590   272.84000            2027520  3.8830201980234946E+00
  3600   273.60000            2030315  3.8772231911566406E+00
  3610   274.36000            2033111  3.8727238271312245E+00
  3620   275.12000            2035906  3.8855893214784465E+00
  3630   275.88000            2038701  3.8808517053625797E+00
  3640   276.64000            2041497  3.8807127982799465E+00
  3650   277.40000            2044292  3.9250412283603415E+00
  3660   278.16000            2047087  3.9066307908064042E+00
  3670   278.92000            2049883  3.9181115439459258E+00
  3680   279.68000            2052678  3.9315218309402655E+00
  3690   280.44000            2055473  3.9280155116028244E+00
  3700   281.20000            2058269  3.9342076790030558E+00
  3710   281.96000            2061064  3.9321947249894187E+00
  3720   282.72000            2063859  3.9154722112369367E+00
  3730   283.48000            2066655  3.9051639065359005E+00
  3740   284.24000            2069450  3.8899185584705522E+00
  3750   285.00000            2072245  3.8766986941750377E+00
  3760   285.76000            2075040  3.8965314938940301E+00
  3770   286.52000            2077836  3.8564205564254648E+00
  3780   287.28000            2080631  3.8354632835077602E+00
  3790   288.04000            2083426  3.8346157402748631E+00
  3800   288.80000            2086222  3.8274307947410353E+00
  3810   289.56000            2089017  3.8103202344984806E+00
  3820   290.32000            2091812  3.8143370581033862E+00
  3830   291.08000            2094608  3.7926052414227049E+00
  3840   291.84000            2097403  3.7759550360297314E+00
  3850   292.60000            2100198  3.7953699806406060E+00
  3860   293.36000            2102994  3.8104112856701846E+00
  3870   294.12000            2105789  3.7997494195422608E+00
  3880   294.88000            2108584  3.8201817480555884E+00
  3890   295.64000            2111380  3.8391173156615914E+00
  3900   296.40000            2114175  3.8307407781487957E+00
  3910   297.16000            2116970  3.8327983212783496E+00
  3920   297.92000            2119766  3.8431406528710430E+00
  3930   298.68000            2122561  3.8594438305117311E+00
  3940   299.44000            2125356  3.8654009009222543E+00
  3950   300.20000            2128152  3.8478896776404925E+00
  3960   300.96000            2130947  3.8098856685537519E+00
  3970   301.72000            2133742  3.8264585606606056E+00
  3980   302.48000            2136538  3.8914937748777430E+00
  3990   303.24000            2139333  3.8879466914756984E+00
  4000   304.00000            2142128  3.8612466857161367E+00
  4010   304.76000            2144923  3.8327967928081561E+00
  4020   305.52000            2147719  3.8292466973266865E+00
  4030   306.28000            2150514  3.8286145045014015E+00
  4040   307.04000            2153309  3.8255415101261061E+00
  4050   307.80000            2156105  3.8215996716678853E+00
  4060   308.56000            2158900  3.8192389716566026E+00
  4070   309.32000            2161695  3.8025159504081381E+00
  4080   310.08000            2164491  3.7841663463109967E+00
  4090   310.84000            2167286  3.7621389712845641E+00
  4100   311.60000            2170081  3.7676359954466556E+00
  4110   312.36000            2172877  3.8132382606312643E+00
  4120   313.12000            2175672  3.8264177681929015E+00
  4130   313.88000            2178467  3.8168201038291332E+00
  4140   314.64000            2181263  3.8343697982186167E+00
  4150   315.40000            2184058  3.8442952747048214E+00
  4160   316.16000            2186853  3.8436373251520024E+00
  4170   316.92000            2189649  3.8616644655070149E+00
  4180   317.68000            2192444  3.8739412239055784E+00
  4190   318.44000            2195239  3.9068581138481697E+00
  4200   319.20000            2198035  3.9313757249672712E+00
  4210   319.96000            2200830  3.9243394306004711E+00
  4220   320.72000            2203625  3.9292142973804660E+00
  4230   321.48000            2206421  3.9085587592258118E+00
  4240   322.24000            2209216  3.8750072274528176E+00
  4250   323.00000            2212011  3.8746148938588694E+00
  4260   323.76000            2214806  3.8989967335929085E+00
  4270   324.52000            2217602  3.8769982052533782E+00
  4280   325.28000            2220397  3.8609404784164911E+00
  4290   326.04000            2223192  3.8460841507886592E+00
  4300   326.80000            2225988  3.7809912636389456E+00
  4310   327.56000            2228783  3.7615221770865799E+00
  4320   328.32000            2231578  3.7783010328554658E+00
  4330   329.08000            2234374  3.7754071510293334E+00
  4340   329.84000            2237169  3.7660855288378032E+00
  4350   330.60000            2239964  3.7497062061744808E+00
  4360   331.36000            2242760  3.7292635467643978E+00
  4370   332.12000            2245555  3.7381439858392502E+00
  4380   332.88000            2248350  3.7316329328416042E+00
  4390   333.64000            2251146  3.7488236704892568E+00
  4400   334.40000            2253941  3.7717358028831502E+00
  4410   335.16000            2256736  3.7554275136971955E+00
  4420   335.92000            2259532  3.7464195096563873E+00
  4430   336.68000            2262327  3.7569067298709529E+00
  4440   337.44000            2265122  3.7573226493495007E+00
  4450   338.20000            2267918  3.7474534796752450E+00
  4460   338.96000            2270713  3.7768905981549694E+00
  4470   339.72000            2273508  3.7972839687215525E+00
  4480   340.48000            2276304  3.8103496816336708E+00
  4490   341.24000            2279099  3.8021995675936027E+00
  4500   342.00000            2281894  3.7914061945250266E+00
  4510   342.76000            2284689  3.7794129768910194E+00
  4520   343.52000            2287485  3.7865598274023782E+00
  4530   344.28000            2290280  3.7943089434133288E+00
  4540   345.04000            2293075  3.8080393472735290E+00
  4550   345.80000            2295871  3.8130597304834031E+00
  4560   346.56000            2298666  3.8129032507948670E+00
  4570   347.32000            2301461  3.8030537475141650E+00
  4580   348.08000            2304257  3.8082265075890058E+00
  4590   348.84000            2307052  3.8308705197007589E+00
  4600   349.60000            2309847  3.8065822101963067E+00
  4610   350.36000            2312643  3.8090808006260723E+00
  4620   351.12000            2315438  3.8522401981140790E+00
  4630   351.88000            2318233  3.8668467365131041E+00
  4640   352.64000            2321029  3.8707564619976038E+00
  4650   353.40000            2323824  3.8872452993979763E+00
  4660   354.16000            2326619  3.9179892024721901E+00
  4670   354.92000            2329415  3.9227382625908160E+00
  4680   355.68000            2332210  3.9424814238077301E+00
  4690   356.44000            2335005  4.0022228484252853E+00
  4700   357.20000            2337801  4.0140905141326870E+00
  4710   357.96000            2340596  3.9838005463212598E+00
  4720   358.72000            2343391  4.0167408128614417E+00
  4730   359.48000            2346187  4.0235852791662001E+00
  4740   360.24000            2348982  3.9975018493730849E+00
  4750   361.00000            2351777  4.0335247742468132E+00
  4760   361.76000            2354572  4.0336126798830358E+00
  4770   362.52000            2357368  4.0162445492000272E+00
  4780   363.28000            2360163  4.0080464152254507E+00
  4790   364.04000            2362958  3.9994917403591486E+00
  4800   364.80000            2365754  4.0000599622667776E+00
  4810   365.56000            2368549  4.0398754251435527E+00
  4820   366.32000            2371344  4.0488189340629042E+00
  4830   367.08000            2374140  3.9994461650423112E+00
  4840   367.84000            2376935  3.9728947338134954E+00
  4850   368.60000            2379730  3.9579029700307888E+00
  4860   369.36000            2382526  3.9108468568617383E+00
  4870   370.12000            2385321  3.9068598253255571E+00
  4880   370.88000            2388116  3.9334027058115719E+00
  4890   371.64000            2390912  3.8959979843364003E+00
  4900   372.40000            2393707  3.8467546952129976E+00
  4910   373.16000            2396502  3.8340422109636174E+00
  4920   373.92000            2399298  3.8366596847401349E+00
  4930   374.68000            2402093  3.8349017445610638E+00
  4940   375.44000            2404888  3.7972780101207970E+00
  4950   376.20000            2407684  3.7597979198124900E+00
  4960   376.96000            2410479  3.7861736212061090E+00
  4970   377.72000            2413274  3.7954097340699846E+00
  4980   378.48000            2416070  3.7781167768233828E+00
  4990   379.24000            2418865  3.7919472970236789E+00
  5000   380.00000            2421660  3.7781810747051625E+00
  5010   380.76000            2424455  3.7612552013746141E+00
  5020   381.52000            2427251  3.7895543711968820E+00
  5030   382.28000            2430046  3.8024026752021927E+00
  5040   383.04000            2432841  3.8093832999603365E+00
  5050   383.80000            2435637  3.8231790163958213E+00
  5060   384.56000            2438432  3.8045429614371882E+00
  5070   385.32000            2441227  3.7462948621359953E+00
  5080   386.08000            2444023  3.7582284102059491E+00
  5090   386.84000            2446818  3.7606143911593102E+00
  5100   387.60000            2449613  3.7728854788237105E+00
  5110   388.36000            2452409  3.7670881837332884E+00
  5120   389.12000            2455204  3.7590777565304339E+00
  5130   389.88000            2457999  3.7442486688475576E+00
  5140   390.64000            2460795  3.7297329475565166E+00
  5150   391.40000            2463590  3.7444704221484217E+00
  5160   392.16000            2466385  3.7593493418620998E+00
  5170   392.92000            2469181  3.7525454077417466E+00
  5180   393.68000            2471976  3.7737868227404703E+00
  5190   394.44000            2474771  3.7801508603042162E+00
  5200   395.20000            2477567  3.7829480305931238E+00
  5210   395.96000            2480362  3.7515116282776573E+00
  5220   396.72000            2483157  3.7575323000317233E+00
  5230   397.48000            2485953  3.7945688946814711E+00
  5240   398.24000            2488748  3.8295334107236161E+00
  5250   399.00000            2491543  3.8299869773995958E+00
  5260   399.76000            2494338  3.8205019765647115E+00
