! EM field energy per field component
  Iter        Time                          B1                      B2                      B3                      E1                      E2                      E3
     0   0.0000000      0.0000000000000000E+00  0.0000000000000000E+00  0.0000000000000000E+00  0.0000000000000000E+00  0.0000000000000000E+00  0.0000000000000000E+00
    10  0.76000000      0.0000000000000000E+00  5.2517051849235872E-07  7.2340075882067913E-07  1.4121146454941134E-02  6.4465950316839089E-07  5.9543260615199737E-07
    20   1.5200000      0.0000000000000000E+00  7.3878220325063763E-07  1.4823324765328577E-06  2.4541269809404336E-02  5.7597801311701752E-06  4.1284145622919322E-07
    30   2.2800000      0.0000000000000000E+00  5.6994335447895666E-07  7.6714192201831664E-06  8.0285131122862403E-03  4.3286276006905934E-05  3.2662777849443552E-07
    40   3.0400000      0.0000000000000000E+00  3.9230769170973604E-07  4.1341500678847668E-05  5.6555067342467357E-03  1.1646312206132700E-04  5.5339394134176563E-07
    50   3.8000000      0.0000000000000000E+00  3.9783348191430540E-07  1.0730122968838361E-04  2.8229970346836622E-02  1.0628225533284534E-04  3.3859957519349999E-07
    60   4.5600000      0.0000000000000000E+00  4.3291744621659177E-07  1.5396996267782185E-04  1.4654546328682572E-02  1.3951249521729527E-05  3.3908397276035088E-07
    70   5.3200000      0.0000000000000000E+00  5.4344216565837004E-07  1.3717150569748885E-04  5.5201753693559178E-03  4.1687710470647777E-05  4.4123283597272973E-07
    80   6.0800000      0.0000000000000000E+00  5.7328923808071410E-07  6.7587664050394779E-05  1.7198989947386504E-02  8.5029161045233791E-05  4.6863869613073321E-07
    90   6.8400000      0.0000000000000000E+00  4.7093536914258708E-07  3.9006585905585190E-05  1.8763572435853110E-02  6.2547409945390254E-06  3.6813647185026816E-07
   100   7.6000000      0.0000000000000000E+00  4.2781015300136355E-07  6.8274971684297766E-05  4.3646284589885691E-03  1.5337780259772448E-04  4.8892154733663971E-07
   110   8.3600000      0.0000000000000000E+00  4.7139067268043702E-07  1.7966019606608960E-04  1.2147108034674978E-02  1.7975854102472222E-04  4.0182141072995945E-07
   120   9.1200000      0.0000000000000000E+00  4.7452559047196045E-07  2.1783313301262019E-04  2.4818559466593644E-03  1.9668332540279251E-05  2.9697628667648734E-07
   130   9.8800000      0.0000000000000000E+00  5.0663545450574878E-07  1.3512470265697671E-04  6.5848210660398188E-03  9.2978399377485594E-05  5.4649057382565540E-07
   140   10.640000      0.0000000000000000E+00  5.4817957182849702E-07  1.0098258471178153E-04  5.5496780343422588E-03  1.4674477548515359E-05  3.6780455910651092E-07
   150   11.400000      0.0000000000000000E+00  5.4384142069593317E-07  1.7686263457410153E-04  1.0389986089482293E-02  1.6845628781287335E-04  4.0362113013701534E-07
   160   12.160000      0.0000000000000000E+00  4.5365390230902240E-07  2.6706213282239483E-04  4.5069094849035599E-03  1.7579927987807086E-04  4.6614912411131265E-07
   170   12.920000      0.0000000000000000E+00  4.5831026233601546E-07  2.3757793837298787E-04  8.1272190153883189E-03  9.8039928286947488E-05  3.6413703572723233E-07
   180   13.680000      0.0000000000000000E+00  5.0187604482623251E-07  1.5539800009632570E-04  6.6774615354071153E-03  6.9466213542593007E-05  3.9030388942335429E-07
   190   14.440000      0.0000000000000000E+00  6.3283594585050171E-07  1.9401952451524317E-04  8.5266668317022769E-03  9.6859063108452941E-05  4.3875076233963802E-07
   200   15.200000      0.0000000000000000E+00  5.4072739869217016E-07  3.0817956093200154E-04  8.3415880736653607E-03  2.1427128945502785E-04  3.8150615969128082E-07
   210   15.960000      0.0000000000000000E+00  4.9616153040171301E-07  3.9327474756596897E-04  7.1548923823772223E-03  1.1545068257198247E-04  3.9155932838090345E-07
   220   16.720000      0.0000000000000000E+00  4.7142014268299629E-07  3.4638040138869331E-04  2.8627643442705047E-03  1.0489674341269984E-04  5.2789206898671639E-07
   230   17.480000      0.0000000000000000E+00  5.6837783974729800E-07  3.1673165480121645E-04  4.6834600831208882E-03  1.0342663337606005E-04  3.5360628410403250E-07
   240   18.240000      0.0000000000000000E+00  4.9316146931519990E-07  3.9823756175223128E-04  8.1206213045993316E-03  2.1390744147388457E-04  3.6442138336862240E-07
   250   19.000000      0.0000000000000000E+00  4.4359711898239443E-07  5.1510516121002934E-04  7.7566562144349011E-03  1.4481310797774958E-04  5.0569399428681944E-07
   260   19.760000      0.0000000000000000E+00  5.7299416171460883E-07  5.0820249479263874E-04  6.4207723758209628E-03  1.0956744353556501E-04  3.3451393913745703E-07
   270   20.520000      0.0000000000000000E+00  5.0553412610214380E-07  4.3015703995434530E-04  9.0962115862692275E-03  1.2176575085248995E-04  5.3341679039395404E-07
   280   21.280000      0.0000000000000000E+00  5.2838674827116880E-07  4.8583718657056735E-04  6.6448418192672741E-03  2.0546622630479973E-04  4.1809594187366982E-07
   290   22.040000      0.0000000000000000E+00  5.0896694310038967E-07  5.5215739375281861E-04  4.4479748925145409E-03  1.5966852251753430E-04  3.9350307882450406E-07
   300   22.800000      0.0000000000000000E+00  5.7550073032170559E-07  5.4539307859693238E-04  8.0620713584153465E-03  1.1503003185737117E-04  3.9401241985539396E-07
   310   23.560000      0.0000000000000000E+00  5.8692919899964052E-07  5.3527044923208785E-04  6.2922090841532529E-03  1.2828016778546896E-04  4.6512473917086106E-07
   320   24.320000      0.0000000000000000E+00  5.1258583386988636E-07  6.4185160328773306E-04  3.7342371991288463E-03  2.0999199123395535E-04  3.6760897785878621E-07
   330   25.080000      0.0000000000000000E+00  6.0294002335366866E-07  7.1504884306489440E-04  5.9375757513655944E-03  1.8566416968271681E-04  3.8883674185448415E-07
   340   25.840000      0.0000000000000000E+00  5.5970035262720653E-07  6.7869765338263394E-04  8.2892767549829858E-03  1.5118297046445644E-04  5.4811435156949494E-07
   350   26.600000      0.0000000000000000E+00  4.9470551655014006E-07  6.9905739743861077E-04  7.3178390987487666E-03  1.4119017164430418E-04  3.5678242547025242E-07
   360   27.360000      0.0000000000000000E+00  4.9806909539803630E-07  7.8499363460496851E-04  6.0447561716804989E-03  1.9486039069435251E-04  3.6783996529337984E-07
   370   28.120000      0.0000000000000000E+00  5.7189480018708879E-07  1.0057302859305820E-03  8.7781944403443751E-03  2.0085550285437907E-04  4.7115301495024911E-07
   380   28.880000      0.0000000000000000E+00  5.4282700862388196E-07  1.1900343621055371E-03  9.8929367154906439E-03  1.9088165215596419E-04  3.0952249149425370E-07
   390   29.640000      0.0000000000000000E+00  4.8948769648710142E-07  1.2839067048608704E-03  8.2993684917035682E-03  1.8015820792406464E-04  4.8691286370297553E-07
   400   30.400000      0.0000000000000000E+00  6.0331941581036460E-07  1.5469129869057974E-03  1.0796711473858736E-02  2.2759471458449839E-04  4.4424488405569019E-07
   410   31.160000      0.0000000000000000E+00  5.3096223210353991E-07  1.7842014080281957E-03  9.5492733294454887E-03  1.8043959355699049E-04  2.7395088338435424E-07
   420   31.920000      0.0000000000000000E+00  4.2724622698082422E-07  1.9038911388296500E-03  9.3794267665245953E-03  1.5572393616935436E-04  4.7256818507414205E-07
   430   32.680000      0.0000000000000000E+00  5.4953033942801531E-07  1.9168917822962005E-03  8.3581474872546462E-03  2.0116563469730814E-04  4.3507192008246106E-07
   440   33.440000      0.0000000000000000E+00  6.6553836018660162E-07  1.9584399255657631E-03  9.8442673297535373E-03  2.4672690423246853E-04  3.5667053817134341E-07
   450   34.200000      0.0000000000000000E+00  4.1012105519681720E-07  2.0299482236642965E-03  1.1246370173271724E-02  1.9695102221632487E-04  3.9852111537353715E-07
   460   34.960000      0.0000000000000000E+00  4.9021088799089533E-07  2.0461705679679031E-03  1.0689574547493004E-02  1.6854290187020708E-04  4.9827210445399260E-07
   470   35.720000      0.0000000000000000E+00  5.4502059109748282E-07  1.9576122354877591E-03  8.3193309281511824E-03  2.0252598636992411E-04  2.3897216760211263E-07
   480   36.480000      0.0000000000000000E+00  5.2406048578412954E-07  1.9049505846618522E-03  9.0184742844786857E-03  2.1424476477254070E-04  4.5570330238866133E-07
   490   37.240000      0.0000000000000000E+00  5.6453284624366140E-07  1.9279308648558447E-03  1.0445302518499150E-02  1.9220621302901486E-04  4.3522379255275882E-07
   500   38.000000      0.0000000000000000E+00  5.3414225870543940E-07  1.9223051101561351E-03  9.8107421421263757E-03  1.9442211851579077E-04  2.9813046444673272E-07
   510   38.760000      0.0000000000000000E+00  5.4627977998033972E-07  1.8531317312306815E-03  1.1359486462417254E-02  2.1110850790357678E-04  5.2542243266905135E-07
   520   39.520000      0.0000000000000000E+00  5.1624139488815803E-07  1.9589518038635942E-03  1.4355203701009317E-02  1.9716540324983678E-04  3.7477203223851566E-07
   530   40.280000      0.0000000000000000E+00  5.9386685718856075E-07  1.9584832531828662E-03  1.2785442016747008E-02  2.0791287065167585E-04  3.4553674549292236E-07
   540   41.040000      0.0000000000000000E+00  5.3483823174837196E-07  1.9367589989074000E-03  9.2287833618715943E-03  2.0158732810200103E-04  4.5884336884819639E-07
   550   41.800000      0.0000000000000000E+00  5.6888335708936054E-07  1.8866617816856576E-03  5.2863784025174772E-03  2.2365125367853971E-04  3.3605572538884515E-07
   560   42.560000      0.0000000000000000E+00  4.9569606416166332E-07  1.8535618637316226E-03  6.2702059683950205E-03  1.9921823527240716E-04  3.2949774410771072E-07
   570   43.320000      0.0000000000000000E+00  5.2237714248010204E-07  1.8410183357124143E-03  5.1451798085757295E-03  1.9852218867890114E-04  5.3632709199615434E-07
   580   44.080000      0.0000000000000000E+00  6.5005912016669447E-07  1.9255878454685050E-03  5.5851110123311710E-03  2.3141232618432999E-04  3.1771860098590418E-07
   590   44.840000      0.0000000000000000E+00  4.5911537897346422E-07  2.1093001637600495E-03  5.2529439140030620E-03  2.3883634394521004E-04  3.7126755280014806E-07
   600   45.600000      0.0000000000000000E+00  4.5872662096956034E-07  2.2774406032573902E-03  6.6938238221483752E-03  1.9193011397668057E-04  4.7165031888402167E-07
   610   46.360000      0.0000000000000000E+00  6.0321095659875545E-07  2.4038492022827535E-03  5.2061540852120797E-03  1.8713588739505680E-04  2.7510315036443525E-07
   620   47.120000      0.0000000000000000E+00  5.1796452585454848E-07  2.6530989974364871E-03  4.7675343052343720E-03  2.9417361537102394E-04  4.0445300834498969E-07
   630   47.880000      0.0000000000000000E+00  5.2956390273596385E-07  2.8747691815229604E-03  3.8607324096373336E-03  2.4511429079631286E-04  4.9819335085905718E-07
   640   48.640000      0.0000000000000000E+00  5.4758144303772725E-07  3.0071304579608760E-03  4.2491726874297015E-03  1.7984091213865046E-04  3.5912312643905610E-07
   650   49.400000      0.0000000000000000E+00  5.4797189175415047E-07  2.9353687738051444E-03  4.2918710402305646E-03  2.1308266578687698E-04  3.5963326469897845E-07
   660   50.160000      0.0000000000000000E+00  4.6529574563362420E-07  2.9775565334474495E-03  4.3702444701985300E-03  2.7241460528567126E-04  3.8064679784056753E-07
   670   50.920000      0.0000000000000000E+00  3.7955250575185865E-07  3.0745787140004140E-03  3.6295702087484924E-03  1.9687132615727777E-04  4.1162262302708114E-07
   680   51.680000      0.0000000000000000E+00  6.1004274504273930E-07  3.1101584924821436E-03  3.7613474620036172E-03  1.8980751636340262E-04  3.6400413943678187E-07
   690   52.440000      0.0000000000000000E+00  5.6995371053933473E-07  3.2568507898504103E-03  3.6575245954479675E-03  2.8075786157613782E-04  4.6921600999266691E-07
   700   53.200000      0.0000000000000000E+00  4.0822149006479293E-07  3.6159153837820881E-03  4.0394177897929073E-03  2.4643775634763661E-04  3.7745103347329736E-07
   710   53.960000      0.0000000000000000E+00  4.8410061582718554E-07  3.8949108184373332E-03  4.5371594625613909E-03  1.8807874220436372E-04  3.2965291507964278E-07
   720   54.720000      0.0000000000000000E+00  6.0087195688931573E-07  4.1390040294420113E-03  5.0642149591102054E-03  2.4139149727651893E-04  4.3051380774977530E-07
   730   55.480000      0.0000000000000000E+00  5.5373234446531660E-07  4.4096365317896615E-03  5.0592181792835575E-03  2.9051201752151244E-04  3.0341971409748642E-07
   740   56.240000      0.0000000000000000E+00  4.5952643185788721E-07  4.7042242989617710E-03  5.7942482133261919E-03  2.1032937489191947E-04  4.6880813113058402E-07
   750   57.000000      0.0000000000000000E+00  5.3466279279902223E-07  4.9939799009037977E-03  5.1117927824893923E-03  1.8857350484097467E-04  4.3722383923201926E-07
   760   57.760000      0.0000000000000000E+00  5.6784156921722023E-07  5.4610370935784672E-03  4.7382679324948426E-03  2.9835749140432637E-04  3.0184925616944854E-07
   770   58.520000      0.0000000000000000E+00  5.2329726435043750E-07  5.9820299961839112E-03  4.9033182627579424E-03  2.5872757412385549E-04  4.0267030496603497E-07
   780   59.280000      0.0000000000000000E+00  4.9196547684821025E-07  6.3283074188279029E-03  4.0389520973626832E-03  1.8760897290576693E-04  3.7273681516009423E-07
   790   60.040000      0.0000000000000000E+00  5.2728769967511731E-07  6.7130849314190541E-03  3.7450137222976520E-03  2.7327187499257048E-04  3.2028286275089980E-07
   800   60.800000      0.0000000000000000E+00  5.5170980243774189E-07  7.2738345144830472E-03  3.4323545455964685E-03  3.4465598964103527E-04  4.2094776481841537E-07
   810   61.560000      0.0000000000000000E+00  4.9088865565188552E-07  7.9441780834725740E-03  3.9949507407709963E-03  2.0928906628795780E-04  4.3731506924007260E-07
   820   62.320000      0.0000000000000000E+00  5.8563692138470886E-07  8.4131115974408026E-03  2.8140570838131821E-03  2.3406682648518054E-04  2.9755720525945831E-07
   830   63.080000      0.0000000000000000E+00  4.3780130033768177E-07  9.2214105315863854E-03  3.4715400399548614E-03  3.6257826887815521E-04  4.1499366648630882E-07
   840   63.840000      0.0000000000000000E+00  5.0206151123582526E-07  1.0260991456455468E-02  2.6337715006535031E-03  2.8881828779954677E-04  3.7716935578360508E-07
   850   64.600000      0.0000000000000000E+00  6.3546682404791351E-07  1.0954592213991384E-02  2.2689259135792311E-03  2.1252353089244133E-04  3.1858363792430670E-07
   860   65.360000      0.0000000000000000E+00  6.6928312156323314E-07  1.1642959541641408E-02  1.9304735773841334E-03  3.3667846608055531E-04  3.6859566964301936E-07
   870   66.120000      0.0000000000000000E+00  5.3207375091676295E-07  1.2738150126933089E-02  1.8911766339625362E-03  3.8054991621763257E-04  4.2576894127831973E-07
   880   66.880000      0.0000000000000000E+00  5.2568068553785833E-07  1.3432869144093276E-02  1.5810167857520691E-03  2.3330483669107654E-04  3.3400134299971238E-07
   890   67.640000      0.0000000000000000E+00  6.0505868572610151E-07  1.3843415554147517E-02  1.5853249436207741E-03  2.6593181945669435E-04  3.8119405695058123E-07
   900   68.400000      0.0000000000000000E+00  5.7256476997158991E-07  1.4768451250247538E-02  1.5044441470862490E-03  4.2787781695032912E-04  3.3600209084302325E-07
   910   69.160000      0.0000000000000000E+00  5.2919452469424598E-07  1.6077236199900563E-02  1.2436310276885067E-03  3.3494284210416284E-04  3.1978760344672488E-07
   920   69.920000      0.0000000000000000E+00  5.5584502591166855E-07  1.6786597828315979E-02  1.5340837946745188E-03  2.1303714663002904E-04  4.4349689753386130E-07
   930   70.680000      0.0000000000000000E+00  6.3117416414222930E-07  1.7082779733466780E-02  1.2818703716079263E-03  3.6833028342948945E-04  3.5351356908244380E-07
   940   71.440000      0.0000000000000000E+00  5.7386802242029115E-07  1.8147647179855640E-02  1.2402995797492862E-03  4.3224188258781911E-04  2.8503997322069467E-07
   950   72.200000      0.0000000000000000E+00  5.1285817250276899E-07  1.9352340055012678E-02  1.4721014326073930E-03  2.9789129074817824E-04  4.0746229175859744E-07
   960   72.960000      0.0000000000000000E+00  6.1715416661551583E-07  1.9986308764035648E-02  1.2959844287354443E-03  2.9283227218455986E-04  2.8400077255478392E-07
   970   73.720000      0.0000000000000000E+00  5.7194995219238365E-07  2.0958677371432661E-02  1.2769800485595880E-03  4.3566675808008148E-04  3.3163116285374700E-07
   980   74.480000      0.0000000000000000E+00  6.4306712317866074E-07  2.2067422687821001E-02  1.2429512612920819E-03  3.7256227347753874E-04  4.0022373143883062E-07
   990   75.240000      0.0000000000000000E+00  5.8433533951637885E-07  2.2409142140996714E-02  1.1345967101860637E-03  2.5789788652602890E-04  3.3289438308292789E-07
  1000   76.000000      0.0000000000000000E+00  6.9706756230823987E-07  2.2793354918033894E-02  1.1756399474140752E-03  3.6435949536691402E-04  3.0668507450185487E-07
  1010   76.760000      0.0000000000000000E+00  6.6635081486038089E-07  2.4092505186433924E-02  1.1162186530631526E-03  4.8160388679129794E-04  3.6787605033820273E-07
  1020   77.520000      0.0000000000000000E+00  6.4346011046996405E-07  2.5113247737431586E-02  1.0978123560953276E-03  3.3822857967609899E-04  2.9260169212429198E-07
  1030   78.280000      0.0000000000000000E+00  5.0435432854664353E-07  2.5390157706587514E-02  9.3761106120044204E-04  3.2571468547801219E-04  3.2890999453416246E-07
  1040   79.040000      0.0000000000000000E+00  5.8883421126519393E-07  2.6120682039493439E-02  8.4690560703695695E-04  5.1148028017654063E-04  3.8530096802460785E-07
  1050   79.800000      0.0000000000000000E+00  6.0872797230988385E-07  2.7025144490666023E-02  8.7062219364171945E-04  4.6953847145975294E-04  3.0778930487314411E-07
  1060   80.560000      0.0000000000000000E+00  5.8225906135355924E-07  2.7101140926153369E-02  7.9471497959720898E-04  3.0630706062031868E-04  3.1821503684307301E-07
  1070   81.320000      0.0000000000000000E+00  5.6734035656490905E-07  2.7419345581389941E-02  6.3685490053621240E-04  4.3726528681673756E-04  3.7343655309647020E-07
  1080   82.080000      0.0000000000000000E+00  5.3846000558014640E-07  2.8648201564152376E-02  1.1564264188382400E-03  5.6508883576922059E-04  2.5501697904995267E-07
  1090   82.840000      0.0000000000000000E+00  4.9601171704827541E-07  2.9563255557317418E-02  1.0753850432297261E-03  3.6761007768442724E-04  3.2681373300059942E-07
  1100   83.600000      0.0000000000000000E+00  5.8687249379434581E-07  3.0012906366766789E-02  7.5376996242712058E-04  4.2544518540181021E-04  3.9822245029505267E-07
  1110   84.360000      0.0000000000000000E+00  6.8577011219959121E-07  3.0791675385076725E-02  1.0528092701740104E-03  6.0276243535412023E-04  2.3432901208047419E-07
  1120   85.120000      0.0000000000000000E+00  5.6344373337644422E-07  3.1494910482187277E-02  1.6705410913432708E-03  5.1858530527954265E-04  3.8456419054292875E-07
  1130   85.880000      0.0000000000000000E+00  5.4098132346397913E-07  3.2364488764597299E-02  1.8606369694445788E-03  4.7382391835024509E-04  3.2996337874593951E-07
  1140   86.640000      0.0000000000000000E+00  6.2646650720588523E-07  3.3334619716023375E-02  1.7969032385546475E-03  5.2545289030336731E-04  2.3388505503223100E-07
  1150   87.400000      0.0000000000000000E+00  5.6767148787908033E-07  3.4347516391236309E-02  1.8120369895843389E-03  5.5417290365696948E-04  3.1931191906074660E-07
  1160   88.160000      0.0000000000000000E+00  5.4367434791325228E-07  3.5260819594120058E-02  2.3988701403111655E-03  5.5423616937473684E-04  3.6462602995115611E-07
  1170   88.920000      0.0000000000000000E+00  6.6162590630434148E-07  3.6303613335171042E-02  2.4259979913167922E-03  5.3097640316946402E-04  2.8770637556337951E-07
  1180   89.680000      0.0000000000000000E+00  6.6520902278216601E-07  3.7607767670428525E-02  2.2958168400194958E-03  6.0547154127658888E-04  3.2576707197494551E-07
  1190   90.440000      0.0000000000000000E+00  5.5785018627739241E-07  3.8887713871620766E-02  2.0075237024707675E-03  5.4629122125962289E-04  3.6008474158856674E-07
  1200   91.200000      0.0000000000000000E+00  4.7370157226127589E-07  3.9422217378340570E-02  1.9105788469821116E-03  6.1234535479638284E-04  1.9451017221366179E-07
  1210   91.960000      0.0000000000000000E+00  6.5641604516652514E-07  4.0483611169065001E-02  2.5116205629089720E-03  6.6384231610835866E-04  3.7917828193181776E-07
  1220   92.720000      0.0000000000000000E+00  6.5801559635354321E-07  4.1670545536234484E-02  2.2117514882942506E-03  6.1454225414388653E-04  2.6485082202672506E-07
  1230   93.480000      0.0000000000000000E+00  6.3090810733154356E-07  4.2596405600372533E-02  1.8098691699173419E-03  5.6789898994986357E-04  2.5886798843392402E-07
  1240   94.240000      0.0000000000000000E+00  5.2430357233972855E-07  4.3310925565781311E-02  2.0346692527233538E-03  5.8643233215948201E-04  3.7041324235648181E-07
  1250   95.000000      0.0000000000000000E+00  5.0191686148607227E-07  4.4527332956156698E-02  3.0859999284759904E-03  6.3503953973396239E-04  2.1637055387609538E-07
  1260   95.760000      0.0000000000000000E+00  5.3717095568626229E-07  4.6028201379349154E-02  1.5352550759880808E-03  5.5450322494485888E-04  2.1168622430979057E-07
  1270   96.520000      0.0000000000000000E+00  6.4754449669827182E-07  4.6793918509829030E-02  2.9625843340757175E-03  4.6754786614812221E-04  2.9400381923982732E-07
  1280   97.280000      0.0000000000000000E+00  5.1448322762374293E-07  4.7170622295534224E-02  2.1297111830752406E-03  5.1842329483559003E-04  2.7394898075310233E-07
  1290   98.040000      0.0000000000000000E+00  6.5074774700066572E-07  4.7654699273802378E-02  2.1413298730651319E-03  5.5968589512697751E-04  2.0878431229053597E-07
  1300   98.800000      0.0000000000000000E+00  5.1884543892118357E-07  4.7957769513468945E-02  2.4240989554540761E-03  4.3442982198646404E-04  3.6806656556370071E-07
  1310   99.560000      0.0000000000000000E+00  4.7574988816585432E-07  4.7549381620250054E-02  1.5650388732872536E-03  4.2281293950400319E-04  2.0479949243558113E-07
  1320   100.32000      0.0000000000000000E+00  4.6067537769665774E-07  4.7363061448514474E-02  2.0426168197686780E-03  5.4613627023923921E-04  2.0336985601881319E-07
  1330   101.08000      0.0000000000000000E+00  4.6926141379009121E-07  4.7628999469821923E-02  1.3854707013815503E-03  5.5207851324128444E-04  3.3046465294476572E-07
  1340   101.84000      0.0000000000000000E+00  4.9906621262447351E-07  4.7710007090032050E-02  1.5817172823319949E-03  4.5686139728554087E-04  1.8921474673394012E-07
  1350   102.60000      0.0000000000000000E+00  4.9380015332590711E-07  4.7742154644070493E-02  2.1963577055096788E-03  4.9249071300589092E-04  2.3300632061637469E-07
  1360   103.36000      0.0000000000000000E+00  4.7245001604039985E-07  4.8230662489531957E-02  2.1207556907971077E-03  5.3560994346208931E-04  3.2170689028711636E-07
  1370   104.12000      0.0000000000000000E+00  4.4299164817118893E-07  4.8757292580489699E-02  2.3748180673234349E-03  5.6379832699440064E-04  1.8746802566184955E-07
  1380   104.88000      0.0000000000000000E+00  4.9069890966521265E-07  4.8955433022308495E-02  2.3823366551398587E-03  4.8178002293568147E-04  2.3451132462455563E-07
  1390   105.64000      0.0000000000000000E+00  5.1076036503165103E-07  4.9102770792277789E-02  3.2898118478473749E-03  4.4867398661051412E-04  2.9724525661036431E-07
  1400   106.40000      0.0000000000000000E+00  4.8638562781733933E-07  4.9789869671413821E-02  2.6154818412492033E-03  5.8225611514702198E-04  1.7879356431779815E-07
  1410   107.16000      0.0000000000000000E+00  5.2693732818500351E-07  5.0826708283586014E-02  2.2887276309056770E-03  5.4372713897220325E-04  2.3206111407342065E-07
  1420   107.92000      0.0000000000000000E+00  4.5272882299107007E-07  5.2042549585339368E-02  1.9294522635210343E-03  4.0628487226310482E-04  3.4445343262515828E-07
  1430   108.68000      0.0000000000000000E+00  5.2662003694877062E-07  5.3526859165253293E-02  2.0693385354657017E-03  4.8698448847701484E-04  1.6147912032677602E-07
  1440   109.44000      0.0000000000000000E+00  4.6823479787510101E-07  5.5560361458503731E-02  1.5065321725494774E-03  5.4688541539611648E-04  2.2864497102137130E-07
  1450   110.20000      0.0000000000000000E+00  4.7926220575931487E-07  5.7581675495242610E-02  1.4478940579641878E-03  4.2895701504765246E-04  2.7609274693628490E-07
  1460   110.96000      0.0000000000000000E+00  4.2527615319042590E-07  5.9120894751665751E-02  1.5161023802190590E-03  4.0906654261343523E-04  1.8184551480920018E-07
  1470   111.72000      0.0000000000000000E+00  4.7991705242030291E-07  6.0281440258429894E-02  1.4573727859336517E-03  4.5718518327774507E-04  2.6175673610423116E-07
  1480   112.48000      0.0000000000000000E+00  4.5328678887279461E-07  6.1273895278603843E-02  1.1112650619700161E-03  4.7630779283570868E-04  3.3082103642399663E-07
  1490   113.24000      0.0000000000000000E+00  4.6806696366510507E-07  6.2021882943241610E-02  1.3779379228064613E-03  4.6908426629761876E-04  1.7657829962409428E-07
  1500   114.00000      0.0000000000000000E+00  4.9542561140721162E-07  6.2622444146875247E-02  1.0039172399106499E-03  4.5401303208952989E-04  2.5367628788619410E-07
  1510   114.76000      0.0000000000000000E+00  5.1985289195605730E-07  6.3275233879463488E-02  1.4338489923449381E-03  5.2533568392330290E-04  2.3813865090251206E-07
  1520   115.52000      0.0000000000000000E+00  4.8423607933232180E-07  6.3885301602228897E-02  9.4758592715686206E-04  5.2695309784912153E-04  1.7635727252765457E-07
  1530   116.28000      0.0000000000000000E+00  4.7993256699316077E-07  6.3872589145137479E-02  1.1384889300467135E-03  5.2279299190250729E-04  2.5616869914760517E-07
  1540   117.04000      0.0000000000000000E+00  5.3306282268021548E-07  6.4321677427273946E-02  1.0581104794317267E-03  5.7605028339492020E-04  3.4548792729158935E-07
  1550   117.80000      0.0000000000000000E+00  4.9058374219611524E-07  6.4233213851711560E-02  1.2494769795318729E-03  6.0305437912690338E-04  1.6990058541522665E-07
  1560   118.56000      0.0000000000000000E+00  4.9273548814157832E-07  6.3821881430507252E-02  8.6999114810251959E-04  5.5475123828874510E-04  2.2048343189421327E-07
  1570   119.32000      0.0000000000000000E+00  4.7593087109165821E-07  6.3254655948306468E-02  1.1060749387391360E-03  6.0976395587006250E-04  2.4135434677415510E-07
  1580   120.08000      0.0000000000000000E+00  4.2804709843650946E-07  6.3033993347184944E-02  1.2606502486375770E-03  7.0602995324918580E-04  1.7575827051871689E-07
  1590   120.84000      0.0000000000000000E+00  5.0210932477961661E-07  6.2434882839693291E-02  1.2252180867466142E-03  6.0557410815231978E-04  3.4089118091393370E-07
  1600   121.60000      0.0000000000000000E+00  4.9106828643582025E-07  6.1107435526576007E-02  9.7938753694030143E-04  5.9897252395053771E-04  2.8536012007706985E-07
  1610   122.36000      0.0000000000000000E+00  4.8827915997339570E-07  6.0070276049160723E-02  1.3078628350976299E-03  7.5271402811953895E-04  1.7951505558315001E-07
  1620   123.12000      0.0000000000000000E+00  4.2727968028611121E-07  5.9731068566436007E-02  1.0558726451297912E-03  7.8057399448734134E-04  2.4523120881123577E-07
  1630   123.88000      0.0000000000000000E+00  4.7622580218991383E-07  6.0125264192386771E-02  1.5321801328840559E-03  6.5802827574620512E-04  2.1216231716438305E-07
  1640   124.64000      0.0000000000000000E+00  4.9689239463589760E-07  6.0374017003233096E-02  1.2422462209836049E-03  6.9242673217217630E-04  2.1475187516131495E-07
  1650   125.40000      0.0000000000000000E+00  5.6224230810556089E-07  6.0835724564202845E-02  1.3054679768977233E-03  7.8251906272131812E-04  2.9837716767156123E-07
  1660   126.16000      0.0000000000000000E+00  4.9407686564496191E-07  6.0700336733951900E-02  1.5806866385168871E-03  7.7786708637883227E-04  2.8072751678214645E-07
  1670   126.92000      0.0000000000000000E+00  4.0207227426206007E-07  5.9812039606314232E-02  2.2628315201079505E-03  7.2866136172505998E-04  1.6291347113236090E-07
  1680   127.68000      0.0000000000000000E+00  4.7164276839148056E-07  5.7644676931015708E-02  2.6167883534633481E-03  7.5440661419744703E-04  2.3297909582537020E-07
  1690   128.44000      0.0000000000000000E+00  4.3390540240682161E-07  5.4813989582514357E-02  3.1614588377550483E-03  8.8208678467705133E-04  2.2841894345105800E-07
  1700   129.20000      0.0000000000000000E+00  4.5291970296814705E-07  5.2047289911979239E-02  2.5339139716748071E-03  8.8633522114198561E-04  2.0572945976876649E-07
  1710   129.96000      0.0000000000000000E+00  4.9029590911373850E-07  4.9435904450459499E-02  2.3484906567898711E-03  7.2332199716773095E-04  3.4981462869471031E-07
  1720   130.72000      0.0000000000000000E+00  5.1767211625800412E-07  4.8018371249999095E-02  2.6524015252341808E-03  6.1021832395260231E-04  2.2639388752850345E-07
  1730   131.48000      0.0000000000000000E+00  4.2329470052806922E-07  4.8122878324142131E-02  2.7974166842381319E-03  6.1849119187293723E-04  1.8342825404444804E-07
  1740   132.24000      0.0000000000000000E+00  4.7205758649419506E-07  4.7739795757618025E-02  3.3872532769827221E-03  5.2924089569427910E-04  2.4385482115216218E-07
  1750   133.00000      0.0000000000000000E+00  4.8401875842946509E-07  4.6534356656147205E-02  3.8415946987135248E-03  4.7658172488693776E-04  2.2412071182028776E-07
  1760   133.76000      0.0000000000000000E+00  4.2526755633293749E-07  4.5602680128674189E-02  3.8814465156376153E-03  6.0093786044836865E-04  2.1262030971202369E-07
  1770   134.52000      0.0000000000000000E+00  4.7957188379810091E-07  4.5511163463175339E-02  3.6296107564411685E-03  7.3763053275322909E-04  3.2818406004691522E-07
  1780   135.28000      0.0000000000000000E+00  5.1677382749841388E-07  4.5649462266275434E-02  3.9854480383056320E-03  7.0719948780309007E-04  2.0790716780081074E-07
  1790   136.04000      0.0000000000000000E+00  4.3521354477690093E-07  4.6098585736058580E-02  3.7094801485699565E-03  6.2695224800872408E-04  2.1312422337466132E-07
  1800   136.80000      0.0000000000000000E+00  4.5287996578125385E-07  4.7301954347739802E-02  3.8975277207852228E-03  6.9844079864518854E-04  2.6329464227522094E-07
  1810   137.56000      0.0000000000000000E+00  4.8340208838878056E-07  4.9096052810055996E-02  3.3874271588930048E-03  7.4135914955281580E-04  2.0182177238977781E-07
  1820   138.32000      0.0000000000000000E+00  4.4127190450868040E-07  5.0569910612711308E-02  3.2945243494698359E-03  6.7795463871781478E-04  2.4096093534805750E-07
  1830   139.08000      0.0000000000000000E+00  4.4410588052865344E-07  5.1616162551817876E-02  2.7450761899061732E-03  6.0169252847198386E-04  3.1430712182995666E-07
  1840   139.84000      0.0000000000000000E+00  4.8779934755557672E-07  5.2663349656587095E-02  2.3540988349606217E-03  6.1309916651771810E-04  2.3527560717270266E-07
  1850   140.60000      0.0000000000000000E+00  4.5926321647190012E-07  5.3590360406706908E-02  3.0160502671185262E-03  6.3805504654692994E-04  2.1123878910754222E-07
  1860   141.36000      0.0000000000000000E+00  4.3357854602337871E-07  5.4221100404468384E-02  2.7379484181283267E-03  6.6006264692540517E-04  2.2886160493428967E-07
  1870   142.12000      0.0000000000000000E+00  4.5613300198585966E-07  5.4889937811709366E-02  2.7278105041971118E-03  6.1363947712997195E-04  2.3183576558034328E-07
  1880   142.88000      0.0000000000000000E+00  4.9696303840685960E-07  5.5826941444037950E-02  2.5095085945129438E-03  6.0552060772106695E-04  2.1187091930311953E-07
  1890   143.64000      0.0000000000000000E+00  4.5782748092836254E-07  5.7052643658410104E-02  3.4321919489585235E-03  6.3214126469227582E-04  3.2585313852406095E-07
  1900   144.40000      0.0000000000000000E+00  4.2017407338737282E-07  5.8757631153341865E-02  3.2058629869776579E-03  6.3250713195594599E-04  2.2444574139663282E-07
  1910   145.16000      0.0000000000000000E+00  4.7591342991683850E-07  6.0860906362108558E-02  2.8589033485780855E-03  6.0343397337740256E-04  2.0640001432185584E-07
  1920   145.92000      0.0000000000000000E+00  4.7303931573155987E-07  6.2874292165971332E-02  2.8755000962716213E-03  6.4101357792177788E-04  2.5290291743189394E-07
  1930   146.68000      0.0000000000000000E+00  4.2507528995048940E-07  6.4611405692012985E-02  2.8866118574045717E-03  6.3391867390253905E-04  1.8144895031986979E-07
  1940   147.44000      0.0000000000000000E+00  4.6355480238213790E-07  6.5902048621558920E-02  2.9495227437159694E-03  5.8807350926510507E-04  2.7570215912599764E-07
  1950   148.20000      0.0000000000000000E+00  5.5671394867759405E-07  6.6727061791961265E-02  2.8256641398562831E-03  5.6210471896810425E-04  3.0034613955328423E-07
  1960   148.96000      0.0000000000000000E+00  5.0990128290199530E-07  6.7261525237564554E-02  2.7770399270693460E-03  5.8840925260700554E-04  2.1345975508823756E-07
  1970   149.72000      0.0000000000000000E+00  4.4445668818760901E-07  6.7414242000196856E-02  2.2742121598651262E-03  6.3058772954723507E-04  2.4223681160666798E-07
  1980   150.48000      0.0000000000000000E+00  4.8700658712817104E-07  6.7652549316048444E-02  1.7214994222874587E-03  6.2306352771589549E-04  2.1541475616058754E-07
  1990   151.24000      0.0000000000000000E+00  4.2488905903524146E-07  6.7941733645017738E-02  1.6163673134927991E-03  5.7072501981290534E-04  2.0376055730277492E-07
  2000   152.00000      0.0000000000000000E+00  4.4223687257757065E-07  6.8642447588843553E-02  2.0007132606575414E-03  5.0134159862071158E-04  3.1790862396064738E-07
  2010   152.76000      0.0000000000000000E+00  5.6759758115874804E-07  6.9002058825617385E-02  1.6598371881417682E-03  5.1830780770516368E-04  2.4071003859335984E-07
  2020   153.52000      0.0000000000000000E+00  5.5076470951729485E-07  6.9195614121061857E-02  1.8790065482635837E-03  5.5293673557646841E-04  1.9714185843869096E-07
  2030   154.28000      0.0000000000000000E+00  5.2112701934095262E-07  6.9736193028627186E-02  1.6932086583245362E-03  5.1244109203966721E-04  2.7900152380061355E-07
  2040   155.04000      0.0000000000000000E+00  4.7708413025152949E-07  7.0369770524611977E-02  2.1256702783977602E-03  4.8452578648966167E-04  1.9670141960649210E-07
  2050   155.80000      0.0000000000000000E+00  5.8814332561152228E-07  7.0781797073511177E-02  1.5776137526390026E-03  5.5957656251218277E-04  2.1955196609294875E-07
  2060   156.56000      0.0000000000000000E+00  5.5708572405754384E-07  7.1985908161457654E-02  1.9243468998807686E-03  6.6549967508497214E-04  2.9986620909013501E-07
  2070   157.32000      0.0000000000000000E+00  6.8290078303790646E-07  7.3923764304342346E-02  1.8137287863197967E-03  6.7414510368570403E-04  2.1388799487476051E-07
  2080   158.08000      0.0000000000000000E+00  7.2801979305546517E-07  7.5891286739822747E-02  1.6261421365966976E-03  6.4714896794814357E-04  1.7676777345644931E-07
  2090   158.84000      0.0000000000000000E+00  6.1502339881475983E-07  7.8471346659112637E-02  1.2952777030974332E-03  7.4436231830761349E-04  2.9290688780380275E-07
  2100   159.60000      0.0000000000000000E+00  6.1560004053164999E-07  8.2457015029836767E-02  1.5692968384477656E-03  8.9222570229557886E-04  1.8120955444270586E-07
  2110   160.36000      0.0000000000000000E+00  5.0950715766065359E-07  8.6936641997115413E-02  1.6220427036359843E-03  8.1438078896108870E-04  2.5705256784468670E-07
  2120   161.12000      0.0000000000000000E+00  5.8888215256859293E-07  9.1436759531775658E-02  1.7930119328448115E-03  7.5681252839561659E-04  2.4347317597857655E-07
  2130   161.88000      0.0000000000000000E+00  6.5059022028642859E-07  9.5866990528706120E-02  1.7792710763699323E-03  8.1817399824951652E-04  1.7556648450936989E-07
  2140   162.64000      0.0000000000000000E+00  5.5089866159253174E-07  9.9598493147293174E-02  1.7892144002214444E-03  8.3989916936930338E-04  2.5969138328642907E-07
  2150   163.40000      0.0000000000000000E+00  6.4431984309789372E-07  1.0216935357664922E-01  2.3594342405669744E-03  7.3994098725605362E-04  2.3220482613643002E-07
  2160   164.16000      0.0000000000000000E+00  5.7683045223481379E-07  1.0365000430760749E-01  2.5242109417818858E-03  7.5210379979228389E-04  2.0358777852811014E-07
  2170   164.92000      0.0000000000000000E+00  6.4268457108373349E-07  1.0502422081202127E-01  2.6809219280321678E-03  8.0643078281732031E-04  2.4399909709573020E-07
  2180   165.68000      0.0000000000000000E+00  6.9704970221982701E-07  1.0579803264760085E-01  2.4204985065353589E-03  8.0561541384936003E-04  2.2820183224026732E-07
  2190   166.44000      0.0000000000000000E+00  5.9944700642128092E-07  1.0641662640374014E-01  2.6903336395713278E-03  7.4614683728986390E-04  1.7268608258743526E-07
  2200   167.20000      0.0000000000000000E+00  5.4032149181784225E-07  1.0659952560684086E-01  2.4281303470853411E-03  7.5428686626723726E-04  2.9748989716072460E-07
  2210   167.96000      0.0000000000000000E+00  5.0475013336583488E-07  1.0689196882442444E-01  2.9031659885497218E-03  8.6163781993126715E-04  2.1376518273081482E-07
  2220   168.72000      0.0000000000000000E+00  5.5301798032517239E-07  1.0721700749509516E-01  3.0836464742846439E-03  8.7445028654989246E-04  1.7283766007564723E-07
  2230   169.48000      0.0000000000000000E+00  4.7046966779281872E-07  1.0721524793848329E-01  3.0671263956879701E-03  8.1138541874512741E-04  3.0443073058931564E-07
  2240   170.24000      0.0000000000000000E+00  4.9545014017553724E-07  1.0689814040294253E-01  2.7876000012830846E-03  8.1168914432244406E-04  1.5880234747130635E-07
  2250   171.00000      0.0000000000000000E+00  5.0827709288817110E-07  1.0697918713534943E-01  3.1625147144988112E-03  9.1013337890699512E-04  2.1949214617299729E-07
  2260   171.76000      0.0000000000000000E+00  4.9027393117298655E-07  1.0674365258575952E-01  3.3149485545657300E-03  9.7190952058484581E-04  2.5213660178060056E-07
  2270   172.52000      0.0000000000000000E+00  5.1249073034649196E-07  1.0627164304171441E-01  3.9844881501144951E-03  9.1248810385439550E-04  2.1812520865323582E-07
  2280   173.28000      0.0000000000000000E+00  4.7383968891704223E-07  1.0653881488941888E-01  4.3510441131773166E-03  9.0940706218609990E-04  2.0954377328647545E-07
  2290   174.04000      0.0000000000000000E+00  5.3743240912058887E-07  1.0743132438481838E-01  4.7493869325423597E-03  8.8397251609045652E-04  2.6850766521481165E-07
  2300   174.80000      0.0000000000000000E+00  4.5257073430941796E-07  1.0797384405498178E-01  6.0053587531993698E-03  8.4944352096890567E-04  1.3949039054422476E-07
  2310   175.56000      0.0000000000000000E+00  4.8750387698095772E-07  1.0745383753554705E-01  7.1199272893635191E-03  7.8521637626814147E-04  2.4293695053599877E-07
  2320   176.32000      0.0000000000000000E+00  4.7996209467063420E-07  1.0680336358343819E-01  7.9994809117769124E-03  7.4052699698761565E-04  2.2424015282665847E-07
  2330   177.08000      0.0000000000000000E+00  4.7648858944010648E-07  1.0557575897873371E-01  8.2266164954880837E-03  6.6062963901775487E-04  1.6086018839711262E-07
  2340   177.84000      0.0000000000000000E+00  4.4997636138824877E-07  1.0411441472847649E-01  9.8727197128381551E-03  7.0218778974783316E-04  2.6417872461091373E-07
  2350   178.60000      0.0000000000000000E+00  5.2020473846228935E-07  1.0288096560439454E-01  1.0038625655306527E-02  7.2267551726099910E-04  1.8443518203382697E-07
  2360   179.36000      0.0000000000000000E+00  5.3164625511728939E-07  1.0180938061580046E-01  1.0105987818906426E-02  6.2788042229878984E-04  1.7276182768011613E-07
  2370   180.12000      0.0000000000000000E+00  4.9031269087689644E-07  1.0021979926712529E-01  1.0188400583346391E-02  6.3783549354058775E-04  2.5851846900611803E-07
  2380   180.88000      0.0000000000000000E+00  5.5610997979205781E-07  9.8216795029417603E-02  1.0186942458484062E-02  7.5837197611787564E-04  2.0020471065377655E-07
  2390   181.64000      0.0000000000000000E+00  5.4980624193858810E-07  9.7031626788274525E-02  9.2348992004426100E-03  7.1219587982433166E-04  2.0541477833706914E-07
  2400   182.40000      0.0000000000000000E+00  4.8839034049209571E-07  9.5983342869645188E-02  9.2290668740303682E-03  6.3580977246365314E-04  1.9677777070927479E-07
  2410   183.16000      0.0000000000000000E+00  5.3230714678126894E-07  9.4737989065130784E-02  1.1525242206040481E-02  7.3250102990477103E-04  1.9301598516680004E-07
  2420   183.92000      0.0000000000000000E+00  4.9910175184707118E-07  9.4002002854943353E-02  1.1181659780315226E-02  8.3542316649527792E-04  1.8187603333326016E-07
  2430   184.68000      0.0000000000000000E+00  5.6553700626615470E-07  9.3602446539563594E-02  1.1958248212208235E-02  7.9385892778261391E-04  2.3898753196448904E-07
  2440   185.44000      0.0000000000000000E+00  5.2171470593651425E-07  9.2990865826473035E-02  1.4392992279775056E-02  7.7858256580918617E-04  1.9052022299055987E-07
  2450   186.20000      0.0000000000000000E+00  6.5976199007587509E-07  9.2421378176468214E-02  1.4209153331373122E-02  8.5764991716467964E-04  1.8359125495416569E-07
  2460   186.96000      0.0000000000000000E+00  6.3820748231142873E-07  9.1790026989645931E-02  1.0916654275227968E-02  8.9583593873364929E-04  1.8007517418404049E-07
  2470   187.72000      0.0000000000000000E+00  6.0045571619364263E-07  9.1455095773239209E-02  1.0100607045647057E-02  8.1540279997545828E-04  1.9492821170309556E-07
  2480   188.48000      0.0000000000000000E+00  5.7452320582644016E-07  9.0554872669303413E-02  1.3114392891453708E-02  7.9545358374302451E-04  2.2019542817540751E-07
  2490   189.24000      0.0000000000000000E+00  5.2886989722696480E-07  8.9197735360620534E-02  1.1324720023974715E-02  7.8472606493443047E-04  2.0010651996745057E-07
  2500   190.00000      0.0000000000000000E+00  5.9544769921059893E-07  8.8058622956391858E-02  1.0418071248110852E-02  8.4003293438516310E-04  2.3112442467287292E-07
  2510   190.76000      0.0000000000000000E+00  5.9902709449529799E-07  8.6698920710152477E-02  1.1478255143395542E-02  7.7502466591664032E-04  1.4911264333075831E-07
  2520   191.52000      0.0000000000000000E+00  5.8244314754294881E-07  8.5458027854965646E-02  1.0697621870697886E-02  6.7169428787741442E-04  2.2085977638956473E-07
  2530   192.28000      0.0000000000000000E+00  6.0035135313952362E-07  8.4464656191546181E-02  9.8088881525118070E-03  8.0560380255313246E-04  2.1285987343096515E-07
  2540   193.04000      0.0000000000000000E+00  6.3748895167779903E-07  8.3632112310828358E-02  7.8156123947343906E-03  9.4125301592901274E-04  1.9524388515936780E-07
  2550   193.80000      0.0000000000000000E+00  5.6341523209150154E-07  8.3154061356735365E-02  9.6268942540051385E-03  7.6002347232765818E-04  2.2519444501093350E-07
  2560   194.56000      0.0000000000000000E+00  5.6438025692410427E-07  8.2861593804417988E-02  1.0055354782109919E-02  6.8059415730811063E-04  1.6102486885316343E-07
  2570   195.32000      0.0000000000000000E+00  5.5200346674273603E-07  8.2637869336995087E-02  9.0451764627360719E-03  9.0681565492856542E-04  1.7678605051046435E-07
  2580   196.08000      0.0000000000000000E+00  5.6182257088166113E-07  8.2902015002352475E-02  9.0421957705354560E-03  9.7560510577964345E-04  2.6121015945595407E-07
  2590   196.84000      0.0000000000000000E+00  6.1850447647156582E-07  8.3208550232944711E-02  7.7508118831152491E-03  7.9731453397504737E-04  1.6653538593827718E-07
  2600   197.60000      0.0000000000000000E+00  6.1123861068795841E-07  8.3018334629944901E-02  7.6874919712270930E-03  7.9919727090861322E-04  1.8511009542569506E-07
  2610   198.36000      0.0000000000000000E+00  5.8280547548564773E-07  8.3191955489836100E-02  9.6153571259483053E-03  1.0150696161919806E-03  2.6126918465199674E-07
  2620   199.12000      0.0000000000000000E+00  5.5393167692105328E-07  8.3536633579071429E-02  8.1509767510301208E-03  9.9196022023601027E-04  1.2133685654917866E-07
  2630   199.88000      0.0000000000000000E+00  5.7948314967527900E-07  8.3269287759593247E-02  7.2628875341164394E-03  7.8512067596926867E-04  2.5112485821629122E-07
  2640   200.64000      0.0000000000000000E+00  5.5933377530447214E-07  8.2938042146828039E-02  7.1058438610047733E-03  8.2979525548442781E-04  2.0595262178095971E-07
  2650   201.40000      0.0000000000000000E+00  5.4485358408399914E-07  8.2867736270175338E-02  4.9613645831869937E-03  9.8944169582102707E-04  1.7153640017344694E-07
  2660   202.16000      0.0000000000000000E+00  5.6813936518681998E-07  8.2742995017082141E-02  4.9616460152745925E-03  9.3777765648573176E-04  2.0634444024914674E-07
  2670   202.92000      0.0000000000000000E+00  6.2435672100935074E-07  8.2849743531525785E-02  4.5650679829896167E-03  7.4545096247616023E-04  1.9378550769050618E-07
  2680   203.68000      0.0000000000000000E+00  5.1165678206065671E-07  8.3165837791646352E-02  5.3396811282776322E-03  7.9158432863636976E-04  1.4967146957338823E-07
  2690   204.44000      0.0000000000000000E+00  6.2513494519118834E-07  8.3867126746603432E-02  7.0769363396546653E-03  9.3337274059039285E-04  2.4759341451692198E-07
  2700   205.20000      0.0000000000000000E+00  6.0900897776464996E-07  8.4383751063391035E-02  7.1126864760871385E-03  9.1584535990339201E-04  1.6976370862006630E-07
  2710   205.96000      0.0000000000000000E+00  5.9703350390026457E-07  8.4605807606699918E-02  6.2753989949040807E-03  8.1347465501659154E-04  1.9309129404310950E-07
  2720   206.72000      0.0000000000000000E+00  6.4992550804549679E-07  8.5185143545458572E-02  4.3080972313365032E-03  8.1895562859005523E-04  1.8947681235533207E-07
  2730   207.48000      0.0000000000000000E+00  6.4206384525560256E-07  8.5682688378029059E-02  3.9823600868999177E-03  9.4388773483826990E-04  2.2753837132115829E-07
  2740   208.24000      0.0000000000000000E+00  7.3055685684797032E-07  8.6440146326185546E-02  4.8509618951019223E-03  9.7599708252873324E-04  1.3566956731016482E-07
  2750   209.00000      0.0000000000000000E+00  7.3627379367862899E-07  8.6993922720083244E-02  3.4226536361535481E-03  8.4298530473436728E-04  2.3725111096510334E-07
  2760   209.76000      0.0000000000000000E+00  7.0656762402932652E-07  8.7348526536090182E-02  3.7448662710070019E-03  8.4883147742105677E-04  1.9177041550660993E-07
  2770   210.52000      0.0000000000000000E+00  7.7304061936409321E-07  8.7831792045781482E-02  3.8127554771577132E-03  9.2786934115144976E-04  1.5200254264788295E-07
  2780   211.28000      0.0000000000000000E+00  7.8534027591510603E-07  8.8232167321475166E-02  3.3435871447868187E-03  9.8141825024049712E-04  2.1579893441176377E-07
  2790   212.04000      0.0000000000000000E+00  7.9353937034612740E-07  8.8299683472178647E-02  3.4387631301693849E-03  9.2985796468077371E-04  1.9303679322480437E-07
  2800   212.80000      0.0000000000000000E+00  7.3091772804709366E-07  8.8608277564373089E-02  3.9962594664971545E-03  8.9437896847284178E-04  1.4801440784036631E-07
  2810   213.56000      0.0000000000000000E+00  6.6433398161462676E-07  8.8814209989845475E-02  3.8445888086262835E-03  9.2509088543695709E-04  2.4523255149908030E-07
  2820   214.32000      0.0000000000000000E+00  7.7412601552695080E-07  8.8958291046442942E-02  3.6956485121870776E-03  9.9957407158685454E-04  1.3721283206499922E-07
  2830   215.08000      0.0000000000000000E+00  6.9993487027553678E-07  8.9384075163995422E-02  4.3093074808780961E-03  9.9192102580662137E-04  1.7629948894852111E-07
  2840   215.84000      0.0000000000000000E+00  7.0062543739803546E-07  8.9723820469401874E-02  4.1344789063980829E-03  8.6723234689272224E-04  2.4143870115750421E-07
  2850   216.60000      0.0000000000000000E+00  7.3404966708632986E-07  8.9732548943809665E-02  3.6811800947687558E-03  8.2037345532962090E-04  1.3598633260273432E-07
  2860   217.36000      0.0000000000000000E+00  7.3826541589257335E-07  8.9901076158854717E-02  4.3510563739438176E-03  9.9297724658700421E-04  1.9949624711333256E-07
  2870   218.12000      0.0000000000000000E+00  7.7474748820507755E-07  9.0488831717455892E-02  3.6127203724783891E-03  1.0542643618452726E-03  1.9393407465701354E-07
  2880   218.88000      0.0000000000000000E+00  6.9818447724068829E-07  9.1259582636659883E-02  3.0784240387132481E-03  8.9921415609596749E-04  1.0571892362998007E-07
  2890   219.64000      0.0000000000000000E+00  6.9614130755223585E-07  9.2493602022798188E-02  3.5782981003639087E-03  8.5215794661847326E-04  2.3787623301628149E-07
  2900   220.40000      0.0000000000000000E+00  6.3382943456281741E-07  9.4235710634012745E-02  3.4636257237311741E-03  1.0393994324029935E-03  1.7777443181754849E-07
  2910   221.16000      0.0000000000000000E+00  6.5935479272726588E-07  9.6126478390020004E-02  3.2056254018929904E-03  1.0131415749127094E-03  1.6094360926777726E-07
  2920   221.92000      0.0000000000000000E+00  6.1007180794789805E-07  9.7403848373943100E-02  3.3743843628679126E-03  7.6909523897371681E-04  1.8556704568261677E-07
  2930   222.68000      0.0000000000000000E+00  6.3494491966060232E-07  9.8047984794597323E-02  2.8985835373028903E-03  8.2688102311952584E-04  1.2858675098694432E-07
  2940   223.44000      0.0000000000000000E+00  6.0061248950727290E-07  9.7995161609789078E-02  3.2287617756229336E-03  1.0341990971056065E-03  1.6670122261828018E-07
  2950   224.20000      0.0000000000000000E+00  6.0195768496684527E-07  9.7738781882773185E-02  3.1645351980033208E-03  1.0009206642492092E-03  1.9545997517935673E-07
  2960   224.96000      0.0000000000000000E+00  5.3990524308564390E-07  9.7394307511104117E-02  2.2574243631993023E-03  9.7810894702002045E-04  1.5731313822644637E-07
  2970   225.72000      0.0000000000000000E+00  5.7192597199830865E-07  9.7660504252277749E-02  2.3960249548317155E-03  1.0767573023857302E-03  1.5681968279112770E-07
  2980   226.48000      0.0000000000000000E+00  6.0516567223932507E-07  9.7716983496749857E-02  2.4401623897100108E-03  1.0159085558387026E-03  1.3504074072037546E-07
  2990   227.24000      0.0000000000000000E+00  5.7520236156676838E-07  9.7570663393253793E-02  2.5333510811677415E-03  1.0690334260014139E-03  1.9049606824227307E-07
  3000   228.00000      0.0000000000000000E+00  6.4764408998187403E-07  9.7810042486321122E-02  2.1033980885928252E-03  1.1594913715503321E-03  1.3566068583239114E-07
  3010   228.76000      0.0000000000000000E+00  6.6761196248456675E-07  9.8225133561654007E-02  2.3934797989837056E-03  1.0270507161883765E-03  2.0413909550436185E-07
  3020   229.52000      0.0000000000000000E+00  6.3792275317986344E-07  9.8575275081926150E-02  2.8664706194370328E-03  9.8891967309856993E-04  1.6648589883571987E-07
  3030   230.28000      0.0000000000000000E+00  6.2494197814570106E-07  9.9358547156332189E-02  3.1313723297481354E-03  1.1787379580338727E-03  1.2033565096323973E-07
  3040   231.04000      0.0000000000000000E+00  6.8217633314704463E-07  1.0054708819701108E-01  3.7794198383925334E-03  1.2067406331437223E-03  1.9000486810134729E-07
  3050   231.80000      0.0000000000000000E+00  6.2641211053325365E-07  1.0146054761284568E-01  3.1533759902905439E-03  1.0847345794482886E-03  1.3764354076133252E-07
  3060   232.56000      0.0000000000000000E+00  6.4819328095221715E-07  1.0201031820762381E-01  3.1358346606727735E-03  1.1176674629409780E-03  1.4094128809466194E-07
  3070   233.32000      0.0000000000000000E+00  6.5987105586932321E-07  1.0257584167971953E-01  3.1578909153164463E-03  1.2223523581410137E-03  2.0831678828018995E-07
  3080   234.08000      0.0000000000000000E+00  6.4274347085269625E-07  1.0305578716358321E-01  3.5790105551057943E-03  1.2398074315224908E-03  1.5174717515887589E-07
  3090   234.84000      0.0000000000000000E+00  6.6194633333155274E-07  1.0306512472624250E-01  3.1153198643585778E-03  1.2359775674236901E-03  1.0588830138007681E-07
  3100   235.60000      0.0000000000000000E+00  6.8883793763552114E-07  1.0286754412483687E-01  3.0908034425276300E-03  1.1581400462836850E-03  2.0624992446114438E-07
  3110   236.36000      0.0000000000000000E+00  7.0888744709738072E-07  1.0226607415039203E-01  3.1306508177980944E-03  1.0602612760385400E-03  1.1807920736898197E-07
  3120   237.12000      0.0000000000000000E+00  6.3562665145883236E-07  1.0128916057758258E-01  2.7424077834701920E-03  1.1274700021424826E-03  1.7656866287159893E-07
  3130   237.88000      0.0000000000000000E+00  7.0831555956875262E-07  1.0054592131313116E-01  3.0084813891229027E-03  1.1094487200360146E-03  1.7728632611932612E-07
  3140   238.64000      0.0000000000000000E+00  6.2467653494039581E-07  1.0067843292850154E-01  2.2780028845100220E-03  9.8190174266937985E-04  1.4869673987938765E-07
  3150   239.40000      0.0000000000000000E+00  6.2443979722428157E-07  1.0078499446484676E-01  2.6635439863850470E-03  9.6836143940274449E-04  1.3673047002115623E-07
  3160   240.16000      0.0000000000000000E+00  6.3106806477438141E-07  1.0128966886679221E-01  2.4221650517724808E-03  1.0815306721635282E-03  1.7160541246484212E-07
  3170   240.92000      0.0000000000000000E+00  6.2146066741861093E-07  1.0190350160873897E-01  2.1102700988056885E-03  1.0535717412666226E-03  1.3442954014880518E-07
  3180   241.68000      0.0000000000000000E+00  5.3663981653117107E-07  1.0244060369280389E-01  2.6316303310388815E-03  8.0596401116706331E-04  1.7602435642637805E-07
  3190   242.44000      0.0000000000000000E+00  5.3957518103210219E-07  1.0245158648935847E-01  2.2307891263750657E-03  8.1928031903157495E-04  1.5673877064037750E-07
  3200   243.20000      0.0000000000000000E+00  6.3430782878922435E-07  1.0270661901666875E-01  2.4594611914529126E-03  9.5962905868887986E-04  1.5116257645235878E-07
  3210   243.96000      0.0000000000000000E+00  7.0177814420518951E-07  1.0283060764977003E-01  2.5060582306114772E-03  8.6457334544216488E-04  1.5969751183738546E-07
  3220   244.72000      0.0000000000000000E+00  7.0131887351140961E-07  1.0249066632795423E-01  2.6064524032934954E-03  7.5102343333385726E-04  1.3891431708075954E-07
  3230   245.48000      0.0000000000000000E+00  5.9673658282361299E-07  1.0225774195029201E-01  2.5851354744911782E-03  8.6760031203803089E-04  1.5368649664232606E-07
  3240   246.24000      0.0000000000000000E+00  6.1663381293631064E-07  1.0176681573334453E-01  2.4549130309251244E-03  8.8524219152082259E-04  1.6272357757773563E-07
  3250   247.00000      0.0000000000000000E+00  6.0149042382772353E-07  1.0068185741215022E-01  2.2630775841061637E-03  7.7791487106287341E-04  1.9686244288158260E-07
  3260   247.76000      0.0000000000000000E+00  6.1387101874040576E-07  9.9018062629348966E-02  2.1337521366857110E-03  8.5623604031175070E-04  1.1544418378380526E-07
  3270   248.52000      0.0000000000000000E+00  5.9826799896906563E-07  9.7457216336360897E-02  2.4579453013130492E-03  9.4238767108246080E-04  1.6479766015225341E-07
  3280   249.28000      0.0000000000000000E+00  5.9339731691292831E-07  9.5428081559928171E-02  2.4420591553189737E-03  8.2104869383179280E-04  1.7505482778802287E-07
  3290   250.04000      0.0000000000000000E+00  5.6830054249537386E-07  9.3224015660159393E-02  2.5246286432504860E-03  8.9414545015068870E-04  1.1318344486145277E-07
  3300   250.80000      0.0000000000000000E+00  5.4024645489660998E-07  9.1291251812694291E-02  2.8207904906136414E-03  1.0513640451294659E-03  2.1240530421257191E-07
  3310   251.56000      0.0000000000000000E+00  5.2033069063285904E-07  8.9687754165670763E-02  2.4457192876244246E-03  9.5970083985215783E-04  1.3571185316122982E-07
  3320   252.32000      0.0000000000000000E+00  4.2646577841139333E-07  8.8274248952003281E-02  2.2281993604843023E-03  8.6253981245548803E-04  1.3147723517098010E-07
  3330   253.08000      0.0000000000000000E+00  5.1412782400799949E-07  8.7693976707448051E-02  3.1308450130512213E-03  1.0692052924751723E-03  1.6864707510053854E-07
  3340   253.84000      0.0000000000000000E+00  4.8183581949976564E-07  8.7913418662232706E-02  2.8151995815126674E-03  1.1417341419533774E-03  1.5431571038987793E-07
  3350   254.60000      0.0000000000000000E+00  4.6124636261898480E-07  8.8240445566530587E-02  2.4508667460850972E-03  9.0256240001067506E-04  1.3783421359568605E-07
  3360   255.36000      0.0000000000000000E+00  4.9634070663107076E-07  8.9095651351866229E-02  2.9163431716501395E-03  8.9584924982140433E-04  1.8789916644483420E-07
  3370   256.12000      0.0000000000000000E+00  5.0427284178758609E-07  9.0504721640412830E-02  2.9792210306524665E-03  1.1070607132879005E-03  1.3099047179821193E-07
  3380   256.88000      0.0000000000000000E+00  5.2953682554744866E-07  9.1551140529080505E-02  3.0977307865288246E-03  9.7140058139793465E-04  1.5423564468584884E-07
  3390   257.64000      0.0000000000000000E+00  4.9644659596470982E-07  9.1914722188413039E-02  3.3821036873245849E-03  7.9709869815874326E-04  1.5840565111610302E-07
  3400   258.40000      0.0000000000000000E+00  4.7634728081455223E-07  9.1986648368401827E-02  3.0149540506711143E-03  9.1065209234590986E-04  1.5946566840628763E-07
  3410   259.16000      0.0000000000000000E+00  5.6340894376176978E-07  9.2069257960538081E-02  3.7170166126092650E-03  9.6795677946584437E-04  1.5721215504956122E-07
  3420   259.92000      0.0000000000000000E+00  5.3645899096645482E-07  9.1857753370805983E-02  4.1309235559135191E-03  8.6755098036328982E-04  1.4971354060472907E-07
  3430   260.68000      0.0000000000000000E+00  5.5307129873870962E-07  9.1606290238789717E-02  4.1545336655413644E-03  8.4406034344855279E-04  1.6592197630035766E-07
  3440   261.44000      0.0000000000000000E+00  5.6437007108430139E-07  9.1954238837443303E-02  4.2734414026954267E-03  9.0311674527331662E-04  1.1022693346391549E-07
  3450   262.20000      0.0000000000000000E+00  5.6361048513801281E-07  9.2597124980472539E-02  4.4665058268003304E-03  9.2072025340108059E-04  1.8647710362395294E-07
  3460   262.96000      0.0000000000000000E+00  5.4425224640063516E-07  9.3114785082481361E-02  4.3612239231761579E-03  9.2257524049720009E-04  1.4545003036289361E-07
  3470   263.72000      0.0000000000000000E+00  5.2730587312029111E-07  9.3719645614512445E-02  4.2472045588249768E-03  8.8090207013549456E-04  1.6168009865425475E-07
  3480   264.48000      0.0000000000000000E+00  5.5566976173020384E-07  9.4350979407163624E-02  4.1746347421145252E-03  8.8372946439155883E-04  1.7839698054415642E-07
  3490   265.24000      0.0000000000000000E+00  6.2309869195832305E-07  9.4494868899994713E-02  3.8540082752761343E-03  1.0168229059236782E-03  1.2312645991593099E-07
  3500   266.00000      0.0000000000000000E+00  5.9463374311012794E-07  9.4361837230063653E-02  4.1465331313812739E-03  1.0448822161819844E-03  1.3803646191537555E-07
  3510   266.76000      0.0000000000000000E+00  5.8248342070969622E-07  9.4223161137052452E-02  4.3428911498480747E-03  9.5114979714506381E-04  2.0947102357976852E-07
  3520   267.52000      0.0000000000000000E+00  5.9323823612956819E-07  9.3990770509282964E-02  4.2490761096408919E-03  9.8715720628969237E-04  1.1882916357095908E-07
  3530   268.28000      0.0000000000000000E+00  6.3251492881289056E-07  9.3905464551949980E-02  4.3097583362789946E-03  1.1715151181724141E-03  1.6600656490646260E-07
  3540   269.04000      0.0000000000000000E+00  5.8002909908933418E-07  9.3840353793284037E-02  4.5855563682273958E-03  1.1266366622894276E-03  1.9350321318966210E-07
  3550   269.80000      0.0000000000000000E+00  5.6106404795955125E-07  9.3628200972641004E-02  5.0589473637012855E-03  9.4762785132727944E-04  9.6589682978868680E-08
  3560   270.56000      0.0000000000000000E+00  7.0974644475419494E-07  9.3631757661961967E-02  4.6501960898820364E-03  1.0110416359314985E-03  2.2819869576025254E-07
  3570   271.32000      0.0000000000000000E+00  8.3202416858470222E-07  9.4050088314805005E-02  4.6180883306481688E-03  1.1916159327125476E-03  1.4215503550780545E-07
  3580   272.08000      0.0000000000000000E+00  7.4824173906540576E-07  9.4107988106134063E-02  4.6814713322558292E-03  1.0172809070478008E-03  1.4575164647218591E-07
  3590   272.84000      0.0000000000000000E+00  8.2723326201600686E-07  9.4062756843560844E-02  4.8793526071179618E-03  8.5712006312989850E-04  1.8736072426347151E-07
  3600   273.60000      0.0000000000000000E+00  6.6294028385947348E-07  9.4186477786638578E-02  5.3426583273698822E-03  1.0290043202257093E-03  1.6186716158947046E-07
  3610   274.36000      0.0000000000000000E+00  6.6682528496210676E-07  9.4284948416825914E-02  5.0338495177634952E-03  1.1249333966847949E-03  1.4946438882067574E-07
  3620   275.12000      0.0000000000000000E+00  7.4699529406114676E-07  9.4534723258666034E-02  5.3977124661537404E-03  9.3609884882003651E-04  2.0289408948850505E-07
  3630   275.88000      0.0000000000000000E+00  6.5500338100444074E-07  9.5297341342647973E-02  4.8171759975240615E-03  8.9551284226336105E-04  2.0689462788260888E-07
  3640   276.64000      0.0000000000000000E+00  6.4370595976230720E-07  9.5981788582753025E-02  4.6810912348073663E-03  1.0125330195751509E-03  1.4567303301441922E-07
  3650   277.40000      0.0000000000000000E+00  6.4466777668793088E-07  9.6632233878135965E-02  5.6690635678132576E-03  1.0613478138147196E-03  1.5945629477456830E-07
  3660   278.16000      0.0000000000000000E+00  6.3948785849358407E-07  9.7868310775123327E-02  3.6602682537542354E-03  9.8523106623879791E-04  1.5097336043266900E-07
  3670   278.92000      0.0000000000000000E+00  6.0551387065123417E-07  9.9208205725910409E-02  3.6346312334446691E-03  9.8167858388363755E-04  1.7614770355447791E-07
  3680   279.68000      0.0000000000000000E+00  5.6469788988342766E-07  1.0010904723685879E-01  3.4115203647523298E-03  1.0554295121448819E-03  1.9143054298726038E-07
  3690   280.44000      0.0000000000000000E+00  5.3095995847860336E-07  1.0115115106740734E-01  3.6581668106432262E-03  1.1365569386420631E-03  1.6062618066390711E-07
  3700   281.20000      0.0000000000000000E+00  6.2464810317426297E-07  1.0258243913921755E-01  3.4159059537267398E-03  1.1431758780934020E-03  1.1559105912886828E-07
  3710   281.96000      0.0000000000000000E+00  6.4403803820086372E-07  1.0398643237727866E-01  2.9309884170018812E-03  1.0881665261276499E-03  2.0895197276442683E-07
  3720   282.72000      0.0000000000000000E+00  6.7968654592878013E-07  1.0553402272985843E-01  3.0119592336063775E-03  1.0485643045119511E-03  1.2056414419566356E-07
  3730   283.48000      0.0000000000000000E+00  7.0202413296933497E-07  1.0721624419491504E-01  3.0927357473048128E-03  1.1431142728218729E-03  1.7538523394944966E-07
  3740   284.24000      0.0000000000000000E+00  6.3472865335388963E-07  1.0922152693550442E-01  3.2865227217755096E-03  1.1743390697914297E-03  1.9113706499868778E-07
  3750   285.00000      0.0000000000000000E+00  5.9087556819367951E-07  1.1124810945562649E-01  3.2257093115013427E-03  9.9937940423338906E-04  1.4320922210226706E-07
  3760   285.76000      0.0000000000000000E+00  6.4450749731925468E-07  1.1258402837959575E-01  3.4881487171999660E-03  1.0200280337481502E-03  1.8513540126044179E-07
  3770   286.52000      0.0000000000000000E+00  6.9684596703346853E-07  1.1417879166615930E-01  3.4957871999300554E-03  1.2294896460316254E-03  1.8944542130150297E-07
  3780   287.28000      0.0000000000000000E+00  7.5657025978136512E-07  1.1624345744834329E-01  2.7692894097572579E-03  1.2213331554760951E-03  1.4529556725521425E-07
  3790   288.04000      0.0000000000000000E+00  7.5521151543274335E-07  1.1795255518393798E-01  3.1076648534842277E-03  1.0184456055189069E-03  1.8754635785950432E-07
  3800   288.80000      0.0000000000000000E+00  7.5372795942766828E-07  1.1932781462657102E-01  3.0826385245534007E-03  1.0809151590186034E-03  1.9056313566800520E-07
  3810   289.56000      0.0000000000000000E+00  8.1879957908045813E-07  1.2127696961620446E-01  2.8572183853390930E-03  1.1570971565626788E-03  1.3197837554713617E-07
  3820   290.32000      0.0000000000000000E+00  8.4780597246800203E-07  1.2304282147692761E-01  3.0541235216615505E-03  1.0920991837046778E-03  1.7231084869212536E-07
  3830   291.08000      0.0000000000000000E+00  8.0252089526013560E-07  1.2467193460929382E-01  2.5437543626104023E-03  1.0330733338677373E-03  1.9027978981208364E-07
  3840   291.84000      0.0000000000000000E+00  7.1294221749442660E-07  1.2650563977091830E-01  2.4003919164035841E-03  1.0256241036392924E-03  1.1262138407008047E-07
  3850   292.60000      0.0000000000000000E+00  7.5952798536252573E-07  1.2874475755834919E-01  2.5775197009654718E-03  1.0544250162987593E-03  2.1176715059949184E-07
  3860   293.36000      0.0000000000000000E+00  8.8597535018995393E-07  1.3101916815206807E-01  2.5483936051742513E-03  1.0551001935927742E-03  1.2391210626178257E-07
  3870   294.12000      0.0000000000000000E+00  7.9817887473569963E-07  1.3288159875707370E-01  2.8394742988315383E-03  9.9690402708281695E-04  1.8600089135279933E-07
  3880   294.88000      0.0000000000000000E+00  6.7032737499577516E-07  1.3458084321750244E-01  2.1334080512551649E-03  1.0616789683999613E-03  1.8281152824982865E-07
  3890   295.64000      0.0000000000000000E+00  8.2657012238625527E-07  1.3665517167647748E-01  2.4424801500034996E-03  1.2279038315496861E-03  1.3011383948597414E-07
  3900   296.40000      0.0000000000000000E+00  7.2174577915790500E-07  1.3943893788434616E-01  2.2217396526673016E-03  1.1842582326432192E-03  1.4707007980482548E-07
  3910   297.16000      0.0000000000000000E+00  7.4187426659355863E-07  1.4256970754257117E-01  2.0866130757045752E-03  1.1243800056959324E-03  2.1108818759072976E-07
  3920   297.92000      0.0000000000000000E+00  7.6786192870415908E-07  1.4597825360849401E-01  2.2989161075409534E-03  1.2218788606730910E-03  1.4561225088100035E-07
  3930   298.68000      0.0000000000000000E+00  6.5924644891153208E-07  1.5058442884846834E-01  2.7499142064757762E-03  1.2851856931031566E-03  1.6519838745323136E-07
  3940   299.44000      0.0000000000000000E+00  6.5672080541921786E-07  1.5540242038186128E-01  2.1642974738919057E-03  1.2079078561337984E-03  1.6744705394014043E-07
  3950   300.20000      0.0000000000000000E+00  7.3796389029879664E-07  1.5868882997903361E-01  2.3526377010164002E-03  1.2002357801775133E-03  1.4895588751395684E-07
  3960   300.96000      0.0000000000000000E+00  8.0435998466471544E-07  1.6037049282992238E-01  2.7463842707249660E-03  1.2548008223438037E-03  1.6938689739848102E-07
  3970   301.72000      0.0000000000000000E+00  7.8395411012875960E-07  1.6051830968120573E-01  3.0993603222689114E-03  1.2381680864146484E-03  1.9284041649129817E-07
  3980   302.48000      0.0000000000000000E+00  8.1173926754542688E-07  1.5920761818656246E-01  2.4381275651162103E-03  1.2846516012407260E-03  1.3185905976739784E-07
  3990   303.24000      0.0000000000000000E+00  7.4514661381432527E-07  1.5679892611707211E-01  2.6114363715975053E-03  1.4276781194561756E-03  1.8511323125742418E-07
  4000   304.00000      0.0000000000000000E+00  7.1419546955194981E-07  1.5326497543607775E-01  3.1001676199181299E-03  1.3632474751362601E-03  1.5879063853235268E-07
  4010   304.76000      0.0000000000000000E+00  7.2364709269526813E-07  1.4857218157207205E-01  2.9884522363814998E-03  1.3259982965730119E-03  1.3464648431095817E-07
  4020   305.52000      0.0000000000000000E+00  8.0605303589020240E-07  1.4289688846559398E-01  4.0941425681107080E-03  1.5965776092202633E-03  1.6032829452953235E-07
  4030   306.28000      0.0000000000000000E+00  7.6440539050656478E-07  1.3702100248127269E-01  5.0028632158982539E-03  1.6763460917748501E-03  1.8435532404793145E-07
  4040   307.04000      0.0000000000000000E+00  7.2421088930697680E-07  1.3292616786766365E-01  5.3217047648386404E-03  1.3113219125624606E-03  1.3844421320647839E-07
  4050   307.80000      0.0000000000000000E+00  7.0407759991582866E-07  1.2995932931595366E-01  5.6835920737296920E-03  1.1734780055178760E-03  1.5452095684372961E-07
  4060   308.56000      0.0000000000000000E+00  6.8794024464333708E-07  1.2675639457493176E-01  5.7184047321613566E-03  1.2746908664267706E-03  1.5454837705611575E-07
  4070   309.32000      0.0000000000000000E+00  6.2908520495146623E-07  1.2306687014523027E-01  5.1567366884809011E-03  1.1680825444791757E-03  1.4207074066163833E-07
  4080   310.08000      0.0000000000000000E+00  6.5339756121359059E-07  1.1903321617382420E-01  5.9862230606378729E-03  1.0968022901142699E-03  1.7014443194832013E-07
  4090   310.84000      0.0000000000000000E+00  6.6333405479226288E-07  1.1520130988441754E-01  5.4731479740167512E-03  1.2166876664228979E-03  1.6696176903217928E-07
  4100   311.60000      0.0000000000000000E+00  5.6831490299826346E-07  1.1219726594115031E-01  4.9457120636267685E-03  1.3490945176973766E-03  1.4044925548498924E-07
  4110   312.36000      0.0000000000000000E+00  5.5564192721084341E-07  1.1027103570695851E-01  5.8257092709852760E-03  1.2956947507175877E-03  1.8913424867790869E-07
  4120   313.12000      0.0000000000000000E+00  6.5108837954161752E-07  1.0894504543835913E-01  5.2094235009145064E-03  1.2259884179870479E-03  1.3347976374043463E-07
  4130   313.88000      0.0000000000000000E+00  6.1569379665845624E-07  1.0841891106552544E-01  5.4653215856832194E-03  1.2667554207276563E-03  1.8140177108730643E-07
  4140   314.64000      0.0000000000000000E+00  6.1181545583874067E-07  1.0764445145842622E-01  6.3213971930611342E-03  1.3966429201297398E-03  1.3461361298681703E-07
  4150   315.40000      0.0000000000000000E+00  6.1244049609135959E-07  1.0678670709408768E-01  6.8457203910190379E-03  1.3389071987331286E-03  1.6387194058876979E-07
  4160   316.16000      0.0000000000000000E+00  5.7176140502141685E-07  1.0641710199535000E-01  6.0537924633030493E-03  1.1619441995428215E-03  1.1531192635670297E-07
  4170   316.92000      0.0000000000000000E+00  5.6863670182021936E-07  1.0562439248193423E-01  6.5974334827300423E-03  1.2452666789271975E-03  1.8992619384851299E-07
  4180   317.68000      0.0000000000000000E+00  5.4193694698727961E-07  1.0502145818883654E-01  5.9714465253738001E-03  1.3764465553159193E-03  1.1407753273121382E-07
  4190   318.44000      0.0000000000000000E+00  6.1621897320173490E-07  1.0516220402446258E-01  5.9613261434185447E-03  1.2269747862754567E-03  1.5797932746181315E-07
  4200   319.20000      0.0000000000000000E+00  6.1105290570593802E-07  1.0514758708076671E-01  4.6979700348125115E-03  1.0529231466044620E-03  1.4470592173656609E-07
  4210   319.96000      0.0000000000000000E+00  5.7240105135058960E-07  1.0532689889249018E-01  5.1062381820236513E-03  1.2258436063948708E-03  1.2678653421290243E-07
  4220   320.72000      0.0000000000000000E+00  5.7739474394003871E-07  1.0627293577387413E-01  4.6414721656255903E-03  1.3121717904666216E-03  1.5252592925155378E-07
  4230   321.48000      0.0000000000000000E+00  6.0169690269634968E-07  1.0720224528383240E-01  5.0020789811418926E-03  1.0752995200420726E-03  1.4119782300819127E-07
  4240   322.24000      0.0000000000000000E+00  5.0900003861201269E-07  1.0793537863008554E-01  5.6037676154880893E-03  1.0509023371028969E-03  1.1054963876778865E-07
  4250   323.00000      0.0000000000000000E+00  5.4908954134026418E-07  1.0872773900912142E-01  6.6251425560188513E-03  1.2186140954591790E-03  1.3897370871958362E-07
  4260   323.76000      0.0000000000000000E+00  6.1667674078311401E-07  1.0942405040268581E-01  6.1249279301573856E-03  1.1955645340623676E-03  1.1447733602121926E-07
  4270   324.52000      0.0000000000000000E+00  6.1964333758666660E-07  1.1016213285901413E-01  5.0451550102479552E-03  1.0094894401016020E-03  1.0770545506191314E-07
  4280   325.28000      0.0000000000000000E+00  5.8366785639582156E-07  1.1093407844066963E-01  4.1783155475090903E-03  1.0536197225195869E-03  1.4283949777721636E-07
  4290   326.04000      0.0000000000000000E+00  5.5345077188373405E-07  1.1188018835184298E-01  4.3929670528560401E-03  1.1340426447903678E-03  1.4319205035414942E-07
  4300   326.80000      0.0000000000000000E+00  6.3322692650485544E-07  1.1299710827541830E-01  3.5878142697470276E-03  1.1143582490353604E-03  8.9127645987698807E-08
  4310   327.56000      0.0000000000000000E+00  5.7324894203833867E-07  1.1422449365547219E-01  3.9975969637620398E-03  1.0563323222883417E-03  1.8454603836233472E-07
  4320   328.32000      0.0000000000000000E+00  6.3602819057389691E-07  1.1492814859840755E-01  3.9435030614146651E-03  1.0850587158540619E-03  8.8676491127857917E-08
  4330   329.08000      0.0000000000000000E+00  6.6633844314490700E-07  1.1539751183183644E-01  3.3466109622497242E-03  1.1888049955481748E-03  1.3688125229890851E-07
  4340   329.84000      0.0000000000000000E+00  6.1518612127142726E-07  1.1623735239830098E-01  3.4543424497595881E-03  1.2043718996290142E-03  1.4323685721578568E-07
  4350   330.60000      0.0000000000000000E+00  6.6404270785126264E-07  1.1695051735400194E-01  3.0017031303922847E-03  1.1525324976664410E-03  1.1063433704233784E-07
  4360   331.36000      0.0000000000000000E+00  6.2405506934827416E-07  1.1761394855129145E-01  3.2167587348793112E-03  1.2228790460480261E-03  1.1419327314165995E-07
  4370   332.12000      0.0000000000000000E+00  6.4180957672459417E-07  1.1846721788760985E-01  3.2700129433454505E-03  1.3074200251803393E-03  1.4849015433339892E-07
  4380   332.88000      0.0000000000000000E+00  6.1604985497005063E-07  1.1924749019924835E-01  2.6952309304765685E-03  1.2935577690962718E-03  9.0132730190150285E-08
  4390   333.64000      0.0000000000000000E+00  5.4267488505928496E-07  1.1984519884802917E-01  2.2610186141921360E-03  1.3128961644103640E-03  1.3922212470820658E-07
  4400   334.40000      0.0000000000000000E+00  5.3034206625334909E-07  1.2010178111459052E-01  2.7211013814445475E-03  1.3689185631038730E-03  1.5438387684274081E-07
  4410   335.16000      0.0000000000000000E+00  5.7809171766990527E-07  1.2053794740654772E-01  2.7652709804183925E-03  1.3972783596202347E-03  9.0656315514883369E-08
  4420   335.92000      0.0000000000000000E+00  5.5233806682784427E-07  1.2124284816344597E-01  3.0607994450276886E-03  1.4758958090171331E-03  1.4340103773270261E-07
  4430   336.68000      0.0000000000000000E+00  5.5993296581999827E-07  1.2182785937170490E-01  3.0682321902563785E-03  1.4833351955511314E-03  1.1566151520463817E-07
  4440   337.44000      0.0000000000000000E+00  6.6209117610505257E-07  1.2299393351524854E-01  3.0063096753677383E-03  1.4429954578514970E-03  1.1003548681481004E-07
  4450   338.20000      0.0000000000000000E+00  6.0886300434639312E-07  1.2448895738761344E-01  3.7616686830978666E-03  1.4436915298407808E-03  1.5940305399855149E-07
  4460   338.96000      0.0000000000000000E+00  6.5318421418607415E-07  1.2531000980261522E-01  4.1773462563414908E-03  1.4885821995198980E-03  1.4276949507156811E-07
  4470   339.72000      0.0000000000000000E+00  6.8576029246785369E-07  1.2571706891237244E-01  4.2872927037406767E-03  1.4127650171287527E-03  1.0689613709477064E-07
  4480   340.48000      0.0000000000000000E+00  7.1850090851463106E-07  1.2562802950159901E-01  4.2925177535792676E-03  1.3533889953390411E-03  1.3431782137565918E-07
  4490   341.24000      0.0000000000000000E+00  7.0110117336376599E-07  1.2426487228447122E-01  5.0185356698936520E-03  1.3630459914869555E-03  1.2386924975651298E-07
  4500   342.00000      0.0000000000000000E+00  6.8480103940504454E-07  1.2251299808506519E-01  5.7708405797231377E-03  1.4250900233198562E-03  1.1733510504909875E-07
  4510   342.76000      0.0000000000000000E+00  6.4294377625416367E-07  1.2128622052306304E-01  6.5351494303636853E-03  1.3918519677079862E-03  1.8855475840843792E-07
  4520   343.52000      0.0000000000000000E+00  6.2608869435030857E-07  1.2018547412483786E-01  5.2104208243303005E-03  1.3581278383796450E-03  1.2821432931938348E-07
  4530   344.28000      0.0000000000000000E+00  6.1870511276281407E-07  1.1894750216852229E-01  5.1582722114076694E-03  1.3251410473445729E-03  1.3538862585822568E-07
  4540   345.04000      0.0000000000000000E+00  5.4992359365929789E-07  1.1795402599369288E-01  4.7490078586728945E-03  1.3732582514195215E-03  1.3146384790610952E-07
  4550   345.80000      0.0000000000000000E+00  5.8957236152986638E-07  1.1743229092777002E-01  5.2389198182422343E-03  1.4394994068096802E-03  1.3003177961509444E-07
  4560   346.56000      0.0000000000000000E+00  5.9037563686985680E-07  1.1708528145887424E-01  5.9155020173611355E-03  1.3693911706559141E-03  1.4866502890735846E-07
  4570   347.32000      0.0000000000000000E+00  6.3645828285189548E-07  1.1667672263223546E-01  6.4190952198351098E-03  1.3363428976259954E-03  1.5179975366454613E-07
  4580   348.08000      0.0000000000000000E+00  6.3763565535993119E-07  1.1664774198465180E-01  6.0334373913065939E-03  1.4883285189399599E-03  1.1791557562855966E-07
  4590   348.84000      0.0000000000000000E+00  6.2778926941574599E-07  1.1684404903195217E-01  6.7997358342053085E-03  1.5113126909508758E-03  1.4989097859610722E-07
  4600   349.60000      0.0000000000000000E+00  5.7319003634017726E-07  1.1677331683872665E-01  7.0050246617263294E-03  1.3332835689563974E-03  1.5555313311136106E-07
