! Kinetic energy for species "electrons"
  Iter        Time          Total Par.             Kin. Energy
     0   0.0000000             512000  8.3090800234869477E-01
    10  0.76000000             513908  8.3381456055653969E-01
    20   1.5200000             515815  8.3655191889336633E-01
    30   2.2800000             517723  8.3952734563002651E-01
    40   3.0400000             519631  8.4280619959729774E-01
    50   3.8000000             521539  8.4615838863333592E-01
    60   4.5600000             523447  8.4932467859622118E-01
    70   5.3200000             525354  8.5219132137402176E-01
    80   6.0800000             527262  8.5492508351078844E-01
    90   6.8400000             529170  8.5782560070161773E-01
   100   7.6000000             531078  8.6103237346547168E-01
   110   8.3600000             532986  8.6434704865619960E-01
   120   9.1200000             534894  8.6748810207634386E-01
   130   9.8800000             536801  8.7034702336929415E-01
   140   10.640000             538709  8.7294828759279963E-01
   150   11.400000             540617  8.7527329049443903E-01
   160   12.160000             542525  8.7724736448332208E-01
   170   12.920000             544433  8.7889753696635253E-01
   180   13.680000             546340  8.8155912583260665E-01
   190   14.440000             548248  8.8565302081221264E-01
   200   15.200000             550156  8.8825802863158509E-01
   210   15.960000             552064  8.9259006377283212E-01
   220   16.720000             553972  8.9496162201039464E-01
   230   17.480000             555880  8.9636184853968337E-01
   240   18.240000             557787  8.9477995261117227E-01
   250   19.000000             559695  8.9472145858328034E-01
   260   19.760000             561603  8.9802316811105753E-01
   270   20.520000             563511  9.0686194038203127E-01
   280   21.280000             565419  9.1144936829159207E-01
   290   22.040000             567326  9.1271753474457884E-01
   300   22.800000             569234  9.1467404757656978E-01
   310   23.560000             571142  9.1850567691614704E-01
   320   24.320000             573050  9.2480256051381016E-01
   330   25.080000             574958  9.3260284742937727E-01
   340   25.840000             576866  9.3743750511704138E-01
   350   26.600000             578773  9.3634517543436746E-01
   360   27.360000             580681  9.3638109172248662E-01
   370   28.120000             582589  9.4133697387163917E-01
   380   28.880000             584497  9.4674695716676394E-01
   390   29.640000             586405  9.4919302663550664E-01
   400   30.400000             588312  9.5258291283554164E-01
   410   31.160000             590220  9.5809528635091268E-01
   420   31.920000             592128  9.6314461310658639E-01
   430   32.680000             594036  9.6564616750347554E-01
   440   33.440000             595944  9.6959954258417591E-01
   450   34.200000             597852  9.7341981040944603E-01
   460   34.960000             599759  9.7839203925891449E-01
   470   35.720000             601667  9.8157851178827249E-01
   480   36.480000             603575  9.8518799835307980E-01
   490   37.240000             605483  9.8725436950892598E-01
   500   38.000000             607391  9.8792695956706955E-01
   510   38.760000             609298  9.8715469622581276E-01
   520   39.520000             611206  9.8460849577760956E-01
   530   40.280000             613114  9.8655364210771268E-01
   540   41.040000             615022  9.9079080646362916E-01
   550   41.800000             616930  9.9409439219387230E-01
   560   42.560000             618838  9.9450132780852951E-01
   570   43.320000             620745  9.9733657945265797E-01
   580   44.080000             622653  1.0020750434459798E+00
   590   44.840000             624561  1.0053879433234361E+00
   600   45.600000             626469  1.0050037671280301E+00
   610   46.360000             628377  1.0052584192574494E+00
   620   47.120000             630284  1.0114743455811186E+00
   630   47.880000             632192  1.0167667377659519E+00
   640   48.640000             634100  1.0180488281338005E+00
   650   49.400000             636008  1.0214157082003623E+00
   660   50.160000             637916  1.0275889103119824E+00
   670   50.920000             639824  1.0349195104998952E+00
   680   51.680000             641731  1.0359552799259686E+00
   690   52.440000             643639  1.0385180040521620E+00
   700   53.200000             645547  1.0443474859676471E+00
   710   53.960000             647455  1.0470163819608982E+00
   720   54.720000             649363  1.0484126053720066E+00
   730   55.480000             651270  1.0515373483634156E+00
   740   56.240000             653178  1.0541046704039232E+00
   750   57.000000             655086  1.0591936628956771E+00
   760   57.760000             656994  1.0679931114793562E+00
   770   58.520000             658902  1.0738680211292331E+00
   780   59.280000             660810  1.0748756656871763E+00
   790   60.040000             662717  1.0759346966437646E+00
   800   60.800000             664625  1.0803156181799038E+00
   810   61.560000             666533  1.0827067932748493E+00
   820   62.320000             668441  1.0843547685002486E+00
   830   63.080000             670349  1.0890703842130236E+00
   840   63.840000             672256  1.0928809929928671E+00
   850   64.600000             674164  1.0944213657702839E+00
   860   65.360000             676072  1.0969144655657102E+00
   870   66.120000             677980  1.0995942306529094E+00
   880   66.880000             679888  1.1013829792031478E+00
   890   67.640000             681796  1.1041638792328303E+00
   900   68.400000             683703  1.1074972374202230E+00
   910   69.160000             685611  1.1120732655123819E+00
   920   69.920000             687519  1.1161583472411476E+00
   930   70.680000             689427  1.1176201700821147E+00
   940   71.440000             691335  1.1188208637034616E+00
   950   72.200000             693242  1.1223804634546231E+00
   960   72.960000             695150  1.1255199126866997E+00
   970   73.720000             697058  1.1260954116238895E+00
   980   74.480000             698966  1.1284095545492574E+00
   990   75.240000             700874  1.1333067936689241E+00
  1000   76.000000             702782  1.1382421423416162E+00
  1010   76.760000             704689  1.1391574569160057E+00
  1020   77.520000             706597  1.1408293861422201E+00
  1030   78.280000             708505  1.1447958676814809E+00
  1040   79.040000             710413  1.1470245191385093E+00
  1050   79.800000             712321  1.1471614041287177E+00
  1060   80.560000             714228  1.1489775925903452E+00
  1070   81.320000             716136  1.1531199794707336E+00
  1080   82.080000             718044  1.1559276218278842E+00
  1090   82.840000             719952  1.1587950897640100E+00
  1100   83.600000             721860  1.1638150863448078E+00
  1110   84.360000             723768  1.1697205076659714E+00
  1120   85.120000             725675  1.1752060796079524E+00
  1130   85.880000             727583  1.1790004011675606E+00
  1140   86.640000             729491  1.1853180492120894E+00
  1150   87.400000             731399  1.1882669080395880E+00
  1160   88.160000             733307  1.1903999247904880E+00
  1170   88.920000             735214  1.1925396969909099E+00
  1180   89.680000             737122  1.1949298372550214E+00
  1190   90.440000             739030  1.1957020097140960E+00
  1200   91.200000             740938  1.1968549128704389E+00
  1210   91.960000             742846  1.1999136535752599E+00
  1220   92.720000             744754  1.2022354421559398E+00
  1230   93.480000             746661  1.2059628996203975E+00
  1240   94.240000             748569  1.2113717646255724E+00
  1250   95.000000             750477  1.2154805037289875E+00
  1260   95.760000             752385  1.2195405084863848E+00
  1270   96.520000             754293  1.2238462419293294E+00
  1280   97.280000             756200  1.2272395960528406E+00
  1290   98.040000             758108  1.2301820034942195E+00
  1300   98.800000             760016  1.2325886486995994E+00
  1310   99.560000             761924  1.2350398736402632E+00
  1320   100.32000             763832  1.2364230558992164E+00
  1330   101.08000             765740  1.2365965328538993E+00
  1340   101.84000             767647  1.2369145285775809E+00
  1350   102.60000             769555  1.2376993241610650E+00
  1360   103.36000             771463  1.2390570378437435E+00
  1370   104.12000             773371  1.2408201128852137E+00
  1380   104.88000             775279  1.2413139833327431E+00
  1390   105.64000             777186  1.2417816236596244E+00
  1400   106.40000             779094  1.2427135844597703E+00
  1410   107.16000             781002  1.2430271888940800E+00
  1420   107.92000             782910  1.2441261500680858E+00
  1430   108.68000             784818  1.2465244919502370E+00
  1440   109.44000             786726  1.2492459553660737E+00
  1450   110.20000             788633  1.2527457072477985E+00
  1460   110.96000             790541  1.2553098389248625E+00
  1470   111.72000             792449  1.2578898598171311E+00
  1480   112.48000             794357  1.2608927787444650E+00
  1490   113.24000             796265  1.2644073314906363E+00
  1500   114.00000             798172  1.2686900287234109E+00
  1510   114.76000             800080  1.2719086548078877E+00
  1520   115.52000             801988  1.2755698052373741E+00
  1530   116.28000             803896  1.2795960343619939E+00
  1540   117.04000             805804  1.2819888829134811E+00
  1550   117.80000             807712  1.2842297902436439E+00
  1560   118.56000             809619  1.2863007931213244E+00
  1570   119.32000             811527  1.2869420517876142E+00
  1580   120.08000             813435  1.2882482262312718E+00
  1590   120.84000             815343  1.2888312110671551E+00
  1600   121.60000             817251  1.2887367839108148E+00
  1610   122.36000             819158  1.2886570703841920E+00
  1620   123.12000             821066  1.2886280680544198E+00
  1630   123.88000             822974  1.2911548777887434E+00
  1640   124.64000             824882  1.2946820574158515E+00
  1650   125.40000             826790  1.2997964857271576E+00
  1660   126.16000             828698  1.3037666434675341E+00
  1670   126.92000             830605  1.3070971068216297E+00
  1680   127.68000             832513  1.3110452012081759E+00
  1690   128.44000             834421  1.3125366154049947E+00
  1700   129.20000             836329  1.3142125759088052E+00
  1710   129.96000             838237  1.3143342514785161E+00
  1720   130.72000             840144  1.3146390340924927E+00
  1730   131.48000             842052  1.3149619536451007E+00
  1740   132.24000             843960  1.3180490426804057E+00
  1750   133.00000             845868  1.3227679660833975E+00
  1760   133.76000             847776  1.3262792807121109E+00
  1770   134.52000             849684  1.3286954330817533E+00
  1780   135.28000             851591  1.3307391269247422E+00
  1790   136.04000             853499  1.3328151742605063E+00
  1800   136.80000             855407  1.3362663544890054E+00
  1810   137.56000             857315  1.3394489808129151E+00
  1820   138.32000             859223  1.3439462779353955E+00
  1830   139.08000             861130  1.3483142438258322E+00
  1840   139.84000             863038  1.3505920794839705E+00
  1850   140.60000             864946  1.3539120048979691E+00
  1860   141.36000             866854  1.3581098183476636E+00
  1870   142.12000             868762  1.3604187348736356E+00
  1880   142.88000             870669  1.3631902485960885E+00
  1890   143.64000             872577  1.3662996193914294E+00
  1900   144.40000             874485  1.3687112807428214E+00
  1910   145.16000             876393  1.3716128308725073E+00
  1920   145.92000             878301  1.3736095132959010E+00
  1930   146.68000             880209  1.3761689891359068E+00
  1940   147.44000             882116  1.3805242742383497E+00
  1950   148.20000             884024  1.3838472748077093E+00
  1960   148.96000             885932  1.3866910558910281E+00
  1970   149.72000             887840  1.3901855226487607E+00
  1980   150.48000             889748  1.3936616848318730E+00
  1990   151.24000             891655  1.3973595687391256E+00
  2000   152.00000             893563  1.4007748965758635E+00
  2010   152.76000             895471  1.4009455673058098E+00
  2020   153.52000             897379  1.3987863361830291E+00
  2030   154.28000             899287  1.3987806578113293E+00
  2040   155.04000             901195  1.4026016177113667E+00
  2050   155.80000             903102  1.4071753781791239E+00
  2060   156.56000             905010  1.4107776393645519E+00
  2070   157.32000             906918  1.4158979940586933E+00
  2080   158.08000             908826  1.4206729291219204E+00
  2090   158.84000             910734  1.4239845768021575E+00
  2100   159.60000             912641  1.4298218097259243E+00
  2110   160.36000             914549  1.4368389362584892E+00
  2120   161.12000             916457  1.4428182451521645E+00
  2130   161.88000             918365  1.4456399069226804E+00
  2140   162.64000             920273  1.4489597295894461E+00
  2150   163.40000             922181  1.4535507106969194E+00
  2160   164.16000             924088  1.4566171483535075E+00
  2170   164.92000             925996  1.4582568674671514E+00
  2180   165.68000             927904  1.4597935252584175E+00
  2190   166.44000             929812  1.4610747253757959E+00
  2200   167.20000             931720  1.4641609148914874E+00
  2210   167.96000             933627  1.4688078704999215E+00
  2220   168.72000             935535  1.4739158817598128E+00
  2230   169.48000             937443  1.4800583144750976E+00
  2240   170.24000             939351  1.4836852512856595E+00
  2250   171.00000             941259  1.4866033915090746E+00
  2260   171.76000             943167  1.4893928292353200E+00
  2270   172.52000             945074  1.4920513338396688E+00
  2280   173.28000             946982  1.4948543092405144E+00
  2290   174.04000             948890  1.4971391868850443E+00
  2300   174.80000             950798  1.4983480890671055E+00
  2310   175.56000             952706  1.5022452899414778E+00
  2320   176.32000             954613  1.5046203845363497E+00
  2330   177.08000             956521  1.5067170152880953E+00
  2340   177.84000             958429  1.5098085979476545E+00
  2350   178.60000             960337  1.5103675938357026E+00
  2360   179.36000             962245  1.5127056013241615E+00
  2370   180.12000             964153  1.5125715690437935E+00
  2380   180.88000             966060  1.5135521150866305E+00
  2390   181.64000             967968  1.5158085939651236E+00
  2400   182.40000             969876  1.5179325206012211E+00
  2410   183.16000             971784  1.5226140459428144E+00
  2420   183.92000             973692  1.5271353191282460E+00
  2430   184.68000             975599  1.5313064342109841E+00
  2440   185.44000             977507  1.5339411529597360E+00
  2450   186.20000             979415  1.5367220312162666E+00
  2460   186.96000             981323  1.5394550602863721E+00
  2470   187.72000             983231  1.5432201910297993E+00
  2480   188.48000             985139  1.5468032170960981E+00
  2490   189.24000             987046  1.5497289919341619E+00
  2500   190.00000             988954  1.5530459089283064E+00
  2510   190.76000             990862  1.5595354203629137E+00
  2520   191.52000             992770  1.5659201215882765E+00
  2530   192.28000             994678  1.5746520448535375E+00
  2540   193.04000             996585  1.5791780308343810E+00
  2550   193.80000             998493  1.5825458089716706E+00
  2560   194.56000            1000401  1.5788759312801410E+00
  2570   195.32000            1002309  1.5760760994846288E+00
  2580   196.08000            1004217  1.5744351938042596E+00
  2590   196.84000            1006125  1.5774838160254026E+00
  2600   197.60000            1008032  1.5791790644973116E+00
  2610   198.36000            1009940  1.5868604421155725E+00
  2620   199.12000            1011848  1.5982838097755216E+00
  2630   199.88000            1013756  1.6040160503626655E+00
  2640   200.64000            1015664  1.6046476461858767E+00
  2650   201.40000            1017571  1.6017338936506302E+00
  2660   202.16000            1019479  1.5962777648651292E+00
  2670   202.92000            1021387  1.5925965853465511E+00
  2680   203.68000            1023295  1.5902117304706516E+00
  2690   204.44000            1025203  1.5913678776312203E+00
  2700   205.20000            1027111  1.5913013287294833E+00
  2710   205.96000            1029018  1.5957022727780594E+00
  2720   206.72000            1030926  1.6006536682069830E+00
  2730   207.48000            1032834  1.6048933375376961E+00
  2740   208.24000            1034742  1.6106027737404882E+00
  2750   209.00000            1036650  1.6161264568865716E+00
  2760   209.76000            1038557  1.6159887630280414E+00
  2770   210.52000            1040465  1.6153426857288011E+00
  2780   211.28000            1042373  1.6148478020665167E+00
  2790   212.04000            1044281  1.6143041339505941E+00
  2800   212.80000            1046189  1.6159631640218799E+00
  2810   213.56000            1048097  1.6243319955134259E+00
  2820   214.32000            1050004  1.6358872841138712E+00
  2830   215.08000            1051912  1.6423611179953050E+00
  2840   215.84000            1053820  1.6473394554001692E+00
  2850   216.60000            1055728  1.6512918218289652E+00
  2860   217.36000            1057636  1.6499232021570152E+00
  2870   218.12000            1059543  1.6474938453609149E+00
  2880   218.88000            1061451  1.6460385763138239E+00
  2890   219.64000            1063359  1.6444247214595187E+00
  2900   220.40000            1065267  1.6413649872033154E+00
  2910   221.16000            1067175  1.6373820939542281E+00
  2920   221.92000            1069083  1.6383666029405504E+00
  2930   222.68000            1070990  1.6435485960803806E+00
  2940   223.44000            1072898  1.6467834296446737E+00
  2950   224.20000            1074806  1.6513324191035184E+00
  2960   224.96000            1076714  1.6570293780511212E+00
  2970   225.72000            1078622  1.6633715731253704E+00
  2980   226.48000            1080529  1.6719604824776884E+00
  2990   227.24000            1082437  1.6771117225285634E+00
  3000   228.00000            1084345  1.6801183159227095E+00
  3010   228.76000            1086253  1.6840484888512401E+00
  3020   229.52000            1088161  1.6870274249593677E+00
  3030   230.28000            1090069  1.6915186154493893E+00
  3040   231.04000            1091976  1.6958224374702149E+00
  3050   231.80000            1093884  1.6993066776514745E+00
  3060   232.56000            1095792  1.7046982066825791E+00
  3070   233.32000            1097700  1.7089577885878278E+00
  3080   234.08000            1099608  1.7120195956478297E+00
  3090   234.84000            1101515  1.7166728635486370E+00
  3100   235.60000            1103423  1.7222511312841884E+00
  3110   236.36000            1105331  1.7244868598378948E+00
  3120   237.12000            1107239  1.7261766359657122E+00
  3130   237.88000            1109147  1.7288221275608453E+00
  3140   238.64000            1111055  1.7322670558426956E+00
  3150   239.40000            1112962  1.7365236446278545E+00
  3160   240.16000            1114870  1.7392255277031283E+00
  3170   240.92000            1116778  1.7423788193838092E+00
  3180   241.68000            1118686  1.7446316149996877E+00
  3190   242.44000            1120594  1.7456005604865388E+00
  3200   243.20000            1122501  1.7465750204443409E+00
  3210   243.96000            1124409  1.7474212547014500E+00
  3220   244.72000            1126317  1.7478020340006433E+00
  3230   245.48000            1128225  1.7507184604279391E+00
  3240   246.24000            1130133  1.7557321225834857E+00
  3250   247.00000            1132041  1.7617506130548044E+00
  3260   247.76000            1133948  1.7676654645576819E+00
  3270   248.52000            1135856  1.7729800259292361E+00
  3280   249.28000            1137764  1.7789812575584047E+00
  3290   250.04000            1139672  1.7799799704265977E+00
  3300   250.80000            1141580  1.7832822161098663E+00
  3310   251.56000            1143487  1.7890776082699500E+00
  3320   252.32000            1145395  1.7922113424552464E+00
  3330   253.08000            1147303  1.7948513095487679E+00
  3340   253.84000            1149211  1.7969116056038335E+00
  3350   254.60000            1151119  1.8017447990493831E+00
  3360   255.36000            1153027  1.8030128395194640E+00
  3370   256.12000            1154934  1.8043674091233746E+00
  3380   256.88000            1156842  1.8067938732674254E+00
  3390   257.64000            1158750  1.8073553343496993E+00
  3400   258.40000            1160658  1.8084068149674832E+00
  3410   259.16000            1162566  1.8118585865914076E+00
  3420   259.92000            1164473  1.8144479634366064E+00
  3430   260.68000            1166381  1.8167318653157698E+00
  3440   261.44000            1168289  1.8202752859944340E+00
  3450   262.20000            1170197  1.8241488789498612E+00
  3460   262.96000            1172105  1.8267810903480792E+00
  3470   263.72000            1174013  1.8312315718965579E+00
  3480   264.48000            1175920  1.8334591073286250E+00
  3490   265.24000            1177828  1.8354109529862395E+00
  3500   266.00000            1179736  1.8352011976450677E+00
  3510   266.76000            1181644  1.8368902878185087E+00
  3520   267.52000            1183552  1.8405930990104531E+00
  3530   268.28000            1185459  1.8442898411144428E+00
  3540   269.04000            1187367  1.8508180647913686E+00
  3550   269.80000            1189275  1.8562835129005666E+00
  3560   270.56000            1191183  1.8617970291322536E+00
  3570   271.32000            1193091  1.8671412577964752E+00
  3580   272.08000            1194998  1.8720715614736689E+00
  3590   272.84000            1196906  1.8758030483054284E+00
  3600   273.60000            1198814  1.8787093947499520E+00
  3610   274.36000            1200722  1.8829515110583950E+00
  3620   275.12000            1202630  1.8860334984182945E+00
  3630   275.88000            1204538  1.8886541955657712E+00
  3640   276.64000            1206445  1.8954679920239490E+00
  3650   277.40000            1208353  1.9041198237748465E+00
  3660   278.16000            1210261  1.9088328198040196E+00
  3670   278.92000            1212169  1.9106433899268072E+00
  3680   279.68000            1214077  1.9104741052038470E+00
  3690   280.44000            1215984  1.9124542406777802E+00
  3700   281.20000            1217892  1.9140021985908877E+00
  3710   281.96000            1219800  1.9133106988039714E+00
  3720   282.72000            1221708  1.9162658495650953E+00
  3730   283.48000            1223616  1.9203098317912441E+00
  3740   284.24000            1225524  1.9241348444075648E+00
  3750   285.00000            1227431  1.9293953536095154E+00
  3760   285.76000            1229339  1.9325637000827109E+00
  3770   286.52000            1231247  1.9392252991203862E+00
  3780   287.28000            1233155  1.9416817402546254E+00
  3790   288.04000            1235063  1.9467227347319938E+00
  3800   288.80000            1236970  1.9555506050088598E+00
  3810   289.56000            1238878  1.9618597060893657E+00
  3820   290.32000            1240786  1.9651005622250812E+00
  3830   291.08000            1242694  1.9695681912330436E+00
  3840   291.84000            1244602  1.9747939646600121E+00
  3850   292.60000            1246510  1.9764932177460679E+00
  3860   293.36000            1248417  1.9782010968658947E+00
  3870   294.12000            1250325  1.9785460380974609E+00
  3880   294.88000            1252233  1.9770154669128608E+00
  3890   295.64000            1254141  1.9777913727043104E+00
  3900   296.40000            1256049  1.9808758470400862E+00
  3910   297.16000            1257956  1.9822535008970559E+00
  3920   297.92000            1259864  1.9844295580996929E+00
  3930   298.68000            1261772  1.9888052128223344E+00
  3940   299.44000            1263680  1.9912514332831155E+00
  3950   300.20000            1265588  1.9933703796317497E+00
  3960   300.96000            1267496  1.9970001225683216E+00
  3970   301.72000            1269403  1.9979833255010215E+00
  3980   302.48000            1271311  2.0015616127345672E+00
  3990   303.24000            1273219  2.0045755098818008E+00
  4000   304.00000            1275127  2.0054893585183535E+00
  4010   304.76000            1277035  2.0077754567209984E+00
  4020   305.52000            1278942  2.0107202745330839E+00
  4030   306.28000            1280850  2.0106513565391939E+00
  4040   307.04000            1282758  2.0088595737689534E+00
  4050   307.80000            1284666  2.0119420515819995E+00
  4060   308.56000            1286574  2.0128784996307165E+00
  4070   309.32000            1288482  2.0118862557024322E+00
  4080   310.08000            1290389  2.0159109666290904E+00
  4090   310.84000            1292297  2.0202181279400553E+00
  4100   311.60000            1294205  2.0249176227371586E+00
  4110   312.36000            1296113  2.0320089811337239E+00
  4120   313.12000            1298021  2.0385687479563552E+00
  4130   313.88000            1299928  2.0427160606969426E+00
  4140   314.64000            1301836  2.0460376177425541E+00
  4150   315.40000            1303744  2.0485687962187793E+00
  4160   316.16000            1305652  2.0509051605804753E+00
  4170   316.92000            1307560  2.0509690574630297E+00
  4180   317.68000            1309468  2.0534778975779644E+00
  4190   318.44000            1311375  2.0560238487032332E+00
  4200   319.20000            1313283  2.0577335962117984E+00
  4210   319.96000            1315191  2.0617554041800088E+00
  4220   320.72000            1317099  2.0653177085469099E+00
  4230   321.48000            1319007  2.0672900519750859E+00
  4240   322.24000            1320914  2.0701691001259790E+00
  4250   323.00000            1322822  2.0727038060828584E+00
  4260   323.76000            1324730  2.0746514283458040E+00
  4270   324.52000            1326638  2.0760662006915371E+00
  4280   325.28000            1328546  2.0772541420899109E+00
  4290   326.04000            1330454  2.0775065403481556E+00
  4300   326.80000            1332361  2.0802784899648694E+00
  4310   327.56000            1334269  2.0850489714054516E+00
  4320   328.32000            1336177  2.0929032102191689E+00
  4330   329.08000            1338085  2.0995691513698445E+00
  4340   329.84000            1339993  2.1002743517436424E+00
  4350   330.60000            1341900  2.1013757650979139E+00
  4360   331.36000            1343808  2.1049833287337010E+00
  4370   332.12000            1345716  2.1061270376329895E+00
  4380   332.88000            1347624  2.1056520602348012E+00
  4390   333.64000            1349532  2.1095293667710671E+00
  4400   334.40000            1351440  2.1139949891618692E+00
  4410   335.16000            1353347  2.1158673198825624E+00
  4420   335.92000            1355255  2.1194496175646149E+00
  4430   336.68000            1357163  2.1230940941589616E+00
  4440   337.44000            1359071  2.1239277687104714E+00
  4450   338.20000            1360979  2.1258856765129113E+00
  4460   338.96000            1362886  2.1284343502932006E+00
  4470   339.72000            1364794  2.1306116560787500E+00
  4480   340.48000            1366702  2.1334817248176918E+00
  4490   341.24000            1368610  2.1369945762664417E+00
  4500   342.00000            1370518  2.1401255219567790E+00
  4510   342.76000            1372426  2.1426578168031267E+00
  4520   343.52000            1374333  2.1458073991989619E+00
  4530   344.28000            1376241  2.1490885913554907E+00
  4540   345.04000            1378149  2.1532322571048246E+00
  4550   345.80000            1380057  2.1563675225902901E+00
  4560   346.56000            1381965  2.1595285434855516E+00
  4570   347.32000            1383872  2.1633178055289379E+00
  4580   348.08000            1385780  2.1669434583375291E+00
  4590   348.84000            1387688  2.1697905330036815E+00
  4600   349.60000            1389596  2.1754251737561807E+00
