! Kinetic energy for species "positrons"
  Iter        Time          Total Par.             Kin. Energy
     0   0.0000000             512000  8.3029861199539268E-01
    10  0.76000000             513908  8.1879538413856467E-01
    20   1.5200000             515815  8.0774516420289910E-01
    30   2.2800000             517723  8.2004419777782722E-01
    40   3.0400000             519631  8.2445143191332848E-01
    50   3.8000000             521539  8.1600483136425783E-01
    60   4.5600000             523447  8.3838084937736190E-01
    70   5.3200000             525354  8.5022779609758037E-01
    80   6.0800000             527262  8.3452045948863596E-01
    90   6.8400000             529170  8.2868762161035492E-01
   100   7.6000000             531078  8.4162943969827830E-01
   110   8.3600000             532986  8.4134918524746483E-01
   120   9.1200000             534894  8.4958366466276902E-01
   130   9.8800000             536801  8.4704698885352836E-01
   140   10.640000             538709  8.4701178702823732E-01
   150   11.400000             540617  8.5094332850467858E-01
   160   12.160000             542525  8.6473046572402601E-01
   170   12.920000             544433  8.6433501069279295E-01
   180   13.680000             546340  8.6317773032365885E-01
   190   14.440000             548248  8.6106015572627892E-01
   200   15.200000             550156  8.6187506425265337E-01
   210   15.960000             552064  8.6622760092658435E-01
   220   16.720000             553972  8.7204329298465000E-01
   230   17.480000             555880  8.7326864815134164E-01
   240   18.240000             557787  8.7249052665935101E-01
   250   19.000000             559695  8.7206694573681875E-01
   260   19.760000             561603  8.7733439380867373E-01
   270   20.520000             563511  8.8342483518888026E-01
   280   21.280000             565419  8.9437076894833079E-01
   290   22.040000             567326  9.0300090468612315E-01
   300   22.800000             569234  9.0398229834797028E-01
   310   23.560000             571142  9.1085464676980188E-01
   320   24.320000             573050  9.1941655563050384E-01
   330   25.080000             574958  9.2273656732617260E-01
   340   25.840000             576866  9.2680358578705191E-01
   350   26.600000             578773  9.3121282959299634E-01
   360   27.360000             580681  9.3715715157379176E-01
   370   28.120000             582589  9.3595319129883103E-01
   380   28.880000             584497  9.3787478653210610E-01
   390   29.640000             586405  9.4206515931267243E-01
   400   30.400000             588312  9.4569163195836947E-01
   410   31.160000             590220  9.5276292315755617E-01
   420   31.920000             592128  9.5463563721558886E-01
   430   32.680000             594036  9.5613516145060218E-01
   440   33.440000             595944  9.5647912118003120E-01
   450   34.200000             597852  9.5431627593374801E-01
   460   34.960000             599759  9.5092924323981154E-01
   470   35.720000             601667  9.5107770560991223E-01
   480   36.480000             603575  9.5161537150305664E-01
   490   37.240000             605483  9.5287558522129490E-01
   500   38.000000             607391  9.5780786554704855E-01
   510   38.760000             609298  9.6468089391487433E-01
   520   39.520000             611206  9.7426403251696136E-01
   530   40.280000             613114  9.8842502039187463E-01
   540   41.040000             615022  1.0035593022748917E+00
   550   41.800000             616930  1.0144212167946445E+00
   560   42.560000             618838  1.0172754125476280E+00
   570   43.320000             620745  1.0214798079797383E+00
   580   44.080000             622653  1.0278269742404220E+00
   590   44.840000             624561  1.0370556269400251E+00
   600   45.600000             626469  1.0382252977497717E+00
   610   46.360000             628377  1.0381807876232407E+00
   620   47.120000             630284  1.0415313140818370E+00
   630   47.880000             632192  1.0487509380787217E+00
   640   48.640000             634100  1.0510077678465644E+00
   650   49.400000             636008  1.0512966572179263E+00
   660   50.160000             637916  1.0550718021086101E+00
   670   50.920000             639824  1.0630385677171545E+00
   680   51.680000             641731  1.0671782516974573E+00
   690   52.440000             643639  1.0668457393982234E+00
   700   53.200000             645547  1.0697076864306452E+00
   710   53.960000             647455  1.0750425809002186E+00
   720   54.720000             649363  1.0764733700821671E+00
   730   55.480000             651270  1.0761635026377325E+00
   740   56.240000             653178  1.0779091643991983E+00
   750   57.000000             655086  1.0808314466850046E+00
   760   57.760000             656994  1.0838587087582003E+00
   770   58.520000             658902  1.0876141062025579E+00
   780   59.280000             660810  1.0928861939193566E+00
   790   60.040000             662717  1.0967597654706447E+00
   800   60.800000             664625  1.0985069659999114E+00
   810   61.560000             666533  1.0985609177478557E+00
   820   62.320000             668441  1.1017982642843420E+00
   830   63.080000             670349  1.1048137931157969E+00
   840   63.840000             672256  1.1093122045613670E+00
   850   64.600000             674164  1.1134555525789380E+00
   860   65.360000             676072  1.1154525747810224E+00
   870   66.120000             677980  1.1161057996524846E+00
   880   66.880000             679888  1.1175101839026511E+00
   890   67.640000             681796  1.1211234223370119E+00
   900   68.400000             683703  1.1247376930498012E+00
   910   69.160000             685611  1.1276354784807374E+00
   920   69.920000             687519  1.1286469740398717E+00
   930   70.680000             689427  1.1303943288205911E+00
   940   71.440000             691335  1.1325479288167961E+00
   950   72.200000             693242  1.1336821671003476E+00
   960   72.960000             695150  1.1384867091836246E+00
   970   73.720000             697058  1.1381982233654389E+00
   980   74.480000             698966  1.1397123895899643E+00
   990   75.240000             700874  1.1427810402103646E+00
  1000   76.000000             702782  1.1455050507840692E+00
  1010   76.760000             704689  1.1461012183024262E+00
  1020   77.520000             706597  1.1471614243321580E+00
  1030   78.280000             708505  1.1483969599733910E+00
  1040   79.040000             710413  1.1508624588250387E+00
  1050   79.800000             712321  1.1542032340301938E+00
  1060   80.560000             714228  1.1558319548353941E+00
  1070   81.320000             716136  1.1571982239324323E+00
  1080   82.080000             718044  1.1591205120518866E+00
  1090   82.840000             719952  1.1618115285876822E+00
  1100   83.600000             721860  1.1665333104259463E+00
  1110   84.360000             723768  1.1663681803351948E+00
  1120   85.120000             725675  1.1671087725295251E+00
  1130   85.880000             727583  1.1708672600384358E+00
  1140   86.640000             729491  1.1727236681932807E+00
  1150   87.400000             731399  1.1736421682187028E+00
  1160   88.160000             733307  1.1730102038230643E+00
  1170   88.920000             735214  1.1757352666306717E+00
  1180   89.680000             737122  1.1783792107592062E+00
  1190   90.440000             739030  1.1753182085888156E+00
  1200   91.200000             740938  1.1808499350460662E+00
  1210   91.960000             742846  1.1813604490285485E+00
  1220   92.720000             744753  1.1820594044111119E+00
  1230   93.480000             746661  1.1875416791019671E+00
  1240   94.240000             748569  1.1887702828202367E+00
  1250   95.000000             750477  1.1917663558355618E+00
  1260   95.760000             752385  1.1964791166630673E+00
  1270   96.520000             754293  1.1968566135307643E+00
  1280   97.280000             756200  1.2045412014760015E+00
  1290   98.040000             758108  1.2064925343683603E+00
  1300   98.800000             760016  1.2112182181553210E+00
  1310   99.560000             761924  1.2163992044134484E+00
  1320   100.32000             763832  1.2186653217815140E+00
  1330   101.08000             765739  1.2216152512007385E+00
  1340   101.84000             767647  1.2239342491142311E+00
  1350   102.60000             769555  1.2265371847549897E+00
  1360   103.36000             771463  1.2290533987964212E+00
  1370   104.12000             773371  1.2360803431389202E+00
  1380   104.88000             775279  1.2354206589799857E+00
  1390   105.64000             777186  1.2420616401136533E+00
  1400   106.40000             779094  1.2421926166787538E+00
  1410   107.16000             781002  1.2456273592742351E+00
  1420   107.92000             782910  1.2464192807471139E+00
  1430   108.68000             784818  1.2474342316651494E+00
  1440   109.44000             786725  1.2479406182345723E+00
  1450   110.20000             788633  1.2477642315921209E+00
  1460   110.96000             790541  1.2502818779759852E+00
  1470   111.72000             792449  1.2517020088781252E+00
  1480   112.48000             794357  1.2571393383637748E+00
  1490   113.24000             796265  1.2586769769198003E+00
  1500   114.00000             798172  1.2633363286330102E+00
  1510   114.76000             800080  1.2650490649779944E+00
  1520   115.52000             801988  1.2681567559365066E+00
  1530   116.28000             803896  1.2720370321044812E+00
  1540   117.04000             805804  1.2746357836256805E+00
  1550   117.80000             807711  1.2792295872951294E+00
  1560   118.56000             809619  1.2830871834940027E+00
  1570   119.32000             811527  1.2860655664907978E+00
  1580   120.08000             813435  1.2905787595451037E+00
  1590   120.84000             815343  1.2945800775837919E+00
  1600   121.60000             817251  1.2989325199394306E+00
  1610   122.36000             819158  1.3024915950778964E+00
  1620   123.12000             821066  1.3054211219081382E+00
  1630   123.88000             822974  1.3072651566891063E+00
  1640   124.64000             824882  1.3101936120629862E+00
  1650   125.40000             826790  1.3144159089633933E+00
  1660   126.16000             828697  1.3165112751656218E+00
  1670   126.92000             830605  1.3213167139441628E+00
  1680   127.68000             832513  1.3261109889208855E+00
  1690   128.44000             834421  1.3271937916348726E+00
  1700   129.20000             836329  1.3304724012049531E+00
  1710   129.96000             838237  1.3358402646193319E+00
  1720   130.72000             840144  1.3396333313423638E+00
  1730   131.48000             842052  1.3422586454671881E+00
  1740   132.24000             843960  1.3431870031579871E+00
  1750   133.00000             845868  1.3455179348719468E+00
  1760   133.76000             847776  1.3528669210076290E+00
  1770   134.52000             849683  1.3608209816351993E+00
  1780   135.28000             851591  1.3678270523299334E+00
  1790   136.04000             853499  1.3797299274992221E+00
  1800   136.80000             855407  1.3838615013803759E+00
  1810   137.56000             857315  1.3869525428142344E+00
  1820   138.32000             859223  1.3881300559703105E+00
  1830   139.08000             861130  1.3875245910393821E+00
  1840   139.84000             863038  1.3864993554220257E+00
  1850   140.60000             864946  1.3823629819587535E+00
  1860   141.36000             866854  1.3839613794488406E+00
  1870   142.12000             868762  1.3871116081234629E+00
  1880   142.88000             870669  1.3874910981918187E+00
  1890   143.64000             872577  1.3907347919837754E+00
  1900   144.40000             874485  1.3965396195250359E+00
  1910   145.16000             876393  1.4014173156589507E+00
  1920   145.92000             878301  1.4054330387734917E+00
  1930   146.68000             880209  1.4113538324645831E+00
  1940   147.44000             882116  1.4176922911222398E+00
  1950   148.20000             884024  1.4218872268065179E+00
  1960   148.96000             885932  1.4242216522734776E+00
  1970   149.72000             887840  1.4279066473910127E+00
  1980   150.48000             889748  1.4290479013153221E+00
  1990   151.24000             891655  1.4325529231474574E+00
  2000   152.00000             893563  1.4358481671381118E+00
  2010   152.76000             895471  1.4372275160253489E+00
  2020   153.52000             897379  1.4398802106180792E+00
  2030   154.28000             899287  1.4425357922483268E+00
  2040   155.04000             901195  1.4449229175735165E+00
  2050   155.80000             903102  1.4491445465073673E+00
  2060   156.56000             905010  1.4504553619295382E+00
  2070   157.32000             906918  1.4529164104862560E+00
  2080   158.08000             908826  1.4576813371586976E+00
  2090   158.84000             910734  1.4605130333797405E+00
  2100   159.60000             912641  1.4615911239896577E+00
  2110   160.36000             914549  1.4622821505980896E+00
  2120   161.12000             916457  1.4632077558536092E+00
  2130   161.88000             918365  1.4641886967709630E+00
  2140   162.64000             920273  1.4657547358232459E+00
  2150   163.40000             922181  1.4676917929670581E+00
  2160   164.16000             924088  1.4716782786994154E+00
  2170   164.92000             925996  1.4759188039954472E+00
  2180   165.68000             927904  1.4793177616945927E+00
  2190   166.44000             929812  1.4847383476590470E+00
  2200   167.20000             931720  1.4916321821126233E+00
  2210   167.96000             933627  1.4965979832782539E+00
  2220   168.72000             935535  1.5009715923663998E+00
  2230   169.48000             937443  1.5060157097232114E+00
  2240   170.24000             939351  1.5110623144483248E+00
  2250   171.00000             941259  1.5130545474527066E+00
  2260   171.76000             943167  1.5164721346267753E+00
  2270   172.52000             945074  1.5221610867173139E+00
  2280   173.28000             946982  1.5260899358224349E+00
  2290   174.04000             948890  1.5292447004050371E+00
  2300   174.80000             950798  1.5331819723807967E+00
  2310   175.56000             952706  1.5359341979261012E+00
  2320   176.32000             954613  1.5390469100550483E+00
  2330   177.08000             956521  1.5456687715175526E+00
  2340   177.84000             958429  1.5537750870729861E+00
  2350   178.60000             960337  1.5637039067975287E+00
  2360   179.36000             962245  1.5703058281351725E+00
  2370   180.12000             964153  1.5742027001294807E+00
  2380   180.88000             966060  1.5781354333676076E+00
  2390   181.64000             967968  1.5827359989020648E+00
  2400   182.40000             969876  1.5900590994418866E+00
  2410   183.16000             971784  1.5963497152669031E+00
  2420   183.92000             973692  1.5969425139884161E+00
  2430   184.68000             975599  1.5948620561120461E+00
  2440   185.44000             977507  1.5944061819805839E+00
  2450   186.20000             979415  1.5984507614459209E+00
  2460   186.96000             981323  1.6045166602299399E+00
  2470   187.72000             983231  1.6120170759316541E+00
  2480   188.48000             985139  1.6174542988464260E+00
  2490   189.24000             987046  1.6214307195279682E+00
  2500   190.00000             988954  1.6251160445970294E+00
  2510   190.76000             990862  1.6303283295768223E+00
  2520   191.52000             992770  1.6367337026173716E+00
  2530   192.28000             994678  1.6411606779498094E+00
  2540   193.04000             996585  1.6446135497814978E+00
  2550   193.80000             998493  1.6455675074707636E+00
  2560   194.56000            1000401  1.6470768971422971E+00
  2570   195.32000            1002309  1.6506008976963402E+00
  2580   196.08000            1004217  1.6568819906064074E+00
  2590   196.84000            1006125  1.6606987701198883E+00
  2600   197.60000            1008032  1.6642821288809504E+00
  2610   198.36000            1009940  1.6706308736525131E+00
  2620   199.12000            1011848  1.6713509744112749E+00
  2630   199.88000            1013756  1.6681208164059023E+00
  2640   200.64000            1015664  1.6695307668490325E+00
  2650   201.40000            1017571  1.6716327519350322E+00
  2660   202.16000            1019479  1.6680659873570087E+00
  2670   202.92000            1021387  1.6707288092684642E+00
  2680   203.68000            1023295  1.6741502660950973E+00
  2690   204.44000            1025203  1.6752208861312217E+00
  2700   205.20000            1027111  1.6806010670448153E+00
  2710   205.96000            1029018  1.6830543689063162E+00
  2720   206.72000            1030926  1.6839797870632003E+00
  2730   207.48000            1032834  1.6873580878014982E+00
  2740   208.24000            1034742  1.6881925612008946E+00
  2750   209.00000            1036650  1.6900667724841658E+00
  2760   209.76000            1038557  1.6938597018924062E+00
  2770   210.52000            1040465  1.6940926155861200E+00
  2780   211.28000            1042373  1.6943346149545000E+00
  2790   212.04000            1044281  1.6988523746667299E+00
  2800   212.80000            1046189  1.7019442256611126E+00
  2810   213.56000            1048097  1.7039933661575881E+00
  2820   214.32000            1050004  1.7044227033811783E+00
  2830   215.08000            1051912  1.7058315189411701E+00
  2840   215.84000            1053820  1.7113950719248507E+00
  2850   216.60000            1055728  1.7122239085761255E+00
  2860   217.36000            1057636  1.7155389118095132E+00
  2870   218.12000            1059543  1.7216031159406779E+00
  2880   218.88000            1061451  1.7231057067605258E+00
  2890   219.64000            1063359  1.7255471832249902E+00
  2900   220.40000            1065267  1.7292851781001561E+00
  2910   221.16000            1067175  1.7313368683299404E+00
  2920   221.92000            1069082  1.7337655499756484E+00
  2930   222.68000            1070990  1.7388775250019222E+00
  2940   223.44000            1072898  1.7407149010114007E+00
  2950   224.20000            1074806  1.7421464557592863E+00
  2960   224.96000            1076714  1.7476806545282706E+00
  2970   225.72000            1078622  1.7505615728874939E+00
  2980   226.48000            1080529  1.7523375254134748E+00
  2990   227.24000            1082437  1.7565147897647311E+00
  3000   228.00000            1084345  1.7583239128901806E+00
  3010   228.76000            1086253  1.7627655732072696E+00
  3020   229.52000            1088161  1.7668155091934454E+00
  3030   230.28000            1090068  1.7661621413023703E+00
  3040   231.04000            1091976  1.7678544035977004E+00
  3050   231.80000            1093884  1.7740399016081807E+00
  3060   232.56000            1095792  1.7761914324442034E+00
  3070   233.32000            1097700  1.7780468726275114E+00
  3080   234.08000            1099608  1.7847044891828647E+00
  3090   234.84000            1101515  1.7841077426779068E+00
  3100   235.60000            1103423  1.7902878218896994E+00
  3110   236.36000            1105331  1.7937029024427054E+00
  3120   237.12000            1107239  1.7991816833132273E+00
  3130   237.88000            1109147  1.8031419552096493E+00
  3140   238.64000            1111054  1.8072082477067788E+00
  3150   239.40000            1112962  1.8111905812200326E+00
  3160   240.16000            1114870  1.8162842507795236E+00
  3170   240.92000            1116778  1.8210731778579814E+00
  3180   241.68000            1118686  1.8246154098896490E+00
  3190   242.44000            1120594  1.8292265175684690E+00
  3200   243.20000            1122501  1.8306539649790086E+00
  3210   243.96000            1124409  1.8354657327786150E+00
  3220   244.72000            1126317  1.8350703171369414E+00
  3230   245.48000            1128225  1.8400054050727743E+00
  3240   246.24000            1130133  1.8432938576664541E+00
  3250   247.00000            1132040  1.8463100612985406E+00
  3260   247.76000            1133948  1.8493963099788380E+00
  3270   248.52000            1135856  1.8542751076679438E+00
  3280   249.28000            1137764  1.8607674875459592E+00
  3290   250.04000            1139672  1.8652891087565104E+00
  3300   250.80000            1141580  1.8708803216152736E+00
  3310   251.56000            1143487  1.8779923115541013E+00
  3320   252.32000            1145395  1.8857753871864551E+00
  3330   253.08000            1147303  1.8877297758651597E+00
  3340   253.84000            1149211  1.8922142681423004E+00
  3350   254.60000            1151119  1.8967887754057866E+00
  3360   255.36000            1153026  1.9012823423144960E+00
  3370   256.12000            1154934  1.9017917561265283E+00
  3380   256.88000            1156842  1.9063010226663240E+00
  3390   257.64000            1158750  1.9068409281975491E+00
  3400   258.40000            1160658  1.9078391384890376E+00
  3410   259.16000            1162566  1.9109809559541278E+00
  3420   259.92000            1164473  1.9151597356564867E+00
  3430   260.68000            1166381  1.9181459195130164E+00
  3440   261.44000            1168289  1.9258192173559108E+00
  3450   262.20000            1170197  1.9339465985294124E+00
  3460   262.96000            1172105  1.9380387917813486E+00
  3470   263.72000            1174012  1.9434470127503647E+00
  3480   264.48000            1175920  1.9489356887854297E+00
  3490   265.24000            1177828  1.9512428834011899E+00
  3500   266.00000            1179736  1.9519782092414035E+00
  3510   266.76000            1181644  1.9528694788010645E+00
  3520   267.52000            1183552  1.9574882263186784E+00
  3530   268.28000            1185459  1.9610483742229063E+00
  3540   269.04000            1187367  1.9631654049019605E+00
  3550   269.80000            1189275  1.9688509629244075E+00
  3560   270.56000            1191183  1.9776482423886583E+00
  3570   271.32000            1193091  1.9800051647980423E+00
  3580   272.08000            1194998  1.9809064109887426E+00
  3590   272.84000            1196906  1.9868886635280001E+00
  3600   273.60000            1198814  1.9890712428306012E+00
  3610   274.36000            1200722  1.9891771679529757E+00
  3620   275.12000            1202630  1.9924924674902269E+00
  3630   275.88000            1204538  1.9964519990823479E+00
  3640   276.64000            1206445  1.9968715615742771E+00
  3650   277.40000            1208353  1.9968625920291876E+00
  3660   278.16000            1210261  2.0013796468643208E+00
  3670   278.92000            1212169  2.0053392918713131E+00
  3680   279.68000            1214077  2.0082962033162901E+00
  3690   280.44000            1215984  2.0093313537581610E+00
  3700   281.20000            1217892  2.0106570059832647E+00
  3710   281.96000            1219800  2.0141636893080781E+00
  3720   282.72000            1221708  2.0172816413194163E+00
  3730   283.48000            1223616  2.0198117497634263E+00
  3740   284.24000            1225524  2.0203463790965781E+00
  3750   285.00000            1227431  2.0218853894152815E+00
  3760   285.76000            1229339  2.0235078280657586E+00
  3770   286.52000            1231247  2.0253388303915103E+00
  3780   287.28000            1233155  2.0286218973103822E+00
  3790   288.04000            1235063  2.0290843659403777E+00
  3800   288.80000            1236970  2.0281696758241021E+00
  3810   289.56000            1238878  2.0305332679069981E+00
  3820   290.32000            1240786  2.0338825606968491E+00
  3830   291.08000            1242694  2.0342402868869192E+00
  3840   291.84000            1244602  2.0362314514033049E+00
  3850   292.60000            1246510  2.0393968831797529E+00
  3860   293.36000            1248417  2.0407792254628943E+00
  3870   294.12000            1250325  2.0414429627293709E+00
  3880   294.88000            1252233  2.0437205351043342E+00
  3890   295.64000            1254141  2.0468729159783878E+00
  3900   296.40000            1256049  2.0498459689632855E+00
  3910   297.16000            1257956  2.0502729753530069E+00
  3920   297.92000            1259864  2.0504050770364848E+00
  3930   298.68000            1261772  2.0534258939305121E+00
  3940   299.44000            1263680  2.0549816948699404E+00
  3950   300.20000            1265588  2.0548410866636417E+00
  3960   300.96000            1267496  2.0599753544695840E+00
  3970   301.72000            1269403  2.0672436075423226E+00
  3980   302.48000            1271311  2.0726083035623906E+00
  3990   303.24000            1273219  2.0781572980012424E+00
  4000   304.00000            1275127  2.0845018135839037E+00
  4010   304.76000            1277035  2.0904721118168772E+00
  4020   305.52000            1278942  2.0937414025284831E+00
  4030   306.28000            1280850  2.0965380180405528E+00
  4040   307.04000            1282758  2.1019533018290368E+00
  4050   307.80000            1284666  2.1078734457385742E+00
  4060   308.56000            1286574  2.1114259177698531E+00
  4070   309.32000            1288482  2.1160336553118291E+00
  4080   310.08000            1290389  2.1205792946386843E+00
  4090   310.84000            1292297  2.1239762401529929E+00
  4100   311.60000            1294205  2.1259092510293449E+00
  4110   312.36000            1296113  2.1285803386310578E+00
  4120   313.12000            1298021  2.1311881076995354E+00
  4130   313.88000            1299928  2.1335940690951904E+00
  4140   314.64000            1301836  2.1372260119529614E+00
  4150   315.40000            1303744  2.1416796624992154E+00
  4160   316.16000            1305652  2.1445629498078866E+00
  4170   316.92000            1307560  2.1456647634975319E+00
  4180   317.68000            1309468  2.1495390004414552E+00
  4190   318.44000            1311375  2.1525733680542753E+00
  4200   319.20000            1313283  2.1550614135014068E+00
  4210   319.96000            1315191  2.1554404678369101E+00
  4220   320.72000            1317099  2.1561634725700536E+00
  4230   321.48000            1319007  2.1571723888954866E+00
  4240   322.24000            1320914  2.1585879856640053E+00
  4250   323.00000            1322822  2.1600230800691920E+00
  4260   323.76000            1324730  2.1654865147575140E+00
  4270   324.52000            1326638  2.1682710995248753E+00
  4280   325.28000            1328546  2.1702154137331338E+00
  4290   326.04000            1330454  2.1741096997657738E+00
  4300   326.80000            1332361  2.1748763781210818E+00
  4310   327.56000            1334269  2.1743489153476174E+00
  4320   328.32000            1336177  2.1744756802839782E+00
  4330   329.08000            1338085  2.1744586300308608E+00
  4340   329.84000            1339993  2.1731693030225241E+00
  4350   330.60000            1341900  2.1741700299994537E+00
  4360   331.36000            1343808  2.1773961527200294E+00
  4370   332.12000            1345716  2.1786895307381307E+00
  4380   332.88000            1347624  2.1798079836839275E+00
  4390   333.64000            1349532  2.1831994131452377E+00
  4400   334.40000            1351440  2.1841774642139358E+00
  4410   335.16000            1353347  2.1850079842508534E+00
  4420   335.92000            1355255  2.1886666323106789E+00
  4430   336.68000            1357163  2.1919969161617838E+00
  4440   337.44000            1359071  2.1928779069374627E+00
  4450   338.20000            1360979  2.1932188850570906E+00
  4460   338.96000            1362886  2.1954626922116254E+00
  4470   339.72000            1364794  2.1971696526960618E+00
  4480   340.48000            1366702  2.2000040663589884E+00
  4490   341.24000            1368610  2.2038463597659637E+00
  4500   342.00000            1370518  2.2071706069935115E+00
  4510   342.76000            1372426  2.2102468779852651E+00
  4520   343.52000            1374333  2.2152312103806593E+00
  4530   344.28000            1376241  2.2189095501794474E+00
  4540   345.04000            1378149  2.2211605525176230E+00
  4550   345.80000            1380057  2.2241037006961237E+00
  4560   346.56000            1381965  2.2261639865252794E+00
  4570   347.32000            1383872  2.2291655794970073E+00
  4580   348.08000            1385780  2.2343392518876382E+00
  4590   348.84000            1387688  2.2388502310172251E+00
  4600   349.60000            1389596  2.2442082771156056E+00
