! EM field energy per field component
  Iter        Time                          B1                      B2                      B3                      E1                      E2                      E3
     0   0.0000000      0.0000000000000000E+00  0.0000000000000000E+00  0.0000000000000000E+00  0.0000000000000000E+00  0.0000000000000000E+00  0.0000000000000000E+00
    10   1.1500000      0.0000000000000000E+00  2.4255879001564794E-06  2.8178710621888189E-06  1.8646269075164074E-05  3.0155900520222519E-06  2.0199086589575633E-06
    20   2.3000000      0.0000000000000000E+00  1.8206665685356529E-06  1.9791825946691986E-06  7.5438654042714404E-06  7.0583658048426861E-06  9.6582549929154323E-07
    30   3.4500000      0.0000000000000000E+00  1.5573770289832342E-06  1.7996109872868194E-06  1.8976261785250510E-05  2.7268652651223884E-06  1.7435249929749370E-06
    40   4.6000000      0.0000000000000000E+00  1.7594527099847170E-06  2.1939531884028134E-06  9.3008671551654998E-06  1.3893453328275318E-06  1.1307992271550325E-06
    50   5.7500000      0.0000000000000000E+00  1.9911333760388405E-06  2.4251229549961395E-06  1.7402940273785706E-05  3.3313961642434072E-06  1.5521839761199016E-06
    60   6.9000000      0.0000000000000000E+00  2.0931478717955042E-06  2.3821117317542417E-06  8.9876506664060819E-06  7.0690418117793132E-06  1.3205147063399434E-06
    70   8.0500000      0.0000000000000000E+00  1.6959935604332303E-06  2.6196767620586692E-06  1.6963286948851385E-05  2.2559310131265548E-06  1.4436378524341814E-06
    80   9.2000000      0.0000000000000000E+00  1.9372711947265556E-06  2.8301065384150411E-06  1.1253778931683384E-05  1.3594732695722324E-06  1.3271876884589699E-06
    90   10.350000      0.0000000000000000E+00  2.0978316326382338E-06  2.8552977092444792E-06  1.6347452330457478E-05  3.9376624823832888E-06  1.3770893437923459E-06
   100   11.500000      0.0000000000000000E+00  2.0569244996188268E-06  4.0298642039540386E-06  1.1190811387450049E-05  7.4211273559928922E-06  1.5903727942331319E-06
   110   12.650000      0.0000000000000000E+00  2.2052174485614129E-06  4.7494451570876247E-06  1.6830582093587117E-05  1.8861989139459804E-06  1.1424006894588345E-06
   120   13.800000      0.0000000000000000E+00  1.9582973427311824E-06  4.1341617635883114E-06  1.1027895063962612E-05  1.5930841436424078E-06  1.4602842333082312E-06
   130   14.950000      0.0000000000000000E+00  2.4271963189872510E-06  4.3614566012961355E-06  1.6890168587487062E-05  5.0520009272064081E-06  1.3605095587855069E-06
   140   16.100000      0.0000000000000000E+00  2.1187396169572890E-06  3.7530343897944369E-06  1.2168385762722431E-05  7.2520372288557262E-06  1.5706466950114088E-06
   150   17.250000      0.0000000000000000E+00  2.0591582878042181E-06  3.1341213880071899E-06  1.7318841557346693E-05  5.1564163006908296E-06  1.1937128661904490E-06
   160   18.400000      0.0000000000000000E+00  2.3592186673416349E-06  6.1655722972890683E-06  1.2009539232783955E-05  8.3223288744562334E-06  1.5576071266856151E-06
   170   19.550000      0.0000000000000000E+00  2.2614852356419834E-06  1.5582415691282565E-05  1.7206988272412691E-05  1.4342956998651317E-05  1.3482365777288209E-06
   180   20.700000      0.0000000000000000E+00  2.5295881308622654E-06  3.6224232078519716E-05  1.1905981722498300E-05  1.9435971964990446E-05  1.5669842925072289E-06
   190   21.850000      0.0000000000000000E+00  2.3669687150516123E-06  7.2332106193488137E-05  1.8039356044208477E-05  2.2232693122090925E-05  1.2194487041869243E-06
   200   23.000000      0.0000000000000000E+00  2.2787582796876909E-06  1.3053874527459223E-04  1.5730309800489136E-05  2.7719563242031408E-05  1.3686792583340048E-06
   210   24.150000      0.0000000000000000E+00  2.6024338297220059E-06  2.0650919093637845E-04  2.5669987090879836E-05  3.5319148923310876E-05  1.3884802911830355E-06
   220   25.300000      0.0000000000000000E+00  2.3639957328282537E-06  3.1512724819353886E-04  4.5903792828718222E-05  4.3651782443480917E-05  1.5605694942832809E-06
   230   26.450000      0.0000000000000000E+00  2.3854503718871784E-06  4.4168899500090055E-04  1.2634414733993967E-04  4.8745190123099699E-05  1.1876811031493940E-06
   240   27.600000      0.0000000000000000E+00  2.8532755269321782E-06  6.0271514721119688E-04  3.8404081823012877E-04  5.1770583906933181E-05  1.4685738694176342E-06
   250   28.750000      0.0000000000000000E+00  2.6407489370786093E-06  7.8008469096436885E-04  1.2629272580761640E-03  6.5582698187786526E-05  1.2474237110379389E-06
   260   29.900000      0.0000000000000000E+00  3.8114928976296595E-06  9.9720022416071100E-04  3.5193924003989272E-03  7.3848220300644617E-05  1.5296789534491728E-06
   270   31.050000      0.0000000000000000E+00  6.7746666650435606E-06  1.2012422486959060E-03  5.9064916744722383E-03  6.9817447951831050E-05  1.3728917878207234E-06
   280   32.200000      0.0000000000000000E+00  2.0645999255952824E-05  1.3905075569344333E-03  5.2345665572885412E-03  7.8394482460893849E-05  1.9609261816011911E-06
   290   33.350000      0.0000000000000000E+00  4.8408319237409228E-05  1.6000992474281804E-03  7.7104690327342764E-03  8.4692821391711763E-05  2.3680243549841062E-06
   300   34.500000      0.0000000000000000E+00  7.7609900130302484E-05  1.7985804558178972E-03  8.1730467842188528E-03  8.9122824152735116E-05  2.6002231905557351E-06
   310   35.650000      0.0000000000000000E+00  1.0936752193472431E-04  2.0270218510378729E-03  9.8082114292758170E-03  9.9721143715776763E-05  1.9250614246594074E-06
   320   36.800000      0.0000000000000000E+00  1.3115190661892558E-04  2.2523443461181804E-03  1.0938886534522428E-02  9.8257156204599458E-05  4.1739662609744582E-06
   330   37.950000      0.0000000000000000E+00  1.2538740209978440E-04  2.5271433387232720E-03  1.7140513985187397E-02  9.3226239487963021E-05  4.1731118816887980E-06
   340   39.100000      0.0000000000000000E+00  1.1090040983678377E-04  2.8330271439250677E-03  1.3766313615685390E-02  1.3903783880362265E-04  8.5267328811312242E-06
   350   40.250000      0.0000000000000000E+00  1.4133263786381939E-04  3.1415585483428638E-03  7.4811622114073981E-03  1.0452833439716946E-04  3.8671672673518329E-06
   360   41.400000      0.0000000000000000E+00  1.3840780887098338E-04  3.3442819485071597E-03  9.4879341432802817E-03  1.0783850121992476E-04  4.6440939851903442E-06
   370   42.550000      0.0000000000000000E+00  1.2851477164347756E-04  3.5028092191585849E-03  4.6503572320489251E-03  1.4504096370567102E-04  7.4399850981187547E-06
   380   43.700000      0.0000000000000000E+00  1.1887799459644917E-04  3.4954066524027368E-03  6.1947027234557370E-03  1.2196645118668230E-04  9.1287243363130580E-06
   390   44.850000      0.0000000000000000E+00  2.3555015139067412E-04  3.5519661850255645E-03  7.2632479845861015E-03  1.2679630521137016E-04  1.2272498129592058E-05
   400   46.000000      0.0000000000000000E+00  3.4975731040758225E-04  3.4028915960723355E-03  8.9968066881404470E-03  1.9563015072944755E-04  8.8084302201808688E-06
   410   47.150000      0.0000000000000000E+00  5.4134444764123032E-04  3.4821193312142549E-03  1.1135866675496667E-02  1.7208425966402534E-04  1.5929270824442539E-05
   420   48.300000      0.0000000000000000E+00  7.5988623939558721E-04  3.6114988186745863E-03  6.5689475731133705E-03  1.6953836544367795E-04  1.4727594157722684E-05
   430   49.450000      0.0000000000000000E+00  9.3105592527499201E-04  3.7311987944404499E-03  4.0781106588454541E-03  1.9297087492101491E-04  1.4438300864655161E-05
   440   50.600000      0.0000000000000000E+00  9.0661108039241439E-04  3.7637568661590824E-03  4.6234169163685531E-03  1.3830935904028164E-04  1.2271226353262400E-05
   450   51.750000      0.0000000000000000E+00  9.5173159648846467E-04  3.5383658364570802E-03  4.5598310685853781E-03  1.9790050249438330E-04  1.7373996392873460E-05
   460   52.900000      0.0000000000000000E+00  9.3675551453521397E-04  3.4864561727188936E-03  3.2027178110364683E-03  1.3659307773186639E-04  1.7711965980773832E-05
   470   54.050000      0.0000000000000000E+00  1.0235895060175910E-03  3.3378498353286682E-03  4.4403456565438705E-03  1.1444412327279088E-04  1.3032884247930516E-05
   480   55.200000      0.0000000000000000E+00  1.0649114290399314E-03  3.4479181509722285E-03  2.3446592360376137E-03  1.8668193103931304E-04  1.2387599788438773E-05
   490   56.350000      0.0000000000000000E+00  1.3132780744851622E-03  3.3514661289070291E-03  3.7055299881732289E-03  9.3220383396636886E-05  1.8730823503649351E-05
   500   57.500000      0.0000000000000000E+00  1.6775592174254053E-03  3.5336582302443915E-03  4.1511545933498629E-03  1.6814043169928353E-04  3.5501579923770631E-05
   510   58.650000      0.0000000000000000E+00  2.3415868063789394E-03  3.7471632579822267E-03  4.7672952648073934E-03  1.3134333040194977E-04  2.7859578738369963E-05
   520   59.800000      0.0000000000000000E+00  3.0189074143301834E-03  3.8688127882655558E-03  4.9908665493476525E-03  1.1420551185651096E-04  4.0071408071414560E-05
   530   60.950000      0.0000000000000000E+00  3.4362319902393546E-03  4.0704714321445293E-03  5.3683789527716221E-03  1.7109852616513729E-04  2.4261650904133673E-05
   540   62.100000      0.0000000000000000E+00  3.6201404053386468E-03  4.0123602120146077E-03  5.4299856845979703E-03  8.4157275095942161E-05  3.9238559945733572E-05
   550   63.250000      0.0000000000000000E+00  3.7462903484118304E-03  4.2023787136378898E-03  4.6254134116995417E-03  1.8230082357475794E-04  2.4142200025587904E-05
   560   64.400000      0.0000000000000000E+00  3.5472384561861460E-03  4.5561770084866521E-03  3.3672693991536979E-03  1.2743437995944151E-04  3.1199561761887839E-05
   570   65.550000      0.0000000000000000E+00  3.7655876419582478E-03  4.6648339896271721E-03  3.2157774196933109E-03  1.3021991728937705E-04  1.4335518132854757E-05
   580   66.700000      0.0000000000000000E+00  3.7677029594792681E-03  4.9868913362735769E-03  3.0092511843634942E-03  1.7312104324201214E-04  2.5063327667351172E-05
   590   67.850000      0.0000000000000000E+00  3.9064152891749608E-03  5.1414217028473621E-03  3.0194763522358625E-03  9.5921904553606489E-05  2.4716457446966549E-05
   600   69.000000      0.0000000000000000E+00  3.4745157891220924E-03  5.5214558257022052E-03  2.6934625612333187E-03  1.9982891496778251E-04  3.3489278152883909E-05
   610   70.150000      0.0000000000000000E+00  3.2879752703230346E-03  6.0267426334535889E-03  3.0437262384656891E-03  1.0210565471385930E-04  2.4109426793239770E-05
   620   71.300000      0.0000000000000000E+00  3.3134072644169024E-03  6.5801674137096642E-03  2.1923474822534914E-03  1.7449164942758561E-04  3.1051584512532686E-05
   630   72.450000      0.0000000000000000E+00  3.4026016945161953E-03  7.3288390770677022E-03  2.2749573401469737E-03  1.2229553240241233E-04  2.3276977269168397E-05
   640   73.600000      0.0000000000000000E+00  3.7209296203081828E-03  8.0420681721201891E-03  1.2443847244729602E-03  1.2393627213451794E-04  3.7729897447590767E-05
   650   74.750000      0.0000000000000000E+00  3.9085446450071708E-03  8.9576621632998597E-03  1.8188855396684268E-03  1.7265463232200672E-04  1.4814321825372838E-05
   660   75.900000      0.0000000000000000E+00  3.8422979547740907E-03  9.6497144868340715E-03  1.5844095345366493E-03  8.9731279280907413E-05  3.9842338040592957E-05
   670   77.050000      0.0000000000000000E+00  4.2110775266195714E-03  1.0406860358096733E-02  1.2477892159673801E-03  1.8561114236676868E-04  1.8657520725808045E-05
   680   78.200000      0.0000000000000000E+00  4.3555950144089518E-03  1.1018629004148102E-02  1.2474290021353843E-03  8.8700777730420065E-05  4.4836359460582199E-05
   690   79.350000      0.0000000000000000E+00  4.8647125933786771E-03  1.1591083357024429E-02  1.3533969829111301E-03  1.7431507000373832E-04  2.9772179330556924E-05
   700   80.500000      0.0000000000000000E+00  5.0345911741949342E-03  1.2585483391211655E-02  1.4000532967660398E-03  1.0070249520184477E-04  4.3130269260239067E-05
   710   81.650000      0.0000000000000000E+00  5.1249599898115523E-03  1.3393469181634816E-02  1.4690093665651264E-03  1.5486803178000911E-04  3.2489009190158895E-05
   720   82.800000      0.0000000000000000E+00  4.9549289194738650E-03  1.4574439762081578E-02  1.7820384060350200E-03  1.3479596704399309E-04  4.2420574875265661E-05
   730   83.950000      0.0000000000000000E+00  4.8992436961500883E-03  1.5306777885767679E-02  1.7290911673518482E-03  1.3803581570726129E-04  2.8313648918328680E-05
   740   85.100000      0.0000000000000000E+00  4.8770109539312389E-03  1.6458728130600217E-02  2.2054028786370082E-03  1.7260558731496640E-04  3.3107959550569007E-05
   750   86.250000      0.0000000000000000E+00  4.8926174841711703E-03  1.7406471958451939E-02  2.2188970801465704E-03  1.1433416008938304E-04  2.2494217608432825E-05
   760   87.400000      0.0000000000000000E+00  4.8690885328632801E-03  1.8723974789240570E-02  2.7075120309234548E-03  1.9645363565054525E-04  3.9692738586757210E-05
   770   88.550000      0.0000000000000000E+00  4.9277554311369749E-03  1.9599181299659197E-02  3.9407415261221357E-03  9.1593208819210244E-05  2.7830917585503628E-05
   780   89.700000      0.0000000000000000E+00  4.8450233894950217E-03  2.0644352100080070E-02  4.9383183567673194E-03  2.0451701239594975E-04  3.9595743614367995E-05
   790   90.850000      0.0000000000000000E+00  4.7410195944746379E-03  2.1498079297983592E-02  5.3636735638276020E-03  8.5008296598592417E-05  3.3252112495678394E-05
   800   92.000000      0.0000000000000000E+00  4.5103509734685026E-03  2.2579990160900253E-02  5.5589357122777655E-03  2.1044485246978677E-04  3.8386009478325597E-05
   810   93.150000      0.0000000000000000E+00  4.2774275946318102E-03  2.3674621343079762E-02  5.8621600404545815E-03  8.0712387425310457E-05  3.5926008649996824E-05
   820   94.300000      0.0000000000000000E+00  3.8762685590054569E-03  2.4956266555117831E-02  5.4601622549811839E-03  1.8542260510186271E-04  3.8567342139157065E-05
   830   95.450000      0.0000000000000000E+00  3.4881008329184322E-03  2.6351859955786084E-02  5.4954651456340592E-03  7.4935861213103314E-05  3.9107624842195715E-05
   840   96.600000      0.0000000000000000E+00  3.0759018821727960E-03  2.7682388327920231E-02  5.5801758680448562E-03  1.6756590975585228E-04  3.7913839745820211E-05
   850   97.750000      0.0000000000000000E+00  2.7088667225467445E-03  2.9081259068509491E-02  5.3855342631313821E-03  6.3232049145730217E-05  4.5307458437167383E-05
   860   98.900000      0.0000000000000000E+00  2.5234079088340359E-03  3.0153530152119291E-02  7.3195029188518239E-03  1.4322487767263776E-04  3.8711575826291850E-05
   870   100.05000      0.0000000000000000E+00  2.4358625054852322E-03  3.1435444040018586E-02  7.9399680012504741E-03  6.5536687963388843E-05  4.4216648984775281E-05
   880   101.20000      0.0000000000000000E+00  2.5996029239217493E-03  3.2501767792289284E-02  7.9262929409263678E-03  1.4855664628788610E-04  3.9811523058911012E-05
   890   102.35000      0.0000000000000000E+00  2.6456994608835549E-03  3.3886375652963256E-02  7.9855609455546962E-03  7.2538913433274889E-05  4.6483775077027254E-05
   900   103.50000      0.0000000000000000E+00  2.8238843779183160E-03  3.5154823761586823E-02  7.8960985988464037E-03  1.3306473161032542E-04  3.9180705839381776E-05
   910   104.65000      0.0000000000000000E+00  2.9510105699419873E-03  3.6743481984726385E-02  7.6051429555159498E-03  9.0509211863668465E-05  5.1806411051246899E-05
   920   105.80000      0.0000000000000000E+00  2.8669005090991842E-03  3.8425585773415032E-02  6.4869327271709076E-03  1.4365474172122877E-04  3.5785192515953209E-05
   930   106.95000      0.0000000000000000E+00  2.6795405983357627E-03  4.0407081995787360E-02  8.8071870781191806E-03  9.8632424698222987E-05  5.2374382349321079E-05
   940   108.10000      0.0000000000000000E+00  2.4507617189175107E-03  4.2384511648326149E-02  8.1543945671693260E-03  1.2917603221418013E-04  3.7396131293462294E-05
   950   109.25000      0.0000000000000000E+00  2.5269169404506710E-03  4.4455712199430911E-02  8.5234887473780944E-03  1.0688130313089167E-04  5.0450682942701909E-05
   960   110.40000      0.0000000000000000E+00  2.2963630437889035E-03  4.6399760175372701E-02  9.5456959980755700E-03  1.3858798219384936E-04  3.9265160751165801E-05
   970   111.55000      0.0000000000000000E+00  2.4985109039321511E-03  4.8566358808884505E-02  9.3208299784387997E-03  8.4431431424364297E-05  6.3171341004751504E-05
   980   112.70000      0.0000000000000000E+00  2.4196648395189402E-03  5.0660150733309164E-02  1.0149445755159197E-02  1.4494761327709218E-04  4.0547431686792863E-05
   990   113.85000      0.0000000000000000E+00  2.6916476927573286E-03  5.2707419160172173E-02  1.2229438656845375E-02  7.4853463247693592E-05  6.4983963554527858E-05
  1000   115.00000      0.0000000000000000E+00  2.6126525195826478E-03  5.4368640632540002E-02  1.1339751945466303E-02  1.4366265555264423E-04  3.8942180837067977E-05
  1010   116.15000      0.0000000000000000E+00  2.6148745167356054E-03  5.5939300328055268E-02  1.2851903291541580E-02  7.2432303530069298E-05  5.1086141952129384E-05
  1020   117.30000      0.0000000000000000E+00  2.4209378428037254E-03  5.7402706382366532E-02  1.0954069469554305E-02  1.2618745068834400E-04  3.2487146866537570E-05
  1030   118.45000      0.0000000000000000E+00  2.2685791334421815E-03  5.8325719313109002E-02  1.0170806418670167E-02  7.4075546082538832E-05  3.5152853968779478E-05
  1040   119.60000      0.0000000000000000E+00  2.0427745489585676E-03  5.9125681835367733E-02  1.0516039573423473E-02  1.1683942120201471E-04  3.5793771911499205E-05
  1050   120.75000      0.0000000000000000E+00  1.9631195402748059E-03  5.9200304531708145E-02  1.0941480704218723E-02  8.2946793766738280E-05  3.3528117666693258E-05
  1060   121.90000      0.0000000000000000E+00  2.0370657014369604E-03  5.9644594116407344E-02  9.9980127089769714E-03  8.6714702918486760E-05  5.1960263804168618E-05
  1070   123.05000      0.0000000000000000E+00  2.0870495666526832E-03  5.9753115702067428E-02  1.0222005893555451E-02  1.2857769189503768E-04  4.4579529946046574E-05
  1080   124.20000      0.0000000000000000E+00  2.2028169060844031E-03  6.0493704440093846E-02  1.0684086845214250E-02  6.7569348318091346E-05  5.2707134760615361E-05
  1090   125.35000      0.0000000000000000E+00  2.3968340701877753E-03  6.1017272772392120E-02  9.7863283539878151E-03  1.4764363186564188E-04  4.7950219873682724E-05
  1100   126.50000      0.0000000000000000E+00  2.6808403051607329E-03  6.1782467335455019E-02  1.2704179388623593E-02  7.1150406125343473E-05  4.0047895798120731E-05
  1110   127.65000      0.0000000000000000E+00  2.8829604608354865E-03  6.2824979531769271E-02  1.2614582792124884E-02  1.2378341707445744E-04  6.6605796420029538E-05
  1120   128.80000      0.0000000000000000E+00  3.2279170299315410E-03  6.3424534022378756E-02  1.1826641477559029E-02  1.1445134064491042E-04  4.5266502182976264E-05
  1130   129.95000      0.0000000000000000E+00  3.2944757557264418E-03  6.4475542387980811E-02  1.3448174185283135E-02  9.8147485889071593E-05  5.3710653753288422E-05
  1140   131.10000      0.0000000000000000E+00  3.4670010016205010E-03  6.5131794445529412E-02  1.1624720599197700E-02  1.3665670059670150E-04  6.4030890458082035E-05
  1150   132.25000      0.0000000000000000E+00  3.5885821298967014E-03  6.5845446490391382E-02  8.5010213136661131E-03  1.2830708838116629E-04  4.7928378051601911E-05
  1160   133.40000      0.0000000000000000E+00  3.6238312772000759E-03  6.6774161162040380E-02  8.9720131622616373E-03  1.2416829868206429E-04  5.0625135246884510E-05
  1170   134.55000      0.0000000000000000E+00  3.7000420061417934E-03  6.7567494684196497E-02  6.9523820239369843E-03  1.7400318301268475E-04  4.8347279319731566E-05
  1180   135.70000      0.0000000000000000E+00  3.6352167061040777E-03  6.8867208136464700E-02  7.0878593056140594E-03  1.3691321438759983E-04  5.0890635131214402E-05
  1190   136.85000      0.0000000000000000E+00  3.6380111294770420E-03  7.0133933527741568E-02  8.2548573055422902E-03  1.9863913333031079E-04  5.7917525537656891E-05
  1200   138.00000      0.0000000000000000E+00  3.5072137789978171E-03  7.1280182190900182E-02  6.5065976371249425E-03  1.3892851057141183E-04  5.0189530471482784E-05
  1210   139.15000      0.0000000000000000E+00  3.3607579714453610E-03  7.2414143921105151E-02  9.8548588364656253E-03  2.0151408587300700E-04  4.3711190171565685E-05
  1220   140.30000      0.0000000000000000E+00  3.3360099239923839E-03  7.3476148680898912E-02  7.1963223850588613E-03  1.5840997977925006E-04  4.7070478751359867E-05
  1230   141.45000      0.0000000000000000E+00  3.2592978962794187E-03  7.4866579195218289E-02  7.7758159863078732E-03  1.9618467720406316E-04  5.1292637971051946E-05
  1240   142.60000      0.0000000000000000E+00  3.4164709317718736E-03  7.5816833468945438E-02  1.0416100796383039E-02  2.0851518830707465E-04  6.5547924934593273E-05
  1250   143.75000      0.0000000000000000E+00  3.7645625450848583E-03  7.7225302934145756E-02  1.0204394280512138E-02  1.7492494814088389E-04  4.8209741041201328E-05
  1260   144.90000      0.0000000000000000E+00  4.2745954500341644E-03  7.8306133643319648E-02  1.2173316799150706E-02  2.4648100555805928E-04  5.9037808585363275E-05
  1270   146.05000      0.0000000000000000E+00  4.7014023227509626E-03  7.8865108857709462E-02  1.1426292211947553E-02  2.2217427514926302E-04  4.8964757048855137E-05
  1280   147.20000      0.0000000000000000E+00  4.9642715356786908E-03  7.9838557963001766E-02  8.7251097720740418E-03  2.1380635941300823E-04  5.6990541591934028E-05
  1290   148.35000      0.0000000000000000E+00  4.9878802738023836E-03  8.0554476090850272E-02  7.3524332276124751E-03  2.9038648031814453E-04  5.5701374090306760E-05
  1300   149.50000      0.0000000000000000E+00  5.0198202524625547E-03  8.1777092485820158E-02  6.5232582586797734E-03  1.9800904805241545E-04  5.3167252976450769E-05
  1310   150.65000      0.0000000000000000E+00  4.9793998244025079E-03  8.2942857904521772E-02  6.6613736074296239E-03  3.0645993070203088E-04  4.6734844040928163E-05
  1320   151.80000      0.0000000000000000E+00  4.9583082761611068E-03  8.3632132287104713E-02  6.5347384788483750E-03  2.2719080658707797E-04  5.4403184884306982E-05
  1330   152.95000      0.0000000000000000E+00  4.7384318455037794E-03  8.4342655617877987E-02  5.7642437001133046E-03  2.7052709910601051E-04  5.6553618882198383E-05
  1340   154.10000      0.0000000000000000E+00  4.3610360674262005E-03  8.3895581527480931E-02  5.5599888905764130E-03  3.0562488495523740E-04  4.7614496380857501E-05
  1350   155.25000      0.0000000000000000E+00  4.1970197747281529E-03  8.3366738234836979E-02  5.1606887870644666E-03  3.3935669124247208E-04  7.3166747489743466E-05
  1360   156.40000      0.0000000000000000E+00  3.8785018154705382E-03  8.2543242763512867E-02  5.4120139555884671E-03  3.7403845559296107E-04  4.8002448128125874E-05
  1370   157.55000      0.0000000000000000E+00  3.8823127332955083E-03  8.1978483625614426E-02  5.6782740058672274E-03  4.0125991367282241E-04  5.3440783370254803E-05
  1380   158.70000      0.0000000000000000E+00  3.9956173541628691E-03  8.2106145149644705E-02  5.3879521793672005E-03  3.8871103772685796E-04  6.5173140114681814E-05
  1390   159.85000      0.0000000000000000E+00  4.0969175746796175E-03  8.2425808986774957E-02  6.0683257612267590E-03  4.0314498786968804E-04  5.0084637384031470E-05
  1400   161.00000      0.0000000000000000E+00  4.1122980666528346E-03  8.3106135488166061E-02  6.7062670545458584E-03  3.0451276192690552E-04  4.8620752948776657E-05
  1410   162.15000      0.0000000000000000E+00  4.2491373169668964E-03  8.3494703706012724E-02  7.5737484122898689E-03  3.6708151661223330E-04  5.7463697186595045E-05
  1420   163.30000      0.0000000000000000E+00  4.1202937520221474E-03  8.3637988986624306E-02  7.1696063738064773E-03  3.1162775668038749E-04  4.7374907600339973E-05
  1430   164.45000      0.0000000000000000E+00  4.1267960210508992E-03  8.3613543568524684E-02  7.1431445835197539E-03  3.6387022700348233E-04  5.6721204906143913E-05
  1440   165.60000      0.0000000000000000E+00  4.0664281940953019E-03  8.3395749652248691E-02  6.8387199724477465E-03  3.5367536925864056E-04  5.4885900789627257E-05
  1450   166.75000      0.0000000000000000E+00  3.8832526380548006E-03  8.3188655503789788E-02  7.4918015168469170E-03  3.9233372524088273E-04  4.4422767595434821E-05
  1460   167.90000      0.0000000000000000E+00  3.8587419043571375E-03  8.2760872389771450E-02  7.5491545633919084E-03  3.9421772928030225E-04  6.4197667816135828E-05
  1470   169.05000      0.0000000000000000E+00  3.6109334140596370E-03  8.1949505334756423E-02  8.6750442711460065E-03  4.7216338246070828E-04  5.7126651772580414E-05
  1480   170.20000      0.0000000000000000E+00  3.5919331774900776E-03  8.0968362752112541E-02  9.1282117947762993E-03  4.2258917523673042E-04  5.2340807771246190E-05
  1490   171.35000      0.0000000000000000E+00  3.7063709654560255E-03  8.0262502816281223E-02  9.4881468843509738E-03  4.9678874256225047E-04  6.3752763310775083E-05
  1500   172.50000      0.0000000000000000E+00  3.7370936641436207E-03  7.9743184320226673E-02  9.0142091191508025E-03  4.4003131158810337E-04  5.8147251879442079E-05
  1510   173.65000      0.0000000000000000E+00  3.8108795864203997E-03  7.9456199032526237E-02  9.6265574603288905E-03  4.5737242648054039E-04  5.3436203670642337E-05
  1520   174.80000      0.0000000000000000E+00  3.9522886645448783E-03  7.8929625193088410E-02  9.5244690914255414E-03  4.5252312658508912E-04  6.7963673048135304E-05
  1530   175.95000      0.0000000000000000E+00  3.9760006417190281E-03  7.8535369478743539E-02  1.0399841229984439E-02  4.6083075385330955E-04  6.2499574052170178E-05
  1540   177.10000      0.0000000000000000E+00  4.0343965518430825E-03  7.8237346081564546E-02  1.1434617576535187E-02  4.6679070125082821E-04  6.0470447572544607E-05
  1550   178.25000      0.0000000000000000E+00  4.2137438216161751E-03  7.8063976828372697E-02  1.1059366698194998E-02  4.6397610235354903E-04  7.0310912836999345E-05
  1560   179.40000      0.0000000000000000E+00  4.3631540580268335E-03  7.8099211406058439E-02  1.3037769897075557E-02  4.8000726620859630E-04  7.7331457884569597E-05
  1570   180.55000      0.0000000000000000E+00  4.5043944941210480E-03  7.8323615268129379E-02  1.1254288918871522E-02  4.8209100834900793E-04  6.1307656149357207E-05
  1580   181.70000      0.0000000000000000E+00  4.6489768228601012E-03  7.8756151261005866E-02  1.2636465188425077E-02  4.8371538982129770E-04  7.1499976418630711E-05
  1590   182.85000      0.0000000000000000E+00  4.8944405067275149E-03  7.9370295942931116E-02  1.1612952415196122E-02  4.9610802492259262E-04  7.6539804653823925E-05
  1600   184.00000      0.0000000000000000E+00  5.0346492481225550E-03  7.9792820800657596E-02  1.1502157427368258E-02  4.7515182016104340E-04  6.8618310742556794E-05
  1610   185.15000      0.0000000000000000E+00  5.4477290547402385E-03  8.0105618232060527E-02  1.4804901095639610E-02  4.8053275963773118E-04  6.2669482105848968E-05
  1620   186.30000      0.0000000000000000E+00  5.9972898441165391E-03  7.9865955893866053E-02  1.3021076230172079E-02  4.8793037976058292E-04  7.6539189882435384E-05
  1630   187.45000      0.0000000000000000E+00  6.1704230602858392E-03  7.9354656960638856E-02  1.5009749006177844E-02  4.7175381348456074E-04  6.6303358464878622E-05
  1640   188.60000      0.0000000000000000E+00  6.6372855931316694E-03  7.8741477509625360E-02  1.4565615154914977E-02  5.0814083157905130E-04  6.7206532347742297E-05
  1650   189.75000      0.0000000000000000E+00  7.0833490817590163E-03  7.8441738334514774E-02  1.3264982548751400E-02  4.7817426488842152E-04  7.0766929201584078E-05
  1660   190.90000      0.0000000000000000E+00  7.4691667180376313E-03  7.8257751259596997E-02  1.5078316878609322E-02  5.3077101589198952E-04  7.0933949807866587E-05
  1670   192.05000      0.0000000000000000E+00  7.9511850293768598E-03  7.8175741928643808E-02  1.5848925532072469E-02  5.0801308148048087E-04  7.4848507304792005E-05
  1680   193.20000      0.0000000000000000E+00  8.2948775131185988E-03  7.8406556048603776E-02  1.7821223372124478E-02  5.3222593527564263E-04  6.4690098861627142E-05
  1690   194.35000      0.0000000000000000E+00  8.5613169731862237E-03  7.8848068149104222E-02  1.8963087258653498E-02  5.1250273757743280E-04  7.4574836321933033E-05
  1700   195.50000      0.0000000000000000E+00  8.9746916624831481E-03  7.9498631734613329E-02  1.8827317617266928E-02  5.3086738062876611E-04  6.5243529059431137E-05
  1710   196.65000      0.0000000000000000E+00  9.1985492417869033E-03  8.0200993376783325E-02  1.9062380564472344E-02  5.3062742505563098E-04  6.9668806440814908E-05
  1720   197.80000      0.0000000000000000E+00  9.2507903385374742E-03  8.1004354391983530E-02  1.7397560922591499E-02  5.2581634341084416E-04  6.2404519897653893E-05
  1730   198.95000      0.0000000000000000E+00  9.3141698396609230E-03  8.1817488363449792E-02  1.8942316864846920E-02  5.4654433551642111E-04  7.7524014886124192E-05
  1740   200.10000      0.0000000000000000E+00  9.1663219819002224E-03  8.2175605529361637E-02  2.1666385657626335E-02  4.8858708237127545E-04  5.6738111626459037E-05
  1750   201.25000      0.0000000000000000E+00  9.2415957404319675E-03  8.2021188635728423E-02  1.9663998138467049E-02  5.0849620790740797E-04  7.8286389622332812E-05
  1760   202.40000      0.0000000000000000E+00  8.7050582732333005E-03  8.1711481160927579E-02  2.1821179608983412E-02  4.7997516171853494E-04  7.2938629061138885E-05
  1770   203.55000      0.0000000000000000E+00  8.3544388885889408E-03  8.1551848194933288E-02  2.3461488976976402E-02  5.0307418160512000E-04  8.4908293918094718E-05
  1780   204.70000      0.0000000000000000E+00  7.9247780552605899E-03  8.1419141814761120E-02  2.1803854559567969E-02  4.8063951027264054E-04  6.5716306797019544E-05
  1790   205.85000      0.0000000000000000E+00  7.7885092723584386E-03  8.1184473788950245E-02  2.2124774673101380E-02  5.1966137489790789E-04  8.9070069072077525E-05
  1800   207.00000      0.0000000000000000E+00  7.5426422794834733E-03  8.1055199994604255E-02  2.1289432992837483E-02  5.0284122740614813E-04  6.1961197773615395E-05
  1810   208.15000      0.0000000000000000E+00  7.0780537379421474E-03  8.1079712045601535E-02  2.2524414834725295E-02  5.4724210651467347E-04  7.9463505919968904E-05
  1820   209.30000      0.0000000000000000E+00  6.6183538525565640E-03  8.1593286728505882E-02  2.1127368251740275E-02  5.0532464948146712E-04  6.5083809857245528E-05
  1830   210.45000      0.0000000000000000E+00  6.4018057616676239E-03  8.2237195229347054E-02  2.0501049111255717E-02  5.3419892755454332E-04  7.4122958179735201E-05
  1840   211.60000      0.0000000000000000E+00  5.8598980822370805E-03  8.3203880500433633E-02  1.9210669934228698E-02  5.0244951208764526E-04  5.7936730049930457E-05
  1850   212.75000      0.0000000000000000E+00  5.4709115526892305E-03  8.4344479292346855E-02  1.9924174170107219E-02  5.3384876843686944E-04  7.2479018247233933E-05
  1860   213.90000      0.0000000000000000E+00  5.0511510784777463E-03  8.5836475217057923E-02  2.1270777472071872E-02  5.1526039562382810E-04  6.4258157624003849E-05
  1870   215.05000      0.0000000000000000E+00  4.8145015789643553E-03  8.7522121506583908E-02  2.0272747111012655E-02  5.4431694016468979E-04  6.1363537293373369E-05
  1880   216.20000      0.0000000000000000E+00  4.5269464898567650E-03  8.8966434841203340E-02  2.3101189946986955E-02  5.3648561181407646E-04  6.1400035808162359E-05
  1890   217.35000      0.0000000000000000E+00  4.4388116837025008E-03  8.9859874012832269E-02  2.2174735504982879E-02  5.1914348295009247E-04  6.7051938641561658E-05
  1900   218.50000      0.0000000000000000E+00  4.3081420635106881E-03  9.0554633597960399E-02  2.0218810400488722E-02  5.1644339344169101E-04  5.9586605904977682E-05
  1910   219.65000      0.0000000000000000E+00  4.0360386746721372E-03  9.1280855498377847E-02  2.3074835817211595E-02  4.6691548670606839E-04  5.9062938051028006E-05
  1920   220.80000      0.0000000000000000E+00  3.9048278669250635E-03  9.2016880505808099E-02  2.0273651346881284E-02  5.1887787544596512E-04  6.9014348114682981E-05
  1930   221.95000      0.0000000000000000E+00  3.8074705575351303E-03  9.2996405778160068E-02  2.1302094876025929E-02  4.3874302579655262E-04  5.1143741604818762E-05
  1940   223.10000      0.0000000000000000E+00  3.7139645826659313E-03  9.3831494659476475E-02  2.4853215810929270E-02  5.0337644212633341E-04  6.0705540952923002E-05
  1950   224.25000      0.0000000000000000E+00  3.6979168189346244E-03  9.4194470532790009E-02  1.7840732492467735E-02  4.1776595253565849E-04  5.6881765613876258E-05
  1960   225.40000      0.0000000000000000E+00  3.4457181338918516E-03  9.4496052653234408E-02  2.4246553963382253E-02  4.8253904590788165E-04  5.8616630275307832E-05
  1970   226.55000      0.0000000000000000E+00  3.4943268636788028E-03  9.4586474134627271E-02  2.0806217301006295E-02  4.4877578324098493E-04  5.7904783603283071E-05
  1980   227.70000      0.0000000000000000E+00  3.3273382558614379E-03  9.4567800813044472E-02  1.9107614196538204E-02  4.7531123212798661E-04  5.7071408225645185E-05
  1990   228.85000      0.0000000000000000E+00  3.3278574700674897E-03  9.4725323628081420E-02  1.8779431379160660E-02  4.3338650628606685E-04  6.7313095741454638E-05
  2000   230.00000      0.0000000000000000E+00  3.2261464493539599E-03  9.4907366689588185E-02  1.6578384745948051E-02  4.6097961101589026E-04  5.8337310109172534E-05
  2010   231.15000      0.0000000000000000E+00  2.9554867124799004E-03  9.5604034841947905E-02  1.6269866661289833E-02  4.3736279714053013E-04  5.2345515188869756E-05
  2020   232.30000      0.0000000000000000E+00  3.0097071876462626E-03  9.6443336008626979E-02  1.2888178733993077E-02  4.4017558994096284E-04  7.5152361753663539E-05
  2030   233.45000      0.0000000000000000E+00  2.7983766461370223E-03  9.7353944387534003E-02  1.5996492055848688E-02  4.6159367483622558E-04  5.8682259758533773E-05
  2040   234.60000      0.0000000000000000E+00  2.6237864653653668E-03  9.8196167549895907E-02  1.1076739217590231E-02  4.4743609110748761E-04  6.5022585830770140E-05
  2050   235.75000      0.0000000000000000E+00  2.4538607446172355E-03  9.9003927957165519E-02  1.4941979420484681E-02  5.1064054992044515E-04  6.9640455438729946E-05
  2060   236.90000      0.0000000000000000E+00  2.2632451071321544E-03  1.0003015735838600E-01  1.1696833750860012E-02  4.4952031910898204E-04  5.6847783230986882E-05
  2070   238.05000      0.0000000000000000E+00  2.0977550278282885E-03  1.0120365254353929E-01  1.4361278156702186E-02  4.8617833050575734E-04  8.1525028408895709E-05
  2080   239.20000      0.0000000000000000E+00  2.0034061540375693E-03  1.0252578511181673E-01  1.1769090805053575E-02  4.5176481617406042E-04  6.8043034947100659E-05
  2090   240.35000      0.0000000000000000E+00  1.9987370438763479E-03  1.0368077802554733E-01  1.2806516534508003E-02  4.5670287549726509E-04  7.9516078763265782E-05
  2100   241.50000      0.0000000000000000E+00  1.9543621349722030E-03  1.0452251560100519E-01  1.2832105149899320E-02  4.5772036716166609E-04  7.8407149957922310E-05
  2110   242.65000      0.0000000000000000E+00  2.1894812562863828E-03  1.0503936148796023E-01  1.1761279896471638E-02  4.3552748087816271E-04  8.3097260608111962E-05
  2120   243.80000      0.0000000000000000E+00  2.2311295737230570E-03  1.0524783540734250E-01  1.3200609317236113E-02  4.7469069655983243E-04  7.4668588421996130E-05
  2130   244.95000      0.0000000000000000E+00  2.4853692021591877E-03  1.0548598590906129E-01  1.3293774150029492E-02  4.2700573100622105E-04  9.7755157395956621E-05
  2140   246.10000      0.0000000000000000E+00  2.6325666707902556E-03  1.0602793818402612E-01  1.2013287566929456E-02  4.4915546278743909E-04  9.6454766900331076E-05
  2150   247.25000      0.0000000000000000E+00  2.7357102227737701E-03  1.0679694260791311E-01  1.3699132142988551E-02  4.1949913188523373E-04  8.1132768378171157E-05
  2160   248.40000      0.0000000000000000E+00  2.9823958881013473E-03  1.0779422430545912E-01  1.0930997456880883E-02  4.2964845252422055E-04  1.1216207678484819E-04
  2170   249.55000      0.0000000000000000E+00  3.0140883920973718E-03  1.0833497310834458E-01  1.2052012783227206E-02  4.4260213005152435E-04  7.9241196503114015E-05
  2180   250.70000      0.0000000000000000E+00  3.3064678691551853E-03  1.0880936162895181E-01  1.2080466802880940E-02  4.0059806007088127E-04  1.0101499900520388E-04
  2190   251.85000      0.0000000000000000E+00  3.3971597005224628E-03  1.0890087072751213E-01  9.7321650516485839E-03  4.6493743494234669E-04  9.2495781876921160E-05
  2200   253.00000      0.0000000000000000E+00  3.5345356577847560E-03  1.0911079472513703E-01  1.2157369081644403E-02  4.1518632984773436E-04  1.1549379539603960E-04
  2210   254.15000      0.0000000000000000E+00  3.9153323541551814E-03  1.0953749915194252E-01  9.5646492336651026E-03  4.5220788682736620E-04  9.3278960781428141E-05
  2220   255.30000      0.0000000000000000E+00  4.2288469098397605E-03  1.1023504038499761E-01  1.0008499146200764E-02  4.2490184275209884E-04  9.6656857829150396E-05
  2230   256.45000      0.0000000000000000E+00  4.5067001661786253E-03  1.1122533981328089E-01  9.5665830040392794E-03  4.4126999582910081E-04  1.1648323530537068E-04
  2240   257.60000      0.0000000000000000E+00  4.9518754243657922E-03  1.1265660986662465E-01  9.5524863078041405E-03  4.2870179479042355E-04  8.4331383520944199E-05
  2250   258.75000      0.0000000000000000E+00  5.3723125324033521E-03  1.1415025809376628E-01  9.4706739728351325E-03  4.4472765069905157E-04  9.9121238945569672E-05
  2260   259.90000      0.0000000000000000E+00  5.6829827968370881E-03  1.1548188724275246E-01  9.7747979495627219E-03  3.8903926805211136E-04  1.0517624030080699E-04
  2270   261.05000      0.0000000000000000E+00  6.1372232673544717E-03  1.1675051177639945E-01  9.7914116752629045E-03  4.3870331871984422E-04  1.0322650226701790E-04
  2280   262.20000      0.0000000000000000E+00  6.6019564468870594E-03  1.1781329951062011E-01  1.0061829764028122E-02  3.8363059213252805E-04  1.0376632573017774E-04
  2290   263.35000      0.0000000000000000E+00  6.6894529696135052E-03  1.1854745206950265E-01  1.0540301857615595E-02  3.7516017529402754E-04  1.1145707661696180E-04
  2300   264.50000      0.0000000000000000E+00  7.4416515719725480E-03  1.1832969918466248E-01  8.2243487371090520E-03  4.0249434850417120E-04  1.1173982269440557E-04
  2310   265.65000      0.0000000000000000E+00  7.3886435067909931E-03  1.1789461596240230E-01  9.2453816303205618E-03  3.6545675381963871E-04  1.2657273941442859E-04
  2320   266.80000      0.0000000000000000E+00  7.5499179351233309E-03  1.1769313060374552E-01  8.7690150214681864E-03  4.0913901425605905E-04  1.1198377270422346E-04
  2330   267.95000      0.0000000000000000E+00  8.2470826964640438E-03  1.1730037593607212E-01  8.8212070247270635E-03  3.7806654652546359E-04  9.6758267358757513E-05
  2340   269.10000      0.0000000000000000E+00  8.1879744698255819E-03  1.1707238452823938E-01  9.8844050026172213E-03  4.3595021381682817E-04  1.3167832268684787E-04
  2350   270.25000      0.0000000000000000E+00  8.4937314838717543E-03  1.1747127110406475E-01  1.0190781665578812E-02  4.2203871015580093E-04  1.2277897655368070E-04
  2360   271.40000      0.0000000000000000E+00  8.9703249092452555E-03  1.1832072767371252E-01  8.1763083489165729E-03  4.4800917982957677E-04  1.2988106126055236E-04
  2370   272.55000      0.0000000000000000E+00  8.8162742210616696E-03  1.1914705271495057E-01  1.0405320536763052E-02  4.5447067237331052E-04  1.0816663857183619E-04
  2380   273.70000      0.0000000000000000E+00  9.1463915395527534E-03  1.2004270041953419E-01  9.4314091651293529E-03  4.0320550022820674E-04  1.4396455496243062E-04
  2390   274.85000      0.0000000000000000E+00  9.4919711943762461E-03  1.2084933173874755E-01  9.7626446811813049E-03  4.3703061124468912E-04  1.4508609432222641E-04
  2400   276.00000      0.0000000000000000E+00  9.5465473768285413E-03  1.2149415334235637E-01  1.1002717083579848E-02  3.5392213137304428E-04  1.2910218242564525E-04
  2410   277.15000      0.0000000000000000E+00  1.0145066656211016E-02  1.2215730872107032E-01  1.1562298955083114E-02  4.1638907441011910E-04  1.2256367478500317E-04
  2420   278.30000      0.0000000000000000E+00  1.0147679420225333E-02  1.2227421015933537E-01  1.0453321135042873E-02  4.0460511546626561E-04  1.3551861499883452E-04
  2430   279.45000      0.0000000000000000E+00  1.0466224549116216E-02  1.2202700064053353E-01  1.3173306498986766E-02  4.6638254499300477E-04  1.4800044961476989E-04
  2440   280.60000      0.0000000000000000E+00  1.0797153831111713E-02  1.2166837513811939E-01  1.0923070345716122E-02  4.5931043345750610E-04  1.1160900838121251E-04
  2450   281.75000      0.0000000000000000E+00  1.0962451545992236E-02  1.2100133754000984E-01  1.2159873163475436E-02  4.8854522762337073E-04  1.2384832098037384E-04
  2460   282.90000      0.0000000000000000E+00  1.1696019718376392E-02  1.2055760587960414E-01  1.2535660607579959E-02  4.6315907478946552E-04  1.4264835553023554E-04
  2470   284.05000      0.0000000000000000E+00  1.1987478123653127E-02  1.2025840695994863E-01  1.2946535351170270E-02  4.5659678251626850E-04  1.1832245267737158E-04
  2480   285.20000      0.0000000000000000E+00  1.2726430858412583E-02  1.2009095291204085E-01  1.3924012032645001E-02  4.8782878260254526E-04  1.4315577715890183E-04
  2490   286.35000      0.0000000000000000E+00  1.3293814438641601E-02  1.2042259515660363E-01  1.5216871789016458E-02  4.3460288915601674E-04  1.1227741977460487E-04
  2500   287.50000      0.0000000000000000E+00  1.4293432202836003E-02  1.2110375897046859E-01  1.3747763617946412E-02  4.9411798633533966E-04  1.1837182057733499E-04
  2510   288.65000      0.0000000000000000E+00  1.4904463559663753E-02  1.2209051143928774E-01  1.7518077588530783E-02  4.6766293485574206E-04  1.3455718864353649E-04
  2520   289.80000      0.0000000000000000E+00  1.5579462114137974E-02  1.2336803584758151E-01  1.5191293155639163E-02  4.6420612489550490E-04  1.2416224000702980E-04
  2530   290.95000      0.0000000000000000E+00  1.6467265971644052E-02  1.2439544864145394E-01  1.8438841681894927E-02  5.0381184114485652E-04  1.2506300521490204E-04
  2540   292.10000      0.0000000000000000E+00  1.6546066600605432E-02  1.2553716276002663E-01  1.5196486690632477E-02  4.7368352198146985E-04  1.3575663746727274E-04
  2550   293.25000      0.0000000000000000E+00  1.7138588564231498E-02  1.2716393029918954E-01  1.8973497823676213E-02  5.6591065223906840E-04  1.3663017394455792E-04
  2560   294.40000      0.0000000000000000E+00  1.7520739923303833E-02  1.2937916369135222E-01  1.7279590357833122E-02  4.8455820223981670E-04  1.3156151466542371E-04
  2570   295.55000      0.0000000000000000E+00  1.7171970991263937E-02  1.3178975906878715E-01  1.7476378754307433E-02  5.3222587273685012E-04  1.2510123918188078E-04
  2580   296.70000      0.0000000000000000E+00  1.7639249815051383E-02  1.3394690112859661E-01  1.9607535288350790E-02  4.7445991463084669E-04  1.4769886758172140E-04
  2590   297.85000      0.0000000000000000E+00  1.7910314800958938E-02  1.3569289771952642E-01  2.0034524824785929E-02  4.4900806724439525E-04  1.4570049177157219E-04
  2600   299.00000      0.0000000000000000E+00  1.7659055540424989E-02  1.3663779772843587E-01  2.0845049530631463E-02  4.6730012001348307E-04  1.3972952993235608E-04
  2610   300.15000      0.0000000000000000E+00  1.8710246170109836E-02  1.3684573723475460E-01  2.0047868510766138E-02  3.8818081666527118E-04  1.1580003777775533E-04
  2620   301.30000      0.0000000000000000E+00  1.8536084851354058E-02  1.3635201811589978E-01  1.9107032521942211E-02  4.7718491388372192E-04  1.3983052778092622E-04
  2630   302.45000      0.0000000000000000E+00  1.8705139291053250E-02  1.3517264818676708E-01  2.1150332176874384E-02  4.0316125653128561E-04  1.2368194100956302E-04
  2640   303.60000      0.0000000000000000E+00  1.9517502923931132E-02  1.3390554464194124E-01  1.8153508102192975E-02  4.9905144543386051E-04  1.3924647518526222E-04
  2650   304.75000      0.0000000000000000E+00  1.9441601362845208E-02  1.3236699750396927E-01  2.1021585287594874E-02  5.0807161873800757E-04  1.2383586727648539E-04
  2660   305.90000      0.0000000000000000E+00  1.9792128614264850E-02  1.3134548974872426E-01  1.8668514622940321E-02  5.3870365055843814E-04  1.3376439077353628E-04
  2670   307.05000      0.0000000000000000E+00  2.0254887119341151E-02  1.3092703671342457E-01  2.1194768326259134E-02  6.0582448548447557E-04  1.4677942544743210E-04
  2680   308.20000      0.0000000000000000E+00  2.0244827310206600E-02  1.3105664796299824E-01  2.0524313586075295E-02  5.5208086136818157E-04  1.1746776772780041E-04
  2690   309.35000      0.0000000000000000E+00  2.0798288623848527E-02  1.3219438164257841E-01  2.0574685807485924E-02  5.9059079067804061E-04  1.3142480862736715E-04
  2700   310.50000      0.0000000000000000E+00  2.0905499980735133E-02  1.3358625376595831E-01  2.4324901152048072E-02  4.9658823708339573E-04  1.3375076402228072E-04
  2710   311.65000      0.0000000000000000E+00  2.0951475104475148E-02  1.3518424898369044E-01  2.2123680872272278E-02  5.4138345218415632E-04  1.4920312257324391E-04
  2720   312.80000      0.0000000000000000E+00  2.1000890904196476E-02  1.3649861974715899E-01  2.5207269633253582E-02  5.1887346508615209E-04  1.2047404026555105E-04
  2730   313.95000      0.0000000000000000E+00  2.0436579805157836E-02  1.3720945452731817E-01  2.3217323272546574E-02  5.3596933963107616E-04  1.4196714390296756E-04
  2740   315.10000      0.0000000000000000E+00  2.0505586681998172E-02  1.3765506650398135E-01  2.7447542747732680E-02  5.5471899448138195E-04  1.4032562157025017E-04
  2750   316.25000      0.0000000000000000E+00  2.0443103512727712E-02  1.3808677215113097E-01  2.6536965757428282E-02  5.4178483758322165E-04  1.3956523809081090E-04
  2760   317.40000      0.0000000000000000E+00  1.9881876138355417E-02  1.3870424464336314E-01  2.5659226778646155E-02  5.4729454081469417E-04  1.2731139313382542E-04
  2770   318.55000      0.0000000000000000E+00  2.0126998324824830E-02  1.3911580220554212E-01  2.6891979828863086E-02  5.4203449274464245E-04  1.2614100917143973E-04
  2780   319.70000      0.0000000000000000E+00  2.0159306946096821E-02  1.3925439422319827E-01  2.5466071097991004E-02  5.6148650491489812E-04  1.4095828996368468E-04
  2790   320.85000      0.0000000000000000E+00  1.9845051840874376E-02  1.3887021189738324E-01  2.4598499662050136E-02  5.9399726859440559E-04  1.3006595795772075E-04
  2800   322.00000      0.0000000000000000E+00  2.0066645430093209E-02  1.3844920144195244E-01  2.3064796787434751E-02  5.6787963644992811E-04  1.2500152964258407E-04
  2810   323.15000      0.0000000000000000E+00  1.9903358452317946E-02  1.3803198957207144E-01  2.3606497959878753E-02  6.2109615262725731E-04  1.4595756339302266E-04
  2820   324.30000      0.0000000000000000E+00  1.9620129039014941E-02  1.3788631710527743E-01  2.1665597866026648E-02  5.9124666493757464E-04  1.2270835224533543E-04
  2830   325.45000      0.0000000000000000E+00  1.9501092582850807E-02  1.3843745789064041E-01  2.1084127258359040E-02  5.9071283985973424E-04  1.4101444155150244E-04
  2840   326.60000      0.0000000000000000E+00  1.8905474862826288E-02  1.3919158421474498E-01  2.2731307545145071E-02  5.9012168431139779E-04  1.4860334294985965E-04
  2850   327.75000      0.0000000000000000E+00  1.8558973633833492E-02  1.4023293566088776E-01  2.0426896279477958E-02  6.1459860431680488E-04  1.3896287245412269E-04
  2860   328.90000      0.0000000000000000E+00  1.7990968137894650E-02  1.4136781541642945E-01  2.0923851904604964E-02  6.3783756979609630E-04  1.3279671252262003E-04
  2870   330.05000      0.0000000000000000E+00  1.7106466502913174E-02  1.4257785918562083E-01  2.1697482198854708E-02  6.4337265534915289E-04  1.4453700263871238E-04
  2880   331.20000      0.0000000000000000E+00  1.6935168779258571E-02  1.4426993503660202E-01  1.7519827932079558E-02  6.1886705217533366E-04  1.4451222643789834E-04
  2890   332.35000      0.0000000000000000E+00  1.6212694751556206E-02  1.4548360954676082E-01  1.6835089799672128E-02  6.6697553962990997E-04  1.4173218363120829E-04
  2900   333.50000      0.0000000000000000E+00  1.5539315585316961E-02  1.4698096329745525E-01  1.9768552936939000E-02  5.5355034595625603E-04  1.5532139863564333E-04
  2910   334.65000      0.0000000000000000E+00  1.5457019999810240E-02  1.4790497614093776E-01  1.5093543741765672E-02  6.0458954534632842E-04  1.6035637423243368E-04
  2920   335.80000      0.0000000000000000E+00  1.4890811326878967E-02  1.4831220928946423E-01  2.0185772925541374E-02  5.8684504362648384E-04  1.2384548565832649E-04
  2930   336.95000      0.0000000000000000E+00  1.4632661476429795E-02  1.4826359406684519E-01  1.5448602256472896E-02  5.8020007888808292E-04  1.4632662855462849E-04
  2940   338.10000      0.0000000000000000E+00  1.4674809570724895E-02  1.4800464820275866E-01  1.6283826423542220E-02  5.9847585840128203E-04  1.3987053155841315E-04
  2950   339.25000      0.0000000000000000E+00  1.4113961167135787E-02  1.4720771901371479E-01  1.6426205734559121E-02  6.1145667836900563E-04  1.5281153322409117E-04
  2960   340.40000      0.0000000000000000E+00  1.4030268966546479E-02  1.4625160269281806E-01  1.4225877609789890E-02  6.1327253186795299E-04  1.6954406096194582E-04
  2970   341.55000      0.0000000000000000E+00  1.4012525291267300E-02  1.4530433555502070E-01  1.3521638466057981E-02  6.2821120311623666E-04  1.4286359145153967E-04
  2980   342.70000      0.0000000000000000E+00  1.3755911868504412E-02  1.4449296515399615E-01  1.5253546588274889E-02  6.5464208939313838E-04  1.6644239621716231E-04
  2990   343.85000      0.0000000000000000E+00  1.4016655344063421E-02  1.4410020505964230E-01  1.3079300610858454E-02  6.5423546546702666E-04  1.3271904366656792E-04
  3000   345.00000      0.0000000000000000E+00  1.4088603808453230E-02  1.4387049264251822E-01  1.3821969931278631E-02  6.6841700892555434E-04  1.3236263127898432E-04
  3010   346.15000      0.0000000000000000E+00  1.4054171580365000E-02  1.4402893224732197E-01  1.1801591013776192E-02  6.9688552535465535E-04  1.3719623912840023E-04
  3020   347.30000      0.0000000000000000E+00  1.4506935070292668E-02  1.4435353750225330E-01  1.2309311532504821E-02  6.9556842117908264E-04  1.4670485048917702E-04
  3030   348.45000      0.0000000000000000E+00  1.4288860826596573E-02  1.4510205461356235E-01  1.1436369903220708E-02  7.1242803886752961E-04  1.5925941677696160E-04
  3040   349.60000      0.0000000000000000E+00  1.4808598544132056E-02  1.4612229200025095E-01  1.1321274642973193E-02  7.1777529160256157E-04  1.4358023398967961E-04
  3050   350.75000      0.0000000000000000E+00  1.4832779888072930E-02  1.4730445351887514E-01  9.1633427451754037E-03  7.3844813719740280E-04  1.3457620889178841E-04
  3060   351.90000      0.0000000000000000E+00  1.5081826685875292E-02  1.4880750805536005E-01  1.0365046401266613E-02  7.4296318613441595E-04  1.6488750859474055E-04
  3070   353.05000      0.0000000000000000E+00  1.5278338230199881E-02  1.5020990626417477E-01  8.2312319164105328E-03  7.7465061507660813E-04  1.3394573307889455E-04
  3080   354.20000      0.0000000000000000E+00  1.5550207648848473E-02  1.5174603119342459E-01  8.7882542329647487E-03  7.6278763281710190E-04  1.3986052411041818E-04
  3090   355.35000      0.0000000000000000E+00  1.6028513601984987E-02  1.5305882773396207E-01  9.6075059900438166E-03  7.9461628799311476E-04  1.5295838117669643E-04
  3100   356.50000      0.0000000000000000E+00  1.5984106505207651E-02  1.5371348535678653E-01  8.7849525271418791E-03  7.9492535508791657E-04  1.2933792770194425E-04
  3110   357.65000      0.0000000000000000E+00  1.6394521311995720E-02  1.5396706185004405E-01  9.2671376302377213E-03  7.7188958934381571E-04  1.4274016998022508E-04
  3120   358.80000      0.0000000000000000E+00  1.6230049870745191E-02  1.5339372440767479E-01  9.1521838125413462E-03  8.1794682103143409E-04  1.4649591244718092E-04
  3130   359.95000      0.0000000000000000E+00  1.5919687415812594E-02  1.5286321472837336E-01  9.9637536452486988E-03  7.9344357338189460E-04  1.3611011475969835E-04
  3140   361.10000      0.0000000000000000E+00  1.5862659666273995E-02  1.5218226085626788E-01  9.9457773542390871E-03  8.2341574251813430E-04  1.1513761862284687E-04
  3150   362.25000      0.0000000000000000E+00  1.5185057907044356E-02  1.5131880252877355E-01  9.9779214186130668E-03  8.1202820109426430E-04  1.1144529171187105E-04
  3160   363.40000      0.0000000000000000E+00  1.4669857041753345E-02  1.5046076880216985E-01  1.0348977136656291E-02  8.0927254207408114E-04  1.2625396420090854E-04
  3170   364.55000      0.0000000000000000E+00  1.4274424464880704E-02  1.4954118706226843E-01  1.1024427808011985E-02  8.1039520438728595E-04  1.3445764130227687E-04
  3180   365.70000      0.0000000000000000E+00  1.3866839589457749E-02  1.4855055934386041E-01  1.0014919644401642E-02  7.7303802154720660E-04  1.2811894093434659E-04
  3190   366.85000      0.0000000000000000E+00  1.3415931562562926E-02  1.4780355004153239E-01  1.1849628622476453E-02  8.0285845708245721E-04  1.3513533117181430E-04
  3200   368.00000      0.0000000000000000E+00  1.3598000991572058E-02  1.4722324163613881E-01  1.0987547962411342E-02  7.5098685624974790E-04  1.2758801988108019E-04
  3210   369.15000      0.0000000000000000E+00  1.3081627743258405E-02  1.4672805678496595E-01  1.1846956812164293E-02  8.1804161039041035E-04  1.2564770737974617E-04
  3220   370.30000      0.0000000000000000E+00  1.3260497791017185E-02  1.4647096361268452E-01  1.1656607124312291E-02  7.6516146306681806E-04  1.2364511892128276E-04
  3230   371.45000      0.0000000000000000E+00  1.3256954584378183E-02  1.4599341761052481E-01  1.0958862311011749E-02  8.2519425139386971E-04  1.3304031790369299E-04
  3240   372.60000      0.0000000000000000E+00  1.3244111751387370E-02  1.4585953877691896E-01  1.2054636439643903E-02  8.1305588381209765E-04  1.3528621911298614E-04
  3250   373.75000      0.0000000000000000E+00  1.3350264153969768E-02  1.4590453029230885E-01  9.8714213397427704E-03  8.3020246663613538E-04  1.2607411095534772E-04
  3260   374.90000      0.0000000000000000E+00  1.3201283340295385E-02  1.4635245520885196E-01  1.1974258436930814E-02  8.4957362098942867E-04  1.2251868695372750E-04
  3270   376.05000      0.0000000000000000E+00  1.3269729039899212E-02  1.4698038784720782E-01  1.1086155004315704E-02  8.2781159326615996E-04  1.1230020710114203E-04
  3280   377.20000      0.0000000000000000E+00  1.3200879260185429E-02  1.4745922690945362E-01  1.1483639730995620E-02  8.6304395667806866E-04  1.3317951859562015E-04
  3290   378.35000      0.0000000000000000E+00  1.3275594950086326E-02  1.4782757418061393E-01  1.1650994885799565E-02  8.5067297900244347E-04  1.3527015140290242E-04
  3300   379.50000      0.0000000000000000E+00  1.3075925960816573E-02  1.4805237562819407E-01  1.1240350058644606E-02  8.5171544700525699E-04  1.1562346372811109E-04
  3310   380.65000      0.0000000000000000E+00  1.2976698206275195E-02  1.4823541155710740E-01  1.1028693399147110E-02  8.7456411234005575E-04  1.3147285519629951E-04
  3320   381.80000      0.0000000000000000E+00  1.2804930637793803E-02  1.4862466906471578E-01  1.1859467748249034E-02  8.5756785349045122E-04  1.0854485011647213E-04
  3330   382.95000      0.0000000000000000E+00  1.2842678459668638E-02  1.4908874977266751E-01  1.1767819165653795E-02  8.9638440067604417E-04  1.4942755485237695E-04
  3340   384.10000      0.0000000000000000E+00  1.2854215158994285E-02  1.4962501737841583E-01  1.2071276382898344E-02  8.6468278935397961E-04  1.1466733174525756E-04
  3350   385.25000      0.0000000000000000E+00  1.3062944601944923E-02  1.5016854334865617E-01  1.2594966815470756E-02  9.1552002631083845E-04  1.5794846746774863E-04
  3360   386.40000      0.0000000000000000E+00  1.3108656230014146E-02  1.5090011819133570E-01  1.1921434666494066E-02  8.7429053282468629E-04  1.2759780299493974E-04
  3370   387.55000      0.0000000000000000E+00  1.3454620564677869E-02  1.5193654803843373E-01  1.3387924684475541E-02  9.3999198208944248E-04  1.3309773045239604E-04
  3380   388.70000      0.0000000000000000E+00  1.3410401302966671E-02  1.5325745116991418E-01  1.3727840669375822E-02  8.8025789007984583E-04  1.2911855509194271E-04
  3390   389.85000      0.0000000000000000E+00  1.3615908097616820E-02  1.5492469335162040E-01  1.3899670091490063E-02  9.5097302393168598E-04  1.3189448198548090E-04
  3400   391.00000      0.0000000000000000E+00  1.3662323998470652E-02  1.5659853546832292E-01  1.3954215723868438E-02  8.9071075945712237E-04  1.2804186446117098E-04
  3410   392.15000      0.0000000000000000E+00  1.3271278956790247E-02  1.5799815278442977E-01  1.4665226592244543E-02  9.5041566985611461E-04  1.3018988589229928E-04
  3420   393.30000      0.0000000000000000E+00  1.3229086629616816E-02  1.5918068979248881E-01  1.5389570982250283E-02  9.0420766852441830E-04  1.3484756914531975E-04
  3430   394.45000      0.0000000000000000E+00  1.2705334754596729E-02  1.5995051557027024E-01  1.6143104199186478E-02  9.6495622504883178E-04  1.3120972632658880E-04
  3440   395.60000      0.0000000000000000E+00  1.2385730214589099E-02  1.6064636811150976E-01  1.7061749943995095E-02  9.3424518363685041E-04  1.4131428422024767E-04
  3450   396.75000      0.0000000000000000E+00  1.2347273070057353E-02  1.6134774996020859E-01  1.8673170464501718E-02  9.6341733192420096E-04  1.2703144977084432E-04
  3460   397.90000      0.0000000000000000E+00  1.1794798899878355E-02  1.6169298376300742E-01  1.9803417606228908E-02  9.4962279596555400E-04  1.3238635722292246E-04
  3470   399.05000      0.0000000000000000E+00  1.1830817886151028E-02  1.6234611785092501E-01  2.1856129909030825E-02  9.6111171878155213E-04  1.3498944389217716E-04
