! Kinetic energy for species "positrons"
  Iter        Time          Total Par.             Kin. Energy
     0   0.0000000             995747  2.4220722862038748E+00
    10   1.1500000             997671  2.4271804368904100E+00
    20   2.3000000             999596  2.4323044508847143E+00
    30   3.4500000            1001521  2.4364705781860407E+00
    40   4.6000000            1003445  2.4407711589736465E+00
    50   5.7500000            1005370  2.4460085553699984E+00
    60   6.9000000            1007294  2.4510555201775190E+00
    70   8.0500000            1009219  2.4551726851342321E+00
    80   9.2000000            1011143  2.4595197714264696E+00
    90   10.350000            1013068  2.4647456285183726E+00
   100   11.500000            1014992  2.4698052260079848E+00
   110   12.650000            1016917  2.4739046248433332E+00
   120   13.800000            1018842  2.4782235935064838E+00
   130   14.950000            1020766  2.4834518721241294E+00
   140   16.100000            1022691  2.4885363697924499E+00
   150   17.250000            1024615  2.4926225047574500E+00
   160   18.400000            1026540  2.4968681899582648E+00
   170   19.550000            1028464  2.5021108933261291E+00
   180   20.700000            1030389  2.5071310038346848E+00
   190   21.850000            1032313  2.5111487333200082E+00
   200   23.000000            1034238  2.5155091042922999E+00
   210   24.150000            1036163  2.5208608715682082E+00
   220   25.300000            1038087  2.5257876982393475E+00
   230   26.450000            1040012  2.5297244669078109E+00
   240   27.600000            1041936  2.5340007373939826E+00
   250   28.750000            1043861  2.5385818893635994E+00
   260   29.900000            1045785  2.5420251961138329E+00
   270   31.050000            1047710  2.5447316092414485E+00
   280   32.200000            1049634  2.5491427925598091E+00
   290   33.350000            1051559  2.5538695097438087E+00
   300   34.500000            1053484  2.5565938567445849E+00
   310   35.650000            1055408  2.5593472192346667E+00
   320   36.800000            1057333  2.5684400155106357E+00
   330   37.950000            1059257  2.5706111406077401E+00
   340   39.100000            1061182  2.5684981440736241E+00
   350   40.250000            1063106  2.5732673145197751E+00
   360   41.400000            1065031  2.5840361576854964E+00
   370   42.550000            1066955  2.5951014296047350E+00
   380   43.700000            1068880  2.5929995494593876E+00
   390   44.850000            1070805  2.5912482789515856E+00
   400   46.000000            1072729  2.5951046633770498E+00
   410   47.150000            1074654  2.6008321630534934E+00
   420   48.300000            1076578  2.6126136056508478E+00
   430   49.450000            1078503  2.6210984459082849E+00
   440   50.600000            1080427  2.6310881981535439E+00
   450   51.750000            1082352  2.6353467688222372E+00
   460   52.900000            1084276  2.6383146476720656E+00
   470   54.050000            1086201  2.6337678062479570E+00
   480   55.200000            1088125  2.6366378509041701E+00
   490   56.350000            1090050  2.6440379251791222E+00
   500   57.500000            1091975  2.6481349930479112E+00
   510   58.650000            1093899  2.6553876449937710E+00
   520   59.800000            1095824  2.6595239103973598E+00
   530   60.950000            1097748  2.6652347394811269E+00
   540   62.100000            1099673  2.6700461604306853E+00
   550   63.250000            1101597  2.6714942445919698E+00
   560   64.400000            1103522  2.6771768688916886E+00
   570   65.550000            1105446  2.6829932058547907E+00
   580   66.700000            1107371  2.6855730104418400E+00
   590   67.850000            1109296  2.6916409797034850E+00
   600   69.000000            1111220  2.6945037509459464E+00
   610   70.150000            1113145  2.7004286312107415E+00
   620   71.300000            1115069  2.7054985784418384E+00
   630   72.450000            1116994  2.7084340303744736E+00
   640   73.600000            1118918  2.7150134103944707E+00
   650   74.750000            1120843  2.7185364397596024E+00
   660   75.900000            1122767  2.7236690515052677E+00
   670   77.050000            1124692  2.7280009220371344E+00
   680   78.200000            1126617  2.7315723422721980E+00
   690   79.350000            1128541  2.7349329785943168E+00
   700   80.500000            1130466  2.7420906636306404E+00
   710   81.650000            1132390  2.7431204659330755E+00
   720   82.800000            1134315  2.7503639182320359E+00
   730   83.950000            1136239  2.7548355491907617E+00
   740   85.100000            1138164  2.7588481744675941E+00
   750   86.250000            1140088  2.7653516703332763E+00
   760   87.400000            1142013  2.7673702949468657E+00
   770   88.550000            1143938  2.7749080445068453E+00
   780   89.700000            1145862  2.7779518071572449E+00
   790   90.850000            1147787  2.7839770856637633E+00
   800   92.000000            1149711  2.7891608260949838E+00
   810   93.150000            1151636  2.7944586589077138E+00
   820   94.300000            1153560  2.7974842586039967E+00
   830   95.450000            1155485  2.8002615619298803E+00
   840   96.600000            1157409  2.8045335602269996E+00
   850   97.750000            1159334  2.8082739024318077E+00
   860   98.900000            1161258  2.8109500183986142E+00
   870   100.05000            1163183  2.8128183390009931E+00
   880   101.20000            1165108  2.8160061075529925E+00
   890   102.35000            1167032  2.8205577519317897E+00
   900   103.50000            1168957  2.8227308787381626E+00
   910   104.65000            1170881  2.8253564966445563E+00
   920   105.80000            1172806  2.8299671868907974E+00
   930   106.95000            1174730  2.8333834718381414E+00
   940   108.10000            1176655  2.8359022679018273E+00
   950   109.25000            1178579  2.8377501771515350E+00
   960   110.40000            1180504  2.8390703286393548E+00
   970   111.55000            1182429  2.8407024714632683E+00
   980   112.70000            1184353  2.8428416469821021E+00
   990   113.85000            1186278  2.8450912237978048E+00
  1000   115.00000            1188202  2.8494538424065712E+00
  1010   116.15000            1190127  2.8559078824140127E+00
  1020   117.30000            1192051  2.8589681791631034E+00
  1030   118.45000            1193976  2.8619118527632885E+00
  1040   119.60000            1195900  2.8628133781847018E+00
  1050   120.75000            1197825  2.8647066332772901E+00
  1060   121.90000            1199750  2.8716916755140449E+00
  1070   123.05000            1201674  2.8727711767036261E+00
  1080   124.20000            1203599  2.8762250349266054E+00
  1090   125.35000            1205523  2.8866971651560984E+00
  1100   126.50000            1207448  2.8849486427837752E+00
  1110   127.65000            1209372  2.8888787926277808E+00
  1120   128.80000            1211297  2.8951743635800851E+00
  1130   129.95000            1213221  2.8976960110078127E+00
  1140   131.10000            1215146  2.9056221226437460E+00
  1150   132.25000            1217071  2.9096829496007888E+00
  1160   133.40000            1218995  2.9135792131235387E+00
  1170   134.55000            1220920  2.9190074289711374E+00
  1180   135.70000            1222844  2.9202263077655952E+00
  1190   136.85000            1224769  2.9242342802181076E+00
  1200   138.00000            1226693  2.9289421176195272E+00
  1210   139.15000            1228618  2.9353035905614946E+00
  1220   140.30000            1230542  2.9424572961500770E+00
  1230   141.45000            1232467  2.9429450391817182E+00
  1240   142.60000            1234392  2.9494307725639444E+00
  1250   143.75000            1236316  2.9570492495102281E+00
  1260   144.90000            1238241  2.9581408251712742E+00
  1270   146.05000            1240165  2.9663828780067933E+00
  1280   147.20000            1242090  2.9697500869638263E+00
  1290   148.35000            1244014  2.9733187396319303E+00
  1300   149.50000            1245939  2.9844907286127911E+00
  1310   150.65000            1247863  2.9861227290850190E+00
  1320   151.80000            1249788  2.9933710134717897E+00
  1330   152.95000            1251712  3.0061948311270057E+00
  1340   154.10000            1253637  3.0060548800709261E+00
  1350   155.25000            1255562  3.0037729853190500E+00
  1360   156.40000            1257486  3.0113075021287021E+00
  1370   157.55000            1259411  3.0163701017256397E+00
  1380   158.70000            1261335  3.0135267757383284E+00
  1390   159.85000            1263260  3.0243333979370806E+00
  1400   161.00000            1265184  3.0310140109059853E+00
  1410   162.15000            1267109  3.0318837761881778E+00
  1420   163.30000            1269033  3.0376298068606098E+00
  1430   164.45000            1270958  3.0466854026554695E+00
  1440   165.60000            1272883  3.0511238124579618E+00
  1450   166.75000            1274807  3.0533064156948626E+00
  1460   167.90000            1276732  3.0625342630032160E+00
  1470   169.05000            1278656  3.0646532091619783E+00
  1480   170.20000            1280581  3.0691322422731453E+00
  1490   171.35000            1282505  3.0809763618626271E+00
  1500   172.50000            1284430  3.0852137707989176E+00
  1510   173.65000            1286354  3.0901342692611005E+00
  1520   174.80000            1288279  3.0983864788890090E+00
  1530   175.95000            1290204  3.1002690271002220E+00
  1540   177.10000            1292128  3.1004570604138979E+00
  1550   178.25000            1294053  3.1103860003396977E+00
  1560   179.40000            1295977  3.1157302784767946E+00
  1570   180.55000            1297902  3.1194503660019897E+00
  1580   181.70000            1299826  3.1286782656836296E+00
  1590   182.85000            1301751  3.1348329461500377E+00
  1600   184.00000            1303675  3.1400677167839857E+00
  1610   185.15000            1305600  3.1472315609257233E+00
  1620   186.30000            1307525  3.1513302438075983E+00
  1630   187.45000            1309449  3.1515903507467629E+00
  1640   188.60000            1311374  3.1594813628903728E+00
  1650   189.75000            1313298  3.1652154715478367E+00
  1660   190.90000            1315223  3.1655205286509669E+00
  1670   192.05000            1317147  3.1700656039102086E+00
  1680   193.20000            1319072  3.1771231038578587E+00
  1690   194.35000            1320996  3.1839613141210243E+00
  1700   195.50000            1322921  3.1880615444433089E+00
  1710   196.65000            1324845  3.1892622351558870E+00
  1720   197.80000            1326770  3.1949920292333909E+00
  1730   198.95000            1328695  3.1983908509860139E+00
  1740   200.10000            1330619  3.1961736456886847E+00
  1750   201.25000            1332544  3.1986815832177973E+00
  1760   202.40000            1334468  3.2051012177860434E+00
  1770   203.55000            1336393  3.2075598453547838E+00
  1780   204.70000            1338317  3.2126022300880193E+00
  1790   205.85000            1340242  3.2204735212476292E+00
  1800   207.00000            1342166  3.2310689836870550E+00
  1810   208.15000            1344091  3.2326791687760186E+00
  1820   209.30000            1346016  3.2349621701406703E+00
  1830   210.45000            1347940  3.2401168644287242E+00
  1840   211.60000            1349865  3.2465255268741178E+00
  1850   212.75000            1351789  3.2397915661722738E+00
  1860   213.90000            1353714  3.2511784514464281E+00
  1870   215.05000            1355638  3.2570410131757015E+00
  1880   216.20000            1357563  3.2515267200938878E+00
  1890   217.35000            1359487  3.2645954256739547E+00
  1900   218.50000            1361412  3.2742579476321958E+00
  1910   219.65000            1363337  3.2660150957899483E+00
  1920   220.80000            1365261  3.2696390462791030E+00
  1930   221.95000            1367186  3.2854067686270225E+00
  1940   223.10000            1369110  3.2850327871060507E+00
  1950   224.25000            1371035  3.2862986280780091E+00
  1960   225.40000            1372959  3.2964140091035978E+00
  1970   226.55000            1374884  3.3102960138648436E+00
  1980   227.70000            1376808  3.3091047173715191E+00
  1990   228.85000            1378733  3.3113188448866362E+00
  2000   230.00000            1380658  3.3289070498428881E+00
  2010   231.15000            1382582  3.3336445185260901E+00
  2020   232.30000            1384507  3.3283718913636862E+00
  2030   233.45000            1386431  3.3468172051558995E+00
  2040   234.60000            1388356  3.3614052999060551E+00
  2050   235.75000            1390280  3.3481328277993665E+00
  2060   236.90000            1392205  3.3533267537180702E+00
  2070   238.05000            1394129  3.3688136865061513E+00
  2080   239.20000            1396054  3.3724091943178967E+00
  2090   240.35000            1397979  3.3711680106655089E+00
  2100   241.50000            1399903  3.3689470060126649E+00
  2110   242.65000            1401828  3.3704636976761488E+00
  2120   243.80000            1403752  3.3838966233184760E+00
  2130   244.95000            1405677  3.3867352932505801E+00
  2140   246.10000            1407601  3.3775705435256094E+00
  2150   247.25000            1409526  3.3859902122744741E+00
  2160   248.40000            1411450  3.4002958863746864E+00
  2170   249.55000            1413375  3.3990517560562070E+00
  2180   250.70000            1415299  3.3939579671945350E+00
  2190   251.85000            1417224  3.4081502822966656E+00
  2200   253.00000            1419149  3.4186301347626387E+00
  2210   254.15000            1421073  3.4187658134219880E+00
  2220   255.30000            1422998  3.4188438767555649E+00
  2230   256.45000            1424922  3.4307344472301735E+00
  2240   257.60000            1426847  3.4367569070085189E+00
  2250   258.75000            1428771  3.4344185568086081E+00
  2260   259.90000            1430696  3.4469700908016940E+00
  2270   261.05000            1432620  3.4524211470526667E+00
  2280   262.20000            1434545  3.4473996646160447E+00
  2290   263.35000            1436470  3.4609644895187301E+00
  2300   264.50000            1438394  3.4732318786610690E+00
  2310   265.65000            1440319  3.4635424488320465E+00
  2320   266.80000            1442243  3.4683687260864220E+00
  2330   267.95000            1444168  3.4803625587107030E+00
  2340   269.10000            1446092  3.4799964454587418E+00
  2350   270.25000            1448017  3.4805683389463562E+00
  2360   271.40000            1449941  3.4865449532268613E+00
  2370   272.55000            1451866  3.4838536320127576E+00
  2380   273.70000            1453791  3.4950201456164138E+00
  2390   274.85000            1455715  3.5038471066964356E+00
  2400   276.00000            1457640  3.4996090336100045E+00
  2410   277.15000            1459564  3.5037482532667745E+00
  2420   278.30000            1461489  3.5140778213139807E+00
  2430   279.45000            1463413  3.5142778488719704E+00
  2440   280.60000            1465338  3.5222922326311106E+00
  2450   281.75000            1467262  3.5199186360742956E+00
  2460   282.90000            1469187  3.5187124369266445E+00
  2470   284.05000            1471112  3.5256718871861308E+00
  2480   285.20000            1473036  3.5336435404848774E+00
  2490   286.35000            1474961  3.5327417444077511E+00
  2500   287.50000            1476885  3.5367116121883919E+00
  2510   288.65000            1478810  3.5401647439857364E+00
  2520   289.80000            1480734  3.5530230888797871E+00
  2530   290.95000            1482659  3.5569441345428543E+00
  2540   292.10000            1484583  3.5548630273894575E+00
  2550   293.25000            1486508  3.5684734202593846E+00
  2560   294.40000            1488432  3.5795092552412737E+00
  2570   295.55000            1490357  3.5723866443317029E+00
  2580   296.70000            1492282  3.5731262905376520E+00
  2590   297.85000            1494206  3.5818850562224851E+00
  2600   299.00000            1496131  3.5821970306152178E+00
  2610   300.15000            1498055  3.5827338007040148E+00
  2620   301.30000            1499980  3.5863903389725849E+00
  2630   302.45000            1501904  3.5899371562571836E+00
  2640   303.60000            1503829  3.6028047364834208E+00
  2650   304.75000            1505753  3.6067530822647136E+00
  2660   305.90000            1507678  3.5997128757512358E+00
  2670   307.05000            1509603  3.6029675978247151E+00
  2680   308.20000            1511527  3.6164716539167294E+00
  2690   309.35000            1513452  3.6218039702869262E+00
  2700   310.50000            1515376  3.6173516676282294E+00
  2710   311.65000            1517301  3.6167524756619396E+00
  2720   312.80000            1519225  3.6302224417952744E+00
  2730   313.95000            1521150  3.6456071741669862E+00
  2740   315.10000            1523074  3.6328331337433273E+00
  2750   316.25000            1524999  3.6334139307051201E+00
  2760   317.40000            1526924  3.6659098818065590E+00
  2770   318.55000            1528848  3.6742162084697005E+00
  2780   319.70000            1530773  3.6580169487791507E+00
  2790   320.85000            1532697  3.6702213092372187E+00
  2800   322.00000            1534622  3.6891069676493240E+00
  2810   323.15000            1536546  3.6905300304079405E+00
  2820   324.30000            1538471  3.6945626900840072E+00
  2830   325.45000            1540395  3.6962315378010686E+00
  2840   326.60000            1542320  3.6909509248086225E+00
  2850   327.75000            1544245  3.7115509180918900E+00
  2860   328.90000            1546169  3.7130393302482236E+00
  2870   330.05000            1548094  3.7001729657335463E+00
  2880   331.20000            1550018  3.7204021633965358E+00
  2890   332.35000            1551943  3.7364887071556860E+00
  2900   333.50000            1553867  3.7249241842004994E+00
  2910   334.65000            1555792  3.7269349680369275E+00
  2920   335.80000            1557716  3.7347780447346581E+00
  2930   336.95000            1559641  3.7456789909682753E+00
  2940   338.10000            1561565  3.7489843942904630E+00
  2950   339.25000            1563490  3.7451315188490542E+00
  2960   340.40000            1565415  3.7531719112718243E+00
  2970   341.55000            1567339  3.7631830883440855E+00
  2980   342.70000            1569264  3.7613385521076856E+00
  2990   343.85000            1571188  3.7771497051027296E+00
  3000   345.00000            1573113  3.7834766812956531E+00
  3010   346.15000            1575037  3.7704928360444456E+00
  3020   347.30000            1576962  3.7887441165128966E+00
  3030   348.45000            1578886  3.8070190898745770E+00
  3040   349.60000            1580811  3.7943144680241963E+00
  3050   350.75000            1582736  3.7971086309009228E+00
  3060   351.90000            1584660  3.8096638310824478E+00
  3070   353.05000            1586585  3.8165585192726472E+00
  3080   354.20000            1588509  3.8165197395049022E+00
  3090   355.35000            1590434  3.8223834792277405E+00
  3100   356.50000            1592358  3.8292917172680827E+00
  3110   357.65000            1594283  3.8227484672315404E+00
  3120   358.80000            1596207  3.8236657212409355E+00
  3130   359.95000            1598132  3.8433926659019915E+00
  3140   361.10000            1600057  3.8409294977734429E+00
  3150   362.25000            1601981  3.8358847729596892E+00
  3160   363.40000            1603906  3.8441893047310765E+00
  3170   364.55000            1605829  3.8596171944220745E+00
  3180   365.70000            1607754  3.8643382139512399E+00
  3190   366.85000            1609678  3.8600826924616376E+00
  3200   368.00000            1611603  3.8671095760890606E+00
  3210   369.15000            1613527  3.8784670672088124E+00
  3220   370.30000            1615452  3.8789939747077824E+00
  3230   371.45000            1617377  3.8906558105050992E+00
  3240   372.60000            1619301  3.8982704470512353E+00
  3250   373.75000            1621225  3.8922196614801363E+00
  3260   374.90000            1623149  3.8991073325513237E+00
  3270   376.05000            1625073  3.9162469545814114E+00
  3280   377.20000            1626997  3.9130829152656230E+00
  3290   378.35000            1628922  3.9111687075787387E+00
  3300   379.50000            1630846  3.9215436686295213E+00
  3310   380.65000            1632771  3.9310124270235698E+00
  3320   381.80000            1634696  3.9296723088485210E+00
  3330   382.95000            1636617  3.9343798648217931E+00
  3340   384.10000            1638539  3.9452177445005185E+00
  3350   385.25000            1640462  3.9458951348006956E+00
  3360   386.40000            1642385  3.9433544591185008E+00
  3370   387.55000            1644308  3.9510940896942013E+00
  3380   388.70000            1646233  3.9605007835075625E+00
  3390   389.85000            1648156  3.9580658765339818E+00
  3400   391.00000            1650079  3.9627248770370205E+00
  3410   392.15000            1652003  3.9669629697566786E+00
  3420   393.30000            1653928  3.9637580674081017E+00
  3430   394.45000            1655853  3.9749182020835487E+00
  3440   395.60000            1657776  3.9859327423180111E+00
  3450   396.75000            1659698  3.9798534929853657E+00
  3460   397.90000            1661614  3.9836875430905572E+00
  3470   399.05000            1663535  3.9971282727931570E+00
