! EM field energy per field component
  Iter        Time                          B1                      B2                      B3                      E1                      E2                      E3
     0   0.0000000      0.0000000000000000E+00  0.0000000000000000E+00  0.0000000000000000E+00  0.0000000000000000E+00  0.0000000000000000E+00  0.0000000000000000E+00
    10  0.76000000      0.0000000000000000E+00  1.0582051913536316E-06  3.7067832541134349E-06  9.7666090159623429E-06  1.6066609478499396E-05  1.1258764661361848E-06
    20   1.5200000      0.0000000000000000E+00  1.5017244483528679E-06  8.5724252979003422E-05  3.6101783775204100E-05  2.6143276872305703E-04  1.3259068344672394E-06
    30   2.2800000      0.0000000000000000E+00  1.7326647154991357E-06  4.8141063349633285E-04  1.8254175445961058E-04  9.8592562157985976E-04  7.2342332014945063E-07
    40   3.0400000      0.0000000000000000E+00  1.3792923288491982E-06  1.3134930509362626E-03  8.0670387441650945E-04  1.7234508969786958E-03  7.8824333023984625E-07
    50   3.8000000      0.0000000000000000E+00  9.9552587312874666E-07  2.4267672508312028E-03  1.9114483195717025E-03  1.8331468839986047E-03  1.2768087578338693E-06
    60   4.5600000      0.0000000000000000E+00  8.6199086372289451E-07  3.7338684057127525E-03  2.8140115042226328E-03  1.5237148216926556E-03  1.1587878713289166E-06
    70   5.3200000      0.0000000000000000E+00  9.8979191869665235E-07  5.6412862662764277E-03  2.7117442513302508E-03  1.4559509634799888E-03  6.5251258125591989E-07
    80   6.0800000      0.0000000000000000E+00  1.1437581315228713E-06  8.8408421078956002E-03  2.0552638813589627E-03  1.9684404636788255E-03  8.3575484490660604E-07
    90   6.8400000      0.0000000000000000E+00  1.2781143760302420E-06  1.3634123893208432E-02  2.3407987697176367E-03  2.8737382651527780E-03  1.1303472757829372E-06
   100   7.6000000      0.0000000000000000E+00  1.5731298633697155E-06  1.9262556364637830E-02  2.5867738478157353E-03  3.6096257021073080E-03  1.0472745507064817E-06
   110   8.3600000      0.0000000000000000E+00  1.4213788691107614E-06  2.4832954287123697E-02  1.7573212613615171E-03  3.8717340210053320E-03  8.6685838626862098E-07
   120   9.1200000      0.0000000000000000E+00  1.3470115317786488E-06  3.0433709538671236E-02  1.0213553171293380E-03  4.0557243080395567E-03  9.8807451287930637E-07
   130   9.8800000      0.0000000000000000E+00  1.1891133685165213E-06  3.7578379216130546E-02  2.6175041606901050E-03  4.7946326996053381E-03  1.1089341028542801E-06
   140   10.640000      0.0000000000000000E+00  1.1555203051590879E-06  4.6057650046991375E-02  3.1574462964843704E-03  5.3737485245786368E-03  9.3739631458974890E-07
   150   11.400000      0.0000000000000000E+00  1.1985481394251354E-06  5.3222630793965733E-02  4.8016465479557759E-03  5.0267926258289707E-03  8.1299322250810867E-07
   160   12.160000      0.0000000000000000E+00  1.1598139932149877E-06  5.8556631578394275E-02  4.5119194534615666E-03  4.8111289976097496E-03  8.8404292721176840E-07
   170   12.920000      0.0000000000000000E+00  1.4047378531164745E-06  6.5498217713588491E-02  3.8372446074009577E-03  5.8514297635515198E-03  1.0052321778647383E-06
   180   13.680000      0.0000000000000000E+00  1.4595939414231534E-06  7.5973740893591574E-02  3.9975557779016015E-03  7.4962892962569111E-03  9.5657114110662843E-07
   190   14.440000      0.0000000000000000E+00  1.3647889673587055E-06  8.7204561284811855E-02  5.8742711652663843E-03  7.6034103698154089E-03  1.0075107801885591E-06
   200   15.200000      0.0000000000000000E+00  1.2082486301183671E-06  9.5939639176722380E-02  8.4078186641267320E-03  6.6099925370078760E-03  9.1699970176627486E-07
   210   15.960000      0.0000000000000000E+00  1.2568817393333741E-06  1.0311133948351719E-01  7.5006605706094964E-03  6.4987432955076960E-03  9.1386970833050968E-07
   220   16.720000      0.0000000000000000E+00  1.2032170119803841E-06  1.1171321085594443E-01  7.3599309532343645E-03  7.5749206421925602E-03  9.8876743302945206E-07
   230   17.480000      0.0000000000000000E+00  1.3333560493426709E-06  1.2278289423356667E-01  8.4878104150266573E-03  9.3442127651319623E-03  9.0918463097242543E-07
   240   18.240000      0.0000000000000000E+00  1.3989239775319279E-06  1.3499207206491601E-01  1.0551113825780306E-02  9.4690651523038349E-03  7.6953758441055969E-07
   250   19.000000      0.0000000000000000E+00  1.2477868156760958E-06  1.4473101220140955E-01  1.2317846124672292E-02  8.2905074190824761E-03  9.8061796211199419E-07
   260   19.760000      0.0000000000000000E+00  1.2319174478049253E-06  1.5286151680914278E-01  1.1976105293442956E-02  7.9711457267213955E-03  1.1534810503897132E-06
   270   20.520000      0.0000000000000000E+00  1.1373075142862762E-06  1.6336316394617942E-01  1.1738429110178994E-02  9.1814159586511637E-03  9.0381892605996122E-07
   280   21.280000      0.0000000000000000E+00  1.3717330709891405E-06  1.7752678785774839E-01  1.2120369740011037E-02  1.0409555323817463E-02  8.2764533060521418E-07
   290   22.040000      0.0000000000000000E+00  1.3326599675642702E-06  1.9282454008697508E-01  1.3182592920657186E-02  1.0516860684936220E-02  9.8491331112750788E-07
   300   22.800000      0.0000000000000000E+00  1.2682662312146485E-06  2.0575155332194206E-01  1.5953637131755967E-02  9.7700318883059255E-03  1.0196945698021498E-06
   310   23.560000      0.0000000000000000E+00  1.0759113916653574E-06  2.1572948295734040E-01  1.7791917311699015E-02  9.4091187337265094E-03  9.4321527158407405E-07
   320   24.320000      0.0000000000000000E+00  1.2173645178893167E-06  2.2612434734859721E-01  1.8213307794093581E-02  9.8402825924706876E-03  7.5186097716729129E-07
   330   25.080000      0.0000000000000000E+00  1.3559429823639318E-06  2.3990502233715669E-01  1.7962337712159399E-02  1.0949381341051844E-02  1.1226010430195763E-06
   340   25.840000      0.0000000000000000E+00  1.3357818906059002E-06  2.5676367498845160E-01  1.8763851072673757E-02  1.1654936256791554E-02  1.0105179861673745E-06
   350   26.600000      0.0000000000000000E+00  1.4260279430225133E-06  2.7362044778585093E-01  1.9118219323447105E-02  1.1462948813560973E-02  8.1555546731365556E-07
   360   27.360000      0.0000000000000000E+00  1.3043445127866040E-06  2.8853513476558740E-01  1.9848461287140556E-02  1.0815263477356379E-02  9.7611084671172496E-07
   370   28.120000      0.0000000000000000E+00  1.2469771709790065E-06  3.0251089569338380E-01  2.3369975490132422E-02  1.0246746638787795E-02  1.0707037078355592E-06
   380   28.880000      0.0000000000000000E+00  1.2974602049441344E-06  3.1722772163140056E-01  2.5928446808950591E-02  1.0103619517102277E-02  8.9202855183008298E-07
   390   29.640000      0.0000000000000000E+00  1.3738987866011631E-06  3.3369483361739649E-01  2.5862058016764194E-02  1.0547853411241311E-02  8.4217517338280648E-07
   400   30.400000      0.0000000000000000E+00  1.3278919269637839E-06  3.5193424866343859E-01  2.4345109114947108E-02  1.1637313381833089E-02  9.2842368837353648E-07
   410   31.160000      0.0000000000000000E+00  1.2543610736447093E-06  3.7170000743928688E-01  2.4855851601591698E-02  1.2892552450236169E-02  9.9029373385874159E-07
   420   31.920000      0.0000000000000000E+00  1.3935553582249090E-06  3.9268660961432228E-01  2.8696506307483823E-02  1.3107654124436308E-02  8.9924765882284834E-07
   430   32.680000      0.0000000000000000E+00  1.2374488384662295E-06  4.1334930008430648E-01  3.3204943300129679E-02  1.1765976073936334E-02  9.6399773794305340E-07
   440   33.440000      0.0000000000000000E+00  1.4661100089809011E-06  4.3224631561177473E-01  3.3155724737725087E-02  1.0356261507607663E-02  9.9103372708076583E-07
   450   34.200000      0.0000000000000000E+00  1.4180269817291659E-06  4.5090402450189504E-01  2.9686106226771286E-02  1.0545001556003927E-02  8.4871464822891214E-07
   460   34.960000      0.0000000000000000E+00  1.3212684817847496E-06  4.7297523674202030E-01  2.8102079900205232E-02  1.2478167841023138E-02  1.0745472270736986E-06
   470   35.720000      0.0000000000000000E+00  1.2056783980201614E-06  4.9901807454924041E-01  3.1357673491194150E-02  1.3969936158648463E-02  1.0061405714522094E-06
   480   36.480000      0.0000000000000000E+00  1.3979997288599217E-06  5.2520429620675535E-01  3.5153497697144286E-02  1.2716708815243644E-02  8.5027541461226951E-07
   490   37.240000      0.0000000000000000E+00  1.4683187793534809E-06  5.4827169022299926E-01  3.5569897961751223E-02  1.0782264475076903E-02  8.6912220081781045E-07
   500   38.000000      0.0000000000000000E+00  1.3837820291599962E-06  5.6995227629032097E-01  3.3466336810891187E-02  1.0848086316339971E-02  9.8522561963170804E-07
   510   38.760000      0.0000000000000000E+00  1.3259552814050774E-06  5.9446385520374223E-01  3.2471124748440924E-02  1.2720156159390653E-02  9.8240811963749756E-07
   520   39.520000      0.0000000000000000E+00  1.4605043406572441E-06  6.2316218805793189E-01  3.4018332724353235E-02  1.4481730065987472E-02  9.6478838177829893E-07
   530   40.280000      0.0000000000000000E+00  1.6253998260188792E-06  6.5390643434894258E-01  3.6142014912325333E-02  1.4144585921790600E-02  9.1061880555529261E-07
   540   41.040000      0.0000000000000000E+00  1.5805642297674295E-06  6.8306383223475264E-01  3.5485458200351809E-02  1.2619728852625389E-02  1.0034453494484324E-06
   550   41.800000      0.0000000000000000E+00  1.3560148942745948E-06  7.0974215810849739E-01  3.2614782251726537E-02  1.1684764619891062E-02  9.6633701175891576E-07
   560   42.560000      0.0000000000000000E+00  1.3731451695193314E-06  7.3652768265262913E-01  3.1396009192223566E-02  1.2240133792918991E-02  7.9421366539825337E-07
   570   43.320000      0.0000000000000000E+00  1.2831518137037496E-06  7.6597872828893909E-01  3.2504826372640780E-02  1.3851158871341215E-02  9.9969223495457810E-07
   580   44.080000      0.0000000000000000E+00  1.3991008654472761E-06  7.9719449846488066E-01  3.4278373848796853E-02  1.4384512930866943E-02  1.1792659338413367E-06
   590   44.840000      0.0000000000000000E+00  1.5655662540966201E-06  8.2685619708734015E-01  3.3329665656824992E-02  1.3463620045915541E-02  8.1180003353411729E-07
   600   45.600000      0.0000000000000000E+00  1.4482403328184273E-06  8.5456183744198344E-01  3.0348470232572963E-02  1.3188830177503077E-02  8.1010585553188030E-07
   610   46.360000      0.0000000000000000E+00  1.5251220983128433E-06  8.8264377714973330E-01  2.8404779428243803E-02  1.4281339430316418E-02  1.1190524642684503E-06
   620   47.120000      0.0000000000000000E+00  1.4370451942869826E-06  9.1187675240067101E-01  2.7948712592670781E-02  1.5490390487882508E-02  1.0174205837470990E-06
   630   47.880000      0.0000000000000000E+00  1.3835863947912473E-06  9.4052265446049621E-01  2.8956831442198613E-02  1.5367899022983640E-02  8.0135085104363753E-07
   640   48.640000      0.0000000000000000E+00  1.2729662533339269E-06  9.6591799860423611E-01  2.9783828687204666E-02  1.4515121489067613E-02  9.4172016597007487E-07
   650   49.400000      0.0000000000000000E+00  1.4660009505841443E-06  9.8871978446748676E-01  2.8302882666840022E-02  1.4443228027380040E-02  1.0034167951415371E-06
   660   50.160000      0.0000000000000000E+00  1.5354520212582556E-06  1.0123303476388075E+00  2.6180917875755549E-02  1.5968249897804487E-02  1.0621117888870560E-06
   670   50.920000      0.0000000000000000E+00  1.5862729814003172E-06  1.0382001013375699E+00  2.5234659323264921E-02  1.8417949164081182E-02  8.7257600636813991E-07
   680   51.680000      0.0000000000000000E+00  1.4788461656879976E-06  1.0632439389433457E+00  2.6994602516883164E-02  1.8564222516616151E-02  8.2162766038553071E-07
   690   52.440000      0.0000000000000000E+00  1.5289063921321123E-06  1.0831133455465862E+00  2.9560594928182610E-02  1.6880652018475391E-02  1.0906155431564617E-06
   700   53.200000      0.0000000000000000E+00  1.5769778961084447E-06  1.1004116698235684E+00  2.8777692926834460E-02  1.7526514384935743E-02  1.0736047987452956E-06
   710   53.960000      0.0000000000000000E+00  1.4488870546816257E-06  1.1217317273018534E+00  2.6872414268355359E-02  2.1145022476828455E-02  7.4039738117454021E-07
   720   54.720000      0.0000000000000000E+00  1.5764840122383988E-06  1.1471698528037959E+00  2.5981829053686577E-02  2.4035624701875737E-02  7.8798243436822866E-07
   730   55.480000      0.0000000000000000E+00  1.4451081308152091E-06  1.1714412740515818E+00  2.7820582270705246E-02  2.3893468528311541E-02  1.2323215995181351E-06
   740   56.240000      0.0000000000000000E+00  1.6090264330091630E-06  1.1934573558547643E+00  2.9635117978301803E-02  2.3440600987780148E-02  1.0286838681032234E-06
   750   57.000000      0.0000000000000000E+00  2.0071732973132112E-06  1.2170433961857532E+00  2.8792817484363156E-02  2.5029939824166014E-02  6.4713202907070295E-07
   760   57.760000      0.0000000000000000E+00  1.6110054850089582E-06  1.2440503640480769E+00  2.6251345591310083E-02  2.8209983222609005E-02  1.1206983497967814E-06
   770   58.520000      0.0000000000000000E+00  1.5061902990499031E-06  1.2735787722771952E+00  2.5447117397197332E-02  3.1742886118780012E-02  8.9982231551832572E-07
   780   59.280000      0.0000000000000000E+00  1.3676312889372543E-06  1.3045883690791391E+00  2.6742961571814407E-02  3.3796987901076908E-02  9.1738359518936056E-07
   790   60.040000      0.0000000000000000E+00  1.5925148527210365E-06  1.3375332842481287E+00  2.7270337613935054E-02  3.4607943769255745E-02  1.0282503252097165E-06
   800   60.800000      0.0000000000000000E+00  1.7655400227846354E-06  1.3746382178395415E+00  2.6307307517325434E-02  3.6513482845440148E-02  8.8280841066960374E-07
   810   61.560000      0.0000000000000000E+00  1.7715914675271785E-06  1.4149790943651683E+00  2.5277803030622475E-02  3.9295855005486234E-02  9.6012945498557454E-07
   820   62.320000      0.0000000000000000E+00  1.5853336760461917E-06  1.4554718854121285E+00  2.5163215598491322E-02  4.0646208040126197E-02  1.0461107737445975E-06
   830   63.080000      0.0000000000000000E+00  1.4568835284998824E-06  1.4967108747849531E+00  2.5572176963759068E-02  4.1379534282428049E-02  8.4192704915001029E-07
   840   63.840000      0.0000000000000000E+00  1.3714849194111182E-06  1.5420149722795864E+00  2.5666920972461930E-02  4.2740280822519391E-02  9.0919595164939765E-07
   850   64.600000      0.0000000000000000E+00  1.6007427470435294E-06  1.5903621680677920E+00  2.5854678191528525E-02  4.4097464498891563E-02  1.0804706415197464E-06
   860   65.360000      0.0000000000000000E+00  1.7350240238861213E-06  1.6387723034915695E+00  2.6188405172628278E-02  4.5293440102742916E-02  1.0522652612021158E-06
   870   66.120000      0.0000000000000000E+00  1.7249193398308035E-06  1.6851127629851730E+00  2.7480752207238786E-02  4.5456828047853441E-02  7.0174650154685147E-07
   880   66.880000      0.0000000000000000E+00  1.5931808642034064E-06  1.7282409228252664E+00  2.9012765343050442E-02  4.3920103590387928E-02  8.8519998691257314E-07
   890   67.640000      0.0000000000000000E+00  1.4491985766311617E-06  1.7695791381900401E+00  3.0230711621344754E-02  4.3764091651211159E-02  1.1160051922444583E-06
   900   68.400000      0.0000000000000000E+00  1.5965665717658623E-06  1.8117387242520333E+00  3.0635594594407081E-02  4.6126601939808144E-02  9.0329904231433024E-07
   910   69.160000      0.0000000000000000E+00  1.6333244121237008E-06  1.8534236321556918E+00  3.1675496425246932E-02  4.7620719045512350E-02  8.1891239218909329E-07
   920   69.920000      0.0000000000000000E+00  1.6323052845049923E-06  1.8894386030593342E+00  3.2728087943928182E-02  4.6653947762405432E-02  1.0164119563361019E-06
   930   70.680000      0.0000000000000000E+00  1.6946298737852407E-06  1.9193270680689645E+00  3.2983836085325846E-02  4.4721607564621770E-02  9.7812638757037389E-07
   940   71.440000      0.0000000000000000E+00  1.5345364741568602E-06  1.9465325427177251E+00  3.3195924475162064E-02  4.3470838586098022E-02  9.6671986382886022E-07
   950   72.200000      0.0000000000000000E+00  1.5341898269696278E-06  1.9715384947733430E+00  3.3511217059305425E-02  4.3339559223152427E-02  9.2275384186643491E-07
   960   72.960000      0.0000000000000000E+00  1.7191760512179675E-06  1.9941094916639976E+00  3.3603998062855987E-02  4.4636396351848656E-02  8.9775602222836944E-07
   970   73.720000      0.0000000000000000E+00  1.7053990830314433E-06  2.0155158566277191E+00  3.3765443697971839E-02  4.6644058483094802E-02  9.0467885975919464E-07
   980   74.480000      0.0000000000000000E+00  1.5100315265608156E-06  2.0352188013723040E+00  3.4157476020831655E-02  4.6632644702899462E-02  1.0733959402591934E-06
   990   75.240000      0.0000000000000000E+00  1.5682184929779347E-06  2.0514687261936366E+00  3.4776334318939228E-02  4.4288018855347035E-02  8.9520843095439236E-07
  1000   76.000000      0.0000000000000000E+00  1.4430840943751749E-06  2.0644544790429133E+00  3.5193851518739799E-02  4.2402624284404361E-02  9.2575187663425066E-07
  1010   76.760000      0.0000000000000000E+00  1.6936641587437159E-06  2.0767267988002818E+00  3.5698371812555925E-02  4.2541682981431170E-02  1.0774265014575191E-06
  1020   77.520000      0.0000000000000000E+00  1.7104795557237859E-06  2.0901202277000390E+00  3.6049219683152361E-02  4.4542407973212877E-02  1.0461114839327775E-06
  1030   78.280000      0.0000000000000000E+00  1.8661094471611504E-06  2.1045940328879644E+00  3.6159677680390551E-02  4.6629548665531456E-02  6.8403708663761432E-07
  1040   79.040000      0.0000000000000000E+00  1.6349239508935779E-06  2.1190744367215673E+00  3.6543671177244108E-02  4.6055724832790690E-02  9.8624516376006830E-07
  1050   79.800000      0.0000000000000000E+00  1.4612063404113690E-06  2.1312383854912098E+00  3.6982739471895364E-02  4.3288693026480335E-02  1.1378061617729347E-06
  1060   80.560000      0.0000000000000000E+00  1.5016184987247749E-06  2.1408207604300382E+00  3.7503628999254454E-02  4.2179151480296023E-02  8.4137084420759815E-07
  1070   81.320000      0.0000000000000000E+00  1.8077525247376501E-06  2.1511961063703806E+00  3.7874754213873318E-02  4.3873650759823773E-02  8.1850148883286778E-07
  1080   82.080000      0.0000000000000000E+00  1.8132727214418280E-06  2.1639756502226275E+00  3.8653331651567945E-02  4.6292187031961168E-02  1.0021703254320653E-06
  1090   82.840000      0.0000000000000000E+00  1.7636558212065508E-06  2.1776290886121972E+00  3.9594129608915521E-02  4.6553124311268512E-02  9.7238815982084876E-07
  1100   83.600000      0.0000000000000000E+00  1.5687977960200776E-06  2.1904293027059860E+00  3.9907680426941539E-02  4.5547813403545578E-02  9.2611839607500650E-07
  1110   84.360000      0.0000000000000000E+00  1.3476400977114083E-06  2.2026898414107534E+00  3.8706199013403025E-02  4.5148149488521937E-02  9.0938128711878548E-07
  1120   85.120000      0.0000000000000000E+00  1.6093182349217553E-06  2.2148319341590255E+00  3.8720769633823877E-02  4.5316846717412922E-02  9.6928137910900666E-07
  1130   85.880000      0.0000000000000000E+00  1.9804602392130239E-06  2.2265934477526024E+00  3.9581904782378330E-02  4.5671348075758983E-02  9.4603330585274611E-07
  1140   86.640000      0.0000000000000000E+00  1.7875314206957394E-06  2.2383462356420440E+00  4.0749209932493646E-02  4.6678776693205991E-02  8.8549664947344923E-07
  1150   87.400000      0.0000000000000000E+00  1.6157493549931632E-06  2.2503977319296520E+00  4.2905660686159634E-02  4.7285579565938693E-02  9.2316601279035740E-07
  1160   88.160000      0.0000000000000000E+00  1.5178056575227135E-06  2.2618702217122872E+00  4.3201763131169815E-02  4.7321301323519402E-02  9.9830128035549255E-07
  1170   88.920000      0.0000000000000000E+00  1.5710734216894716E-06  2.2742120724447883E+00  4.1628352969905892E-02  4.9379536948369163E-02  9.1646953023619666E-07
  1180   89.680000      0.0000000000000000E+00  1.5858689026544367E-06  2.2885365431173414E+00  4.0616767492823690E-02  5.1317657944020670E-02  9.6162319644683709E-07
  1190   90.440000      0.0000000000000000E+00  1.8423883319637643E-06  2.3011669387345930E+00  4.2553060272536157E-02  4.9207391319205450E-02  8.1564604858504146E-07
  1200   91.200000      0.0000000000000000E+00  1.8621834677411009E-06  2.3087529880896049E+00  4.4870719730140743E-02  4.6166945133044160E-02  9.8445484182749512E-07
  1210   91.960000      0.0000000000000000E+00  1.4746598819432132E-06  2.3144065924057164E+00  4.5796320239985595E-02  4.7110591558411012E-02  1.1052964025783608E-06
  1220   92.720000      0.0000000000000000E+00  1.6421549639306661E-06  2.3241574902818791E+00  4.4913640220801007E-02  5.2176647355937231E-02  8.1648920280170286E-07
  1230   93.480000      0.0000000000000000E+00  1.6947219366672083E-06  2.3392950065326392E+00  4.3674012913599916E-02  5.5705476488164735E-02  8.9314035553790269E-07
  1240   94.240000      0.0000000000000000E+00  1.7477311213893083E-06  2.3536163896296483E+00  4.3243449235411228E-02  5.3181274234051945E-02  8.8176451570706424E-07
  1250   95.000000      0.0000000000000000E+00  1.6435447338283732E-06  2.3611699158962653E+00  4.3231900068857756E-02  4.8941191972927275E-02  9.9158560084123609E-07
  1260   95.760000      0.0000000000000000E+00  1.7466324743772403E-06  2.3641512383538434E+00  4.4531186499496514E-02  4.8815409340187049E-02  8.7892744553356976E-07
  1270   96.520000      0.0000000000000000E+00  1.7512624264743039E-06  2.3692975762642723E+00  4.5747221533068108E-02  5.2030229107750896E-02  9.5562695737717113E-07
  1280   97.280000      0.0000000000000000E+00  1.7425056476433805E-06  2.3792250849466527E+00  4.6652371950348798E-02  5.5330996821926395E-02  9.9183830358556585E-07
  1290   98.040000      0.0000000000000000E+00  1.9448844683782402E-06  2.3902162665885482E+00  4.6563696500027799E-02  5.5381104121523604E-02  9.5515072344136330E-07
  1300   98.800000      0.0000000000000000E+00  1.8801361394120069E-06  2.3980870893109412E+00  4.4994136981951413E-02  5.2696324792323307E-02  8.5009753020493746E-07
  1310   99.560000      0.0000000000000000E+00  1.6575863979661475E-06  2.4034758598120995E+00  4.3926724715686698E-02  5.0827612305228517E-02  7.7662865256264001E-07
  1320   100.32000      0.0000000000000000E+00  1.6310645421236885E-06  2.4097881674663073E+00  4.4790879911809300E-02  5.1305627724680516E-02  9.9353768698680504E-07
  1330   101.08000      0.0000000000000000E+00  1.8110338359106533E-06  2.4170409961489097E+00  4.6551596194557746E-02  5.4002915152399973E-02  9.9350855780892357E-07
  1340   101.84000      0.0000000000000000E+00  1.8337398856578821E-06  2.4239201883029255E+00  4.7963766279872609E-02  5.5469657186569481E-02  8.9518556352982076E-07
  1350   102.60000      0.0000000000000000E+00  1.9636813586499609E-06  2.4297278048663422E+00  4.6958076879170862E-02  5.3854171870815981E-02  8.4628602228369268E-07
  1360   103.36000      0.0000000000000000E+00  1.6851775991623924E-06  2.4342893837132591E+00  4.5982658592269125E-02  5.1545555567809612E-02  9.8831828869312980E-07
  1370   104.12000      0.0000000000000000E+00  1.5790076189833584E-06  2.4384326242563596E+00  4.4515699766977043E-02  5.1734508062018521E-02  9.3930135477964077E-07
  1380   104.88000      0.0000000000000000E+00  1.6733021140952831E-06  2.4444702884149248E+00  4.6183648823667184E-02  5.3756964940665217E-02  8.4926203656101702E-07
  1390   105.64000      0.0000000000000000E+00  1.6989327266911660E-06  2.4517714451988208E+00  4.9449344274771809E-02  5.4372213927964326E-02  7.9932595482299313E-07
  1400   106.40000      0.0000000000000000E+00  1.8252319303627653E-06  2.4568874872541020E+00  5.0223911355363721E-02  5.3140576866371435E-02  9.4984505806555682E-07
  1410   107.16000      0.0000000000000000E+00  1.8798407091121433E-06  2.4589323138013026E+00  4.8613660614685139E-02  5.1836451330182831E-02  8.7104771406625944E-07
  1420   107.92000      0.0000000000000000E+00  1.7216106493999909E-06  2.4609884196454863E+00  4.6826405707335532E-02  5.1962635437576357E-02  8.9851689213558830E-07
  1430   108.68000      0.0000000000000000E+00  1.5884069035763264E-06  2.4670041407549959E+00  4.8469637572738512E-02  5.3100052717152228E-02  9.5014441905029438E-07
  1440   109.44000      0.0000000000000000E+00  1.5264626191729772E-06  2.4765479733305882E+00  5.0892281085630972E-02  5.3128229292762820E-02  8.7415095299604520E-07
  1450   110.20000      0.0000000000000000E+00  1.7105134007583197E-06  2.4853599254057031E+00  5.1076057209942897E-02  5.2891630213700608E-02  9.1902417088854859E-07
  1460   110.96000      0.0000000000000000E+00  1.7089856579863258E-06  2.4907928567638087E+00  4.8842351802467640E-02  5.3769015119296201E-02  8.5418133039365522E-07
  1470   111.72000      0.0000000000000000E+00  1.7356587949246665E-06  2.4951255897119164E+00  4.7340295306756985E-02  5.4019575110424226E-02  7.3630736291005619E-07
  1480   112.48000      0.0000000000000000E+00  1.8016710297211186E-06  2.5016023016083890E+00  4.8611989762070457E-02  5.2798318717256043E-02  8.0396653155432767E-07
  1490   113.24000      0.0000000000000000E+00  1.6096452739961203E-06  2.5115901598030344E+00  5.1604203927557303E-02  5.1432673629644377E-02  9.6281021846101454E-07
  1500   114.00000      0.0000000000000000E+00  1.4530555323331649E-06  2.5240619787499301E+00  5.1973217715352078E-02  5.1786131801337301E-02  1.0228781704294730E-06
  1510   114.76000      0.0000000000000000E+00  1.8284115815407777E-06  2.5367357384629301E+00  5.0630427660652164E-02  5.3556341526062215E-02  7.1990165621471317E-07
  1520   115.52000      0.0000000000000000E+00  1.8660212887319514E-06  2.5482467730356975E+00  4.7673903051327939E-02  5.4863139333040038E-02  9.1336039389716440E-07
  1530   116.28000      0.0000000000000000E+00  1.7519649933517760E-06  2.5596989014598535E+00  4.7415746572113018E-02  5.4997116850514491E-02  8.2318718715731055E-07
  1540   117.04000      0.0000000000000000E+00  1.5895373848342998E-06  2.5729842303284611E+00  5.0274363977233193E-02  5.4176727087661761E-02  7.3589960521835531E-07
  1550   117.80000      0.0000000000000000E+00  1.4601093714536632E-06  2.5871553348164005E+00  5.2538900786450418E-02  5.2312841962644047E-02  8.7947525181523863E-07
  1560   118.56000      0.0000000000000000E+00  1.5278834583593067E-06  2.6008126331953485E+00  5.2099379357418978E-02  5.0827415167846619E-02  8.6886992569437952E-07
  1570   119.32000      0.0000000000000000E+00  1.6837563178417842E-06  2.6157479626021649E+00  4.9345447600248261E-02  5.2976906521117813E-02  9.8530963287853020E-07
  1580   120.08000      0.0000000000000000E+00  1.7123532615770415E-06  2.6347439698342190E+00  4.9233971806459262E-02  5.7898334660070744E-02  7.2571282687468904E-07
  1590   120.84000      0.0000000000000000E+00  1.6922878017567856E-06  2.6562053628467757E+00  4.9860759122327923E-02  5.9070228192657337E-02  7.7325857417350416E-07
  1600   121.60000      0.0000000000000000E+00  1.7031917845133298E-06  2.6754079507962496E+00  5.1071379705039534E-02  5.5295968334061411E-02  8.6612522718753657E-07
  1610   122.36000      0.0000000000000000E+00  1.4781321749961994E-06  2.6912112389209275E+00  5.1049873893219133E-02  5.2747142831912258E-02  8.5148482148381528E-07
  1620   123.12000      0.0000000000000000E+00  1.3821769293280475E-06  2.7076725207425039E+00  4.9850423369271910E-02  5.4317025269625958E-02  7.9378043836485437E-07
  1630   123.88000      0.0000000000000000E+00  1.4484120964674650E-06  2.7294526094113603E+00  4.9226923363803451E-02  5.7538911608392335E-02  7.7233764238664890E-07
  1640   124.64000      0.0000000000000000E+00  1.5673401263627896E-06  2.7555669338701860E+00  4.9767367183879134E-02  5.9741216358505780E-02  8.7529939378239685E-07
  1650   125.40000      0.0000000000000000E+00  1.5673030019158702E-06  2.7805697830994718E+00  4.9878994879891010E-02  6.0825223736761934E-02  8.2350977437349867E-07
  1660   126.16000      0.0000000000000000E+00  1.5910481038588478E-06  2.8006513196415996E+00  4.9131267966824335E-02  6.0829143442241891E-02  7.3965273322867332E-07
  1670   126.92000      0.0000000000000000E+00  1.4878981266187023E-06  2.8187259217308358E+00  4.8612906274072540E-02  5.8944065074756150E-02  7.2252521507010802E-07
  1680   127.68000      0.0000000000000000E+00  1.5149790552287561E-06  2.8400979515314528E+00  4.8725025014149596E-02  5.7698007378899435E-02  8.6963482941565403E-07
  1690   128.44000      0.0000000000000000E+00  1.4880321477400381E-06  2.8655869484761105E+00  4.8575919820433931E-02  5.9482752405816172E-02  7.8428823320205985E-07
  1700   129.20000      0.0000000000000000E+00  1.3482779348051218E-06  2.8923302939921158E+00  4.7402582785239337E-02  6.2744197658475637E-02  7.2411088901123323E-07
  1710   129.96000      0.0000000000000000E+00  1.2294464468948646E-06  2.9180676025333820E+00  4.6832302704378222E-02  6.4695499454747368E-02  8.5007338982136811E-07
  1720   130.72000      0.0000000000000000E+00  1.4852475540890159E-06  2.9420036110545915E+00  4.7443440645306277E-02  6.4373318304703275E-02  7.8883181875326405E-07
  1730   131.48000      0.0000000000000000E+00  1.5033577085740289E-06  2.9648988573882007E+00  4.8375967392383937E-02  6.3571902499174354E-02  7.9780130927650585E-07
  1740   132.24000      0.0000000000000000E+00  1.5112240175832625E-06  2.9894392923703155E+00  4.7993041369566045E-02  6.3271298081063063E-02  6.2569336921443177E-07
  1750   133.00000      0.0000000000000000E+00  1.3077385833150436E-06  3.0163825059941249E+00  4.8037754658430028E-02  6.3427542168139561E-02  7.9587833941049648E-07
  1760   133.76000      0.0000000000000000E+00  1.2025987894969331E-06  3.0442698168028768E+00  4.7655234417251703E-02  6.4308751170187403E-02  8.9045942143946193E-07
  1770   134.52000      0.0000000000000000E+00  1.2532517851014881E-06  3.0708643251669967E+00  4.6908607464459684E-02  6.5988958409679693E-02  7.3853782437548292E-07
  1780   135.28000      0.0000000000000000E+00  1.5044428216592781E-06  3.0949685585266486E+00  4.6285797086695529E-02  6.7414877713664223E-02  7.5009928232443889E-07
  1790   136.04000      0.0000000000000000E+00  1.3906583705583697E-06  3.1172758949623702E+00  4.7144259461606240E-02  6.7193521465670258E-02  7.3405576143874255E-07
  1800   136.80000      0.0000000000000000E+00  1.3304744371570506E-06  3.1385406958533628E+00  4.7835734810324639E-02  6.6067465398360781E-02  7.2799646540674643E-07
  1810   137.56000      0.0000000000000000E+00  1.4136536134628780E-06  3.1597253856112890E+00  4.8607315388069269E-02  6.6021410697304272E-02  8.0081440267238043E-07
  1820   138.32000      0.0000000000000000E+00  1.4353003872954513E-06  3.1813221755872312E+00  4.6647454216622183E-02  6.7108152848298366E-02  7.1299762037665908E-07
  1830   139.08000      0.0000000000000000E+00  1.4192182322242341E-06  3.2023072006366275E+00  4.4997628052857966E-02  6.7765777270832828E-02  7.1952524598101974E-07
  1840   139.84000      0.0000000000000000E+00  1.2925216627478279E-06  3.2205631292239154E+00  4.5798823095791794E-02  6.8273221758225283E-02  8.5123657754765531E-07
  1850   140.60000      0.0000000000000000E+00  1.3995971754487343E-06  3.2362561915543564E+00  4.6948873118404261E-02  6.9054532447504161E-02  8.6879347821273752E-07
  1860   141.36000      0.0000000000000000E+00  1.3810640178407588E-06  3.2514999395965005E+00  4.7180543962401067E-02  6.9251263217717213E-02  6.8250059292099762E-07
  1870   142.12000      0.0000000000000000E+00  1.5548293456162562E-06  3.2670834816679717E+00  4.6108483018445917E-02  6.8509059330483832E-02  6.3519636707246126E-07
  1880   142.88000      0.0000000000000000E+00  1.5139512875104685E-06  3.2820631629815402E+00  4.5369093010850750E-02  6.7569401841523338E-02  7.5102221712346702E-07
  1890   143.64000      0.0000000000000000E+00  1.3045354027854097E-06  3.2961801681929925E+00  4.4304031462576894E-02  6.7245192595252398E-02  7.7597272392989406E-07
  1900   144.40000      0.0000000000000000E+00  1.3157156283125457E-06  3.3102002826331094E+00  4.4877174125860640E-02  6.8235431251299675E-02  7.0545906997889758E-07
  1910   145.16000      0.0000000000000000E+00  1.5548957422598192E-06  3.3242580347424973E+00  4.4444445198461469E-02  7.0365013336666657E-02  6.8625300764993769E-07
  1920   145.92000      0.0000000000000000E+00  1.4069127423650421E-06  3.3375506822285361E+00  4.4889732460537228E-02  7.1337676448288381E-02  8.2202539363764008E-07
  1930   146.68000      0.0000000000000000E+00  1.4136529655975801E-06  3.3497827403536067E+00  4.4556547339125452E-02  7.0290247686524962E-02  7.1320584717835013E-07
  1940   147.44000      0.0000000000000000E+00  1.2832140273571847E-06  3.3628679916777813E+00  4.3521461932850627E-02  6.9312943336822891E-02  6.2721612063347956E-07
  1950   148.20000      0.0000000000000000E+00  1.3650320030867038E-06  3.3784177924775860E+00  4.1295261708011254E-02  6.9789710969210467E-02  8.0052988245143762E-07
  1960   148.96000      0.0000000000000000E+00  1.4877240682141547E-06  3.3963748843820434E+00  4.0649491341658912E-02  7.0963614861124152E-02  7.3999707993752148E-07
  1970   149.72000      0.0000000000000000E+00  1.4110585507242658E-06  3.4158212668528010E+00  4.1146496587233267E-02  7.1700911716669008E-02  6.3631041115760998E-07
  1980   150.48000      0.0000000000000000E+00  1.2489378788890102E-06  3.4342447888817103E+00  4.0656125102524476E-02  7.1875811682415483E-02  7.6846183577252293E-07
  1990   151.24000      0.0000000000000000E+00  1.4249942034520902E-06  3.4498611995213486E+00  4.0402796538448409E-02  7.1310810716836287E-02  6.9139869857616007E-07
  2000   152.00000      0.0000000000000000E+00  1.3965283423434388E-06  3.4641556879648028E+00  4.0796233765262951E-02  7.1039125163465722E-02  8.0139158418850658E-07
  2010   152.76000      0.0000000000000000E+00  1.4731293649357454E-06  3.4824034909510573E+00  4.2001998464159314E-02  7.1807208133014139E-02  6.7584142985818201E-07
  2020   153.52000      0.0000000000000000E+00  1.4745956933773542E-06  3.5062972975959821E+00  4.2492437499904487E-02  7.2871496155550219E-02  6.1449336929547123E-07
  2030   154.28000      0.0000000000000000E+00  1.2536421535898529E-06  3.5305411472640360E+00  4.1737024090560786E-02  7.3225928645481206E-02  7.3953917775037145E-07
  2040   155.04000      0.0000000000000000E+00  1.4154390376941607E-06  3.5508087263433841E+00  4.1942738023515821E-02  7.3210103879557259E-02  7.0090977484241600E-07
  2050   155.80000      0.0000000000000000E+00  1.4262425393337450E-06  3.5691336585714533E+00  4.1893262374387043E-02  7.2776777384801553E-02  6.8109003251272257E-07
  2060   156.56000      0.0000000000000000E+00  1.4186724012648736E-06  3.5902467958892643E+00  4.2894789767512216E-02  7.2816603551070669E-02  6.1891677532921639E-07
  2070   157.32000      0.0000000000000000E+00  1.2741239639029215E-06  3.6147238259237122E+00  4.3698433249790461E-02  7.4051646804270010E-02  7.7604389332765251E-07
  2080   158.08000      0.0000000000000000E+00  1.3657614382778952E-06  3.6397274215889630E+00  4.2993179292407750E-02  7.4393815660290755E-02  7.4895823018340480E-07
  2090   158.84000      0.0000000000000000E+00  1.4877236083748145E-06  3.6637762934489877E+00  4.2342092425260991E-02  7.3498265937329652E-02  5.7731128884529392E-07
  2100   159.60000      0.0000000000000000E+00  1.6240930078927498E-06  3.6868016782510122E+00  4.2592639862426396E-02  7.3980885422958789E-02  6.0755825416832735E-07
  2110   160.36000      0.0000000000000000E+00  1.4049955719225995E-06  3.7087473323034335E+00  4.3618464796060408E-02  7.5549854784105239E-02  6.5997821448248150E-07
  2120   161.12000      0.0000000000000000E+00  1.2108226538011058E-06  3.7306032013863275E+00  4.3980411718676289E-02  7.5232659867425944E-02  6.7968491240735428E-07
  2130   161.88000      0.0000000000000000E+00  1.1609855014891003E-06  3.7530057861260984E+00  4.4477301294511100E-02  7.4830459463847532E-02  7.5239088495011935E-07
  2140   162.64000      0.0000000000000000E+00  1.6134966279324105E-06  3.7752540085914528E+00  4.4792274393470360E-02  7.6227112057214275E-02  5.6831839414971556E-07
  2150   163.40000      0.0000000000000000E+00  1.5418660518084694E-06  3.7973697103653188E+00  4.3282413156136020E-02  7.6697249732733008E-02  5.8912556794702105E-07
  2160   164.16000      0.0000000000000000E+00  1.4120532924919389E-06  3.8200710644583236E+00  4.2937879257976527E-02  7.6765019388617295E-02  7.5591380270085023E-07
  2170   164.92000      0.0000000000000000E+00  1.3436908117816134E-06  3.8431124021637402E+00  4.3374170790545827E-02  7.8296275667268253E-02  6.6340107401670005E-07
  2180   165.68000      0.0000000000000000E+00  1.2683377145153785E-06  3.8653116995780445E+00  4.3414775117098223E-02  7.8722477175372646E-02  5.6033008803306165E-07
  2190   166.44000      0.0000000000000000E+00  1.4328223198740271E-06  3.8850071847104095E+00  4.3044168352053901E-02  7.7656616161018252E-02  6.2108349835324761E-07
  2200   167.20000      0.0000000000000000E+00  1.4633569072950486E-06  3.9028661104510554E+00  4.2467708956774798E-02  7.8986620362763563E-02  6.5791839917442263E-07
  2210   167.96000      0.0000000000000000E+00  1.4837827692057174E-06  3.9228849008680000E+00  4.3529519474806655E-02  8.1703342331648832E-02  5.5058120630617528E-07
  2220   168.72000      0.0000000000000000E+00  1.2311283478587209E-06  3.9460455435589594E+00  4.5047147628904181E-02  8.1856875872052426E-02  6.6230973387714967E-07
  2230   169.48000      0.0000000000000000E+00  1.2725126211176339E-06  3.9695525779711183E+00  4.5235370450007806E-02  8.1332297436518944E-02  6.5083354558164409E-07
  2240   170.24000      0.0000000000000000E+00  1.3909825724656589E-06  3.9914343432186552E+00  4.3244316944690706E-02  8.3174623765556371E-02  7.1032728877709173E-07
  2250   171.00000      0.0000000000000000E+00  1.5233104867997116E-06  4.0125084230403987E+00  4.2568482690942655E-02  8.4534405131442558E-02  5.5794758160043339E-07
  2260   171.76000      0.0000000000000000E+00  1.4557096565586959E-06  4.0338675091131195E+00  4.2954361461474466E-02  8.4423856510890419E-02  5.3724914506493788E-07
  2270   172.52000      0.0000000000000000E+00  1.4072153190702646E-06  4.0571051447191566E+00  4.4784918206347349E-02  8.5355334857911608E-02  7.9602566746741948E-07
  2280   173.28000      0.0000000000000000E+00  1.4721821138372000E-06  4.0808599532902781E+00  4.5668843285687148E-02  8.6984482594149856E-02  6.4748442560925797E-07
  2290   174.04000      0.0000000000000000E+00  1.5437939420720634E-06  4.1037392457324557E+00  4.5047873913783926E-02  8.7530073489160171E-02  5.7961651641078728E-07
  2300   174.80000      0.0000000000000000E+00  1.3229641814526792E-06  4.1263253840806380E+00  4.3541267064365355E-02  8.8549725622327422E-02  5.4212614417341500E-07
  2310   175.56000      0.0000000000000000E+00  1.3191382517682429E-06  4.1501510980025191E+00  4.3665540603024737E-02  8.9946855071175641E-02  7.2383918012208751E-07
  2320   176.32000      0.0000000000000000E+00  1.5271635264618388E-06  4.1725586759349955E+00  4.5321865688874960E-02  8.9310354134730943E-02  6.8277368069864069E-07
  2330   177.08000      0.0000000000000000E+00  1.7493906325824411E-06  4.1898979677457868E+00  4.5761183074843004E-02  8.8366366796574503E-02  4.1988724489629161E-07
  2340   177.84000      0.0000000000000000E+00  1.5451247215662094E-06  4.2060292406421693E+00  4.6253384532621913E-02  8.9507947539005719E-02  6.7115371564069355E-07
  2350   178.60000      0.0000000000000000E+00  1.3310042750189583E-06  4.2252561046987509E+00  4.6392260426701595E-02  9.1781943443401570E-02  7.1257613227576639E-07
  2360   179.36000      0.0000000000000000E+00  1.4679313483267406E-06  4.2455546804772792E+00  4.6404363105618483E-02  9.3682181505019363E-02  5.4559155423838851E-07
  2370   180.12000      0.0000000000000000E+00  1.5745319627836660E-06  4.2641271947718762E+00  4.5564023763629898E-02  9.4112047867201343E-02  4.7789840565213781E-07
  2380   180.88000      0.0000000000000000E+00  1.6261739372511857E-06  4.2810713190866050E+00  4.4636568167776967E-02  9.3047817258719162E-02  5.8035077753364044E-07
  2390   181.64000      0.0000000000000000E+00  1.6746428026950226E-06  4.2961170096705734E+00  4.6994040608397000E-02  9.2091070634606739E-02  6.5103668296783114E-07
  2400   182.40000      0.0000000000000000E+00  1.6343900250583031E-06  4.3105364754377202E+00  4.5393806479011485E-02  9.3772394336026355E-02  5.2304374119415252E-07
  2410   183.16000      0.0000000000000000E+00  1.4031610218637296E-06  4.3289020477571736E+00  4.5623788146754198E-02  9.6997572540782784E-02  5.8894955673310338E-07
  2420   183.92000      0.0000000000000000E+00  1.3856882911283425E-06  4.3507098628520442E+00  4.5473793862641630E-02  9.8745898361982803E-02  6.0222278742500397E-07
  2430   184.68000      0.0000000000000000E+00  1.5364652037199531E-06  4.3712989874531258E+00  4.4280298087680414E-02  9.8851215870647907E-02  5.9856439147356371E-07
  2440   185.44000      0.0000000000000000E+00  1.5222859243955297E-06  4.3902004389777698E+00  4.4410841880917401E-02  9.7764829707406978E-02  5.0903661422713216E-07
  2450   186.20000      0.0000000000000000E+00  1.5509213293710339E-06  4.4088881580765502E+00  4.3247450785427549E-02  9.6608900581769214E-02  5.6155166554767197E-07
  2460   186.96000      0.0000000000000000E+00  1.5477327266072309E-06  4.4287266617776542E+00  4.2077380552596466E-02  9.7066337705411038E-02  5.7213136682257059E-07
  2470   187.72000      0.0000000000000000E+00  1.5171983752362447E-06  4.4508798492862534E+00  4.3747996413350462E-02  9.9729634312038018E-02  5.2119500736766267E-07
  2480   188.48000      0.0000000000000000E+00  1.5906085260124678E-06  4.4735594246883696E+00  4.4805250703239624E-02  1.0195125988814546E-01  5.8300325976314602E-07
  2490   189.24000      0.0000000000000000E+00  1.5767860809706638E-06  4.4952949586541910E+00  4.3741960752095750E-02  1.0193886745154898E-01  5.9492427057136106E-07
  2500   190.00000      0.0000000000000000E+00  1.3903981634784352E-06  4.5171145887100366E+00  4.3403952796296663E-02  1.0134664696557544E-01  5.9420490824395521E-07
  2510   190.76000      0.0000000000000000E+00  1.4714582229159332E-06  4.5400124913338669E+00  4.4995488316346782E-02  1.0196049237403164E-01  5.0811570625839456E-07
  2520   191.52000      0.0000000000000000E+00  1.6490824688535976E-06  4.5648814885026532E+00  4.7028248161077701E-02  1.0136645054090429E-01  4.7862838050450023E-07
  2530   192.28000      0.0000000000000000E+00  1.5564535189153241E-06  4.5909411139663154E+00  4.6429189303709505E-02  9.9747865966597224E-02  4.7131040862642698E-07
  2540   193.04000      0.0000000000000000E+00  1.3984243303462776E-06  4.6161929476458807E+00  4.7198610935025517E-02  1.0211367096940896E-01  5.2579416379276504E-07
  2550   193.80000      0.0000000000000000E+00  1.4898345758833261E-06  4.6410454660457896E+00  4.8895026882303891E-02  1.0712530376305238E-01  6.4067847409331562E-07
  2560   194.56000      0.0000000000000000E+00  1.4705947427202716E-06  4.6677590372446147E+00  4.9260150584096128E-02  1.0683445048287277E-01  5.7554568125666702E-07
  2570   195.32000      0.0000000000000000E+00  1.3948699717356697E-06  4.6965295676075431E+00  4.9664135096220419E-02  1.0307634189201600E-01  5.1122281400366430E-07
  2580   196.08000      0.0000000000000000E+00  1.5364095231632175E-06  4.7241661170580231E+00  4.7563769665697725E-02  1.0193106626841719E-01  4.7545586596864912E-07
  2590   196.84000      0.0000000000000000E+00  1.6185750088462658E-06  4.7487930368380651E+00  4.7578422943567344E-02  1.0235673091688810E-01  5.4866459607602813E-07
  2600   197.60000      0.0000000000000000E+00  1.6426707114380661E-06  4.7733704353031037E+00  4.9903472735565231E-02  1.0380876146015194E-01  5.0692588544439631E-07
  2610   198.36000      0.0000000000000000E+00  1.5388488070218722E-06  4.8010626886872050E+00  4.9248499416149331E-02  1.0768151833087104E-01  4.3225159791566707E-07
  2620   199.12000      0.0000000000000000E+00  1.3147498607806242E-06  4.8300445847461697E+00  4.9531976146474921E-02  1.0964646232513921E-01  6.1227548857025759E-07
  2630   199.88000      0.0000000000000000E+00  1.3734882643100050E-06  4.8567322904271544E+00  4.7210954488300386E-02  1.0645947556350178E-01  6.1136598185890912E-07
  2640   200.64000      0.0000000000000000E+00  1.5882423274235427E-06  4.8810707490368035E+00  4.4652150221527021E-02  1.0224229684155556E-01  5.2831054646568073E-07
  2650   201.40000      0.0000000000000000E+00  1.6804942449908830E-06  4.9059676800850136E+00  4.7523901062603027E-02  1.0203782396102809E-01  3.9059308214738894E-07
  2660   202.16000      0.0000000000000000E+00  1.5654773543390200E-06  4.9325647860136099E+00  4.7434478281817856E-02  1.0628205817494880E-01  5.1397479582587991E-07
  2670   202.92000      0.0000000000000000E+00  1.4533418676559606E-06  4.9590306281476950E+00  4.7355566764358918E-02  1.1152467622087679E-01  5.1617190911715099E-07
  2680   203.68000      0.0000000000000000E+00  1.3998046770283566E-06  4.9833178287189863E+00  4.5491652795491458E-02  1.1264662304986191E-01  4.1633774990023956E-07
  2690   204.44000      0.0000000000000000E+00  1.3420425383034300E-06  5.0053332364885268E+00  4.3447798997201727E-02  1.0900750591377140E-01  4.4608954183818539E-07
  2700   205.20000      0.0000000000000000E+00  1.3943709350179392E-06  5.0264339307560633E+00  4.6029769535042911E-02  1.0506585110400853E-01  5.7543285650258710E-07
  2710   205.96000      0.0000000000000000E+00  1.5906615542454110E-06  5.0485068722937587E+00  4.5467763836231981E-02  1.0404222791506140E-01  5.6566380638848048E-07
  2720   206.72000      0.0000000000000000E+00  1.5953077867436842E-06  5.0724597671812690E+00  4.5608492052032004E-02  1.0670038137476147E-01  3.7889863032597353E-07
  2730   207.48000      0.0000000000000000E+00  1.5357539062844066E-06  5.0974090275969877E+00  4.4565800004110173E-02  1.1236200194831317E-01  4.5701608804796011E-07
  2740   208.24000      0.0000000000000000E+00  1.6390369755321263E-06  5.1211121050792929E+00  4.4735427165452292E-02  1.1691594872403377E-01  4.7367056290242663E-07
  2750   209.00000      0.0000000000000000E+00  1.4460037853126003E-06  5.1416432124360103E+00  4.5682306057490345E-02  1.1496495802373434E-01  4.7469862035625365E-07
  2760   209.76000      0.0000000000000000E+00  1.4610956265103230E-06  5.1612456976005117E+00  4.7467413974482481E-02  1.0884158373166966E-01  4.5067873301266300E-07
  2770   210.52000      0.0000000000000000E+00  1.4364988180970944E-06  5.1831433017423851E+00  4.8336906616205183E-02  1.0612842297496250E-01  4.1923516696407599E-07
  2780   211.28000      0.0000000000000000E+00  1.3484810033961233E-06  5.2076734757271641E+00  4.6872997930135697E-02  1.0842204487132572E-01  5.6543575761383157E-07
  2790   212.04000      0.0000000000000000E+00  1.4565618900981652E-06  5.2316248863399695E+00  4.5926495851556379E-02  1.1349294332239183E-01  4.8870176739496832E-07
  2800   212.80000      0.0000000000000000E+00  1.4716544485044549E-06  5.2523431217770984E+00  4.7867932831886013E-02  1.1838152945888161E-01  3.8103598282019123E-07
  2810   213.56000      0.0000000000000000E+00  1.4074531863094238E-06  5.2708073856969602E+00  4.9157530580413361E-02  1.1900087231746076E-01  4.6021097504650619E-07
  2820   214.32000      0.0000000000000000E+00  1.4140088824678311E-06  5.2890761620599394E+00  5.0094205948593235E-02  1.1378893596075607E-01  4.7894494946837796E-07
  2830   215.08000      0.0000000000000000E+00  1.4594828196203966E-06  5.3072640860849365E+00  5.0627222575405119E-02  1.0885091332871673E-01  4.5765646681129676E-07
  2840   215.84000      0.0000000000000000E+00  1.3919501819168445E-06  5.3258987276097827E+00  4.9295734564627006E-02  1.0982120905632095E-01  4.2568654322798157E-07
  2850   216.60000      0.0000000000000000E+00  1.3737124999783514E-06  5.3456436399336349E+00  4.8046840035524299E-02  1.1307648209088568E-01  4.8098609458332818E-07
  2860   217.36000      0.0000000000000000E+00  1.4390238837693906E-06  5.3623029681096179E+00  4.7520263387700191E-02  1.1511889607191710E-01  5.6081002708599062E-07
  2870   218.12000      0.0000000000000000E+00  1.5984369191009121E-06  5.3755802718891772E+00  5.1228791782197372E-02  1.1749473020840262E-01  3.9552086148307055E-07
  2880   218.88000      0.0000000000000000E+00  1.4679350567699822E-06  5.3891579654512700E+00  5.2307665129558034E-02  1.1928222059555751E-01  4.4182358187629358E-07
  2890   219.64000      0.0000000000000000E+00  1.4570246406096352E-06  5.4039369716284691E+00  5.2044276375475332E-02  1.1518035528444479E-01  4.3061738150665329E-07
  2900   220.40000      0.0000000000000000E+00  1.4738242780674361E-06  5.4171079133772011E+00  5.0630549013973951E-02  1.1042589887582993E-01  4.0958748683026693E-07
  2910   221.16000      0.0000000000000000E+00  1.4916306795979157E-06  5.4313408874500366E+00  5.0037701511115175E-02  1.1198137976845352E-01  5.3311095058005467E-07
  2920   221.92000      0.0000000000000000E+00  1.4249921752566114E-06  5.4483932407071665E+00  5.1643113877809593E-02  1.1533359725426984E-01  4.4902612703008510E-07
  2930   222.68000      0.0000000000000000E+00  1.3287346706314411E-06  5.4629752482024596E+00  5.3720214900253853E-02  1.1579325848786869E-01  4.5494559517798025E-07
  2940   223.44000      0.0000000000000000E+00  1.5339021326607617E-06  5.4739340853642284E+00  5.4182770442699646E-02  1.1793529683111889E-01  4.3768313759626025E-07
  2950   224.20000      0.0000000000000000E+00  1.5044488929339070E-06  5.4863786802158838E+00  5.6106471015102966E-02  1.2204335410334693E-01  4.9604790767385370E-07
  2960   224.96000      0.0000000000000000E+00  1.5374897955017548E-06  5.5016773453163363E+00  5.6345279888909888E-02  1.1918256532510300E-01  3.6444649888632952E-07
  2970   225.72000      0.0000000000000000E+00  1.5850019854214897E-06  5.5163347339196243E+00  5.5311377000197219E-02  1.1236771514841767E-01  4.1499908217814321E-07
  2980   226.48000      0.0000000000000000E+00  1.5529698876328691E-06  5.5315304845197861E+00  5.3829142207184433E-02  1.1321928970436632E-01  5.2855157968657358E-07
  2990   227.24000      0.0000000000000000E+00  1.4990313255168129E-06  5.5489208478021919E+00  5.5179940162485598E-02  1.1953997719049450E-01  4.5545461642605385E-07
  3000   228.00000      0.0000000000000000E+00  1.4060256823946254E-06  5.5633478786839046E+00  5.6828493892674865E-02  1.2098239065893729E-01  3.6265444029072039E-07
  3010   228.76000      0.0000000000000000E+00  1.5058253898698992E-06  5.5730424449550862E+00  5.6629263849345413E-02  1.2101089699988098E-01  4.3126100407416552E-07
  3020   229.52000      0.0000000000000000E+00  1.5641965302235249E-06  5.5852832409564543E+00  5.8686008182033886E-02  1.2264467279391680E-01  5.2166694554527859E-07
  3030   230.28000      0.0000000000000000E+00  1.5707486398318312E-06  5.6027630275808473E+00  5.8205256282189775E-02  1.1837902921635393E-01  4.3539462398874074E-07
  3040   231.04000      0.0000000000000000E+00  1.5150115062991419E-06  5.6194060115278655E+00  5.8203172089157026E-02  1.1242598011675475E-01  3.7260177803284564E-07
  3050   231.80000      0.0000000000000000E+00  1.5341208140465002E-06  5.6324769222607447E+00  5.7115813215938387E-02  1.1580981954143879E-01  4.1657834084996845E-07
  3060   232.56000      0.0000000000000000E+00  1.5098606894851379E-06  5.6446264502179355E+00  5.8714845547701885E-02  1.2341499721979507E-01  5.4714321943984938E-07
  3070   233.32000      0.0000000000000000E+00  1.3884126867039422E-06  5.6572818964460154E+00  6.2053964830353157E-02  1.2409877932066264E-01  4.5619605442855166E-07
  3080   234.08000      0.0000000000000000E+00  1.3126342747933130E-06  5.6696772748205841E+00  6.2413815277784265E-02  1.2134061148576411E-01  3.5358398964400713E-07
  3090   234.84000      0.0000000000000000E+00  1.5038638323286702E-06  5.6824787002918677E+00  6.3651830699487780E-02  1.2002138732159354E-01  4.5401956762417106E-07
  3100   235.60000      0.0000000000000000E+00  1.4668571141273600E-06  5.6947285501087199E+00  6.3202913145752243E-02  1.1620543290573487E-01  4.7744149957867867E-07
  3110   236.36000      0.0000000000000000E+00  1.3687607562260855E-06  5.7054873224216385E+00  6.4128645269020096E-02  1.1316680718463323E-01  3.5816364270196114E-07
  3120   237.12000      0.0000000000000000E+00  1.2845693990910234E-06  5.7147230762711887E+00  6.3815837579950713E-02  1.1999437270919133E-01  3.2725122830787586E-07
  3130   237.88000      0.0000000000000000E+00  1.4165593883486157E-06  5.7248507959577308E+00  6.5637586642340026E-02  1.2788414467751194E-01  5.3403757755030760E-07
  3140   238.64000      0.0000000000000000E+00  1.4366267426052327E-06  5.7373313382753652E+00  6.5884559254193439E-02  1.2420467881783546E-01  5.3019011326918352E-07
  3150   239.40000      0.0000000000000000E+00  1.4023132276378134E-06  5.7482919683479485E+00  6.8127684889368101E-02  1.1969767914285356E-01  4.1205031487815496E-07
  3160   240.16000      0.0000000000000000E+00  1.4151746218015280E-06  5.7547457489457443E+00  6.5168825985104484E-02  1.2117555943517308E-01  3.5805561278359519E-07
  3170   240.92000      0.0000000000000000E+00  1.4964755174117311E-06  5.7600759260613454E+00  6.4956576332946575E-02  1.1898692216830120E-01  4.4397723510213620E-07
  3180   241.68000      0.0000000000000000E+00  1.5146487270902047E-06  5.7673135406814957E+00  6.6079777411771221E-02  1.1646013946351971E-01  4.4271775447714641E-07
  3190   242.44000      0.0000000000000000E+00  1.4992017736744645E-06  5.7765427667142246E+00  6.7068939487172199E-02  1.2381293247396159E-01  3.6210220272929943E-07
  3200   243.20000      0.0000000000000000E+00  1.5326685877798122E-06  5.7849719839138691E+00  6.6554917095412100E-02  1.3168492528026388E-01  4.2667374185462534E-07
  3210   243.96000      0.0000000000000000E+00  1.6320734329585901E-06  5.7917250125617699E+00  6.4259177190718567E-02  1.2703148793203420E-01  5.1544737430058338E-07
  3220   244.72000      0.0000000000000000E+00  1.5330623698607786E-06  5.7996959867152160E+00  6.3887836234648082E-02  1.2043299513534751E-01  5.3962733744553430E-07
  3230   245.48000      0.0000000000000000E+00  1.5151474172955066E-06  5.8095421583653319E+00  6.6448278327883734E-02  1.2170370103142632E-01  3.6600070801286103E-07
  3240   246.24000      0.0000000000000000E+00  1.5918047749434188E-06  5.8165568258692968E+00  6.7478956981023408E-02  1.2502317437282495E-01  3.8157174210565155E-07
  3250   247.00000      0.0000000000000000E+00  1.5208711815432146E-06  5.8204758844314632E+00  6.8434181596964419E-02  1.2647459942522452E-01  4.8410962975767186E-07
  3260   247.76000      0.0000000000000000E+00  1.6135534645902058E-06  5.8283912703782557E+00  6.9071738832107599E-02  1.2968861394474779E-01  4.3681765264919895E-07
  3270   248.52000      0.0000000000000000E+00  1.7912751371011201E-06  5.8404831047729209E+00  6.7548396714010348E-02  1.3267752906353322E-01  3.7522463175493470E-07
  3280   249.28000      0.0000000000000000E+00  1.7469195661550767E-06  5.8522211822752093E+00  6.4937715869406276E-02  1.3087832588699377E-01  4.0575944218625676E-07
  3290   250.04000      0.0000000000000000E+00  1.5770356444535133E-06  5.8652497985726635E+00  6.4342502361374995E-02  1.2698262556184414E-01  5.9784569854063560E-07
  3300   250.80000      0.0000000000000000E+00  1.5924529990208674E-06  5.8801035462613216E+00  6.6534577243727772E-02  1.2781942734250024E-01  4.4782327100390842E-07
  3310   251.56000      0.0000000000000000E+00  1.5302213306883111E-06  5.8914565051804635E+00  6.7803420187158764E-02  1.3109767587698590E-01  3.7765564193197852E-07
  3320   252.32000      0.0000000000000000E+00  1.7429841641959285E-06  5.8993731909065259E+00  6.7221234660984550E-02  1.3188165620797612E-01  3.6433332340471485E-07
  3330   253.08000      0.0000000000000000E+00  1.6510838584607337E-06  5.9105974653258455E+00  6.9297234919703979E-02  1.3230809574102242E-01  4.5627200737427005E-07
  3340   253.84000      0.0000000000000000E+00  1.4956440312275976E-06  5.9240986802522579E+00  6.8764299613998686E-02  1.3558941212431921E-01  5.3430760994093796E-07
  3350   254.60000      0.0000000000000000E+00  1.6731838344985284E-06  5.9361965296160619E+00  6.7648882284125328E-02  1.3753200323618389E-01  3.5899202605700156E-07
  3360   255.36000      0.0000000000000000E+00  1.6618155733968976E-06  5.9471445197784023E+00  6.7962708954978759E-02  1.3476032941180391E-01  4.6944899020831251E-07
  3370   256.12000      0.0000000000000000E+00  1.6025919734124810E-06  5.9583224903443108E+00  6.8236334079060282E-02  1.3146236145414744E-01  4.5988645953353302E-07
  3380   256.88000      0.0000000000000000E+00  1.5487851366524222E-06  5.9677173906302556E+00  7.1888581694072876E-02  1.3295340805438266E-01  4.6557792549257540E-07
  3390   257.64000      0.0000000000000000E+00  1.6808635379058340E-06  5.9759726484393507E+00  7.0702492548724447E-02  1.3683310475084673E-01  3.4123918088288636E-07
  3400   258.40000      0.0000000000000000E+00  1.6634207730173986E-06  5.9873391297342522E+00  6.9732169823513074E-02  1.3872465465065850E-01  4.8195369709508312E-07
  3410   259.16000      0.0000000000000000E+00  1.5965069498807080E-06  6.0011897178992211E+00  6.8625094797184857E-02  1.4003228191977798E-01  5.1352817748472178E-07
  3420   259.92000      0.0000000000000000E+00  1.6865572077732773E-06  6.0127407744410863E+00  7.0514153205429128E-02  1.4282602987498316E-01  3.7687352608354777E-07
  3430   260.68000      0.0000000000000000E+00  1.5615710991963576E-06  6.0255904833625404E+00  7.2425818765948016E-02  1.4164749364579335E-01  4.1119634710653383E-07
  3440   261.44000      0.0000000000000000E+00  1.4841091491071405E-06  6.0428575110438274E+00  7.1355700203726072E-02  1.3577468086371089E-01  4.3580932027189853E-07
  3450   262.20000      0.0000000000000000E+00  1.6670010351737194E-06  6.0598209585477161E+00  7.1215006783059948E-02  1.3427967953919814E-01  5.3330467559652047E-07
  3460   262.96000      0.0000000000000000E+00  1.6750687421976123E-06  6.0724576218908757E+00  7.3133762865968024E-02  1.4148216486796378E-01  3.8299852980626296E-07
  3470   263.72000      0.0000000000000000E+00  1.7951605927271913E-06  6.0864196087038884E+00  6.8867925636626345E-02  1.4863375963034697E-01  4.4810615118920098E-07
  3480   264.48000      0.0000000000000000E+00  1.6578443987747615E-06  6.1050629159229084E+00  7.3585714785789458E-02  1.4772687487096209E-01  4.9131324447262664E-07
  3490   265.24000      0.0000000000000000E+00  1.7064513847115483E-06  6.1229974046473359E+00  7.2504787822527478E-02  1.4177515693425385E-01  4.6893603629993631E-07
  3500   266.00000      0.0000000000000000E+00  1.6827625375623079E-06  6.1406173457381241E+00  7.0745624056336470E-02  1.3924663599543513E-01  3.8524481921429715E-07
  3510   266.76000      0.0000000000000000E+00  1.6750705412629095E-06  6.1620109740133486E+00  7.1973509700580557E-02  1.4068200275049650E-01  3.8226504748003430E-07
  3520   267.52000      0.0000000000000000E+00  1.7378381147157383E-06  6.1829920478617950E+00  7.1128238517606496E-02  1.4292238617930711E-01  5.5489575554537564E-07
  3530   268.28000      0.0000000000000000E+00  1.7032000150966630E-06  6.2003684028972099E+00  7.2913919113501438E-02  1.4458634575869075E-01  4.4390283443768671E-07
  3540   269.04000      0.0000000000000000E+00  1.6597531863662937E-06  6.2194239685970558E+00  7.6890422375903641E-02  1.4592426290212296E-01  3.5779892631725959E-07
  3550   269.80000      0.0000000000000000E+00  1.5559430590377301E-06  6.2411027015249845E+00  7.4401692403793643E-02  1.4727730947279705E-01  3.9256042945661157E-07
  3560   270.56000      0.0000000000000000E+00  1.4792534862387030E-06  6.2633467831900056E+00  7.3702389584594505E-02  1.4717461666614159E-01  5.3024033695910262E-07
  3570   271.32000      0.0000000000000000E+00  1.6543151133894315E-06  6.2898065948211288E+00  7.1873424242523812E-02  1.4364767925643468E-01  4.7757987141629247E-07
  3580   272.08000      0.0000000000000000E+00  1.6863727722530492E-06  6.3182609932721139E+00  7.4437455409612871E-02  1.3967038671955084E-01  3.4380236098503291E-07
  3590   272.84000      0.0000000000000000E+00  1.4792989805141817E-06  6.3426102853675559E+00  7.5141547008193144E-02  1.4058081798872682E-01  4.4642163525822996E-07
  3600   273.60000      0.0000000000000000E+00  1.5613055653319833E-06  6.3633047840851029E+00  7.5521681331437440E-02  1.4590153743303547E-01  4.3064643354784089E-07
  3610   274.36000      0.0000000000000000E+00  1.7936425432435145E-06  6.3859201355714728E+00  7.7809980509295870E-02  1.4967608261725340E-01  4.4411250934825820E-07
  3620   275.12000      0.0000000000000000E+00  1.5626985400677903E-06  6.4130092108159973E+00  7.7526651693989160E-02  1.4746415877267374E-01  3.9638472822012613E-07
  3630   275.88000      0.0000000000000000E+00  1.6087318107470525E-06  6.4392894285604276E+00  7.7094791636963894E-02  1.4389288739131376E-01  4.9111285820907240E-07
  3640   276.64000      0.0000000000000000E+00  1.4957533760747634E-06  6.4629910243888151E+00  7.5993102862884243E-02  1.4350484814332581E-01  4.5952205596184643E-07
  3650   277.40000      0.0000000000000000E+00  1.5051103294595947E-06  6.4848104108653981E+00  7.6656959587856080E-02  1.4331403224650782E-01  4.6368774757802950E-07
  3660   278.16000      0.0000000000000000E+00  1.5842256521013770E-06  6.5053816335434442E+00  7.5959999698210642E-02  1.4176615410206633E-01  3.1759512701890296E-07
  3670   278.92000      0.0000000000000000E+00  1.5515470616108844E-06  6.5250045824102578E+00  7.5892737963053222E-02  1.4208545429823066E-01  4.3932603839107287E-07
  3680   279.68000      0.0000000000000000E+00  1.5898162262786762E-06  6.5437877852321993E+00  7.6076023374811133E-02  1.4618260269162606E-01  4.1492228516046731E-07
  3690   280.44000      0.0000000000000000E+00  1.4823297549827877E-06  6.5627761208508346E+00  7.4167708920421113E-02  1.4879988226535257E-01  4.6558865746013919E-07
  3700   281.20000      0.0000000000000000E+00  1.4922764421477255E-06  6.5802039214741734E+00  7.4000448952424400E-02  1.4652795409152142E-01  4.3556648829466216E-07
  3710   281.96000      0.0000000000000000E+00  1.3709393485818579E-06  6.5940789607355379E+00  7.2915427799469482E-02  1.4155305062786586E-01  4.5618065204151508E-07
  3720   282.72000      0.0000000000000000E+00  1.5191965846060532E-06  6.6078049554448643E+00  7.2350467085482872E-02  1.3992852183184407E-01  4.3755266160055368E-07
  3730   283.48000      0.0000000000000000E+00  1.5586156539962612E-06  6.6240576180517472E+00  7.4475908193365956E-02  1.4113154891168450E-01  4.4545669825406590E-07
  3740   284.24000      0.0000000000000000E+00  1.4866030328441688E-06  6.6382017361479049E+00  7.4917971950290138E-02  1.4340216257536312E-01  4.0104572536605483E-07
  3750   285.00000      0.0000000000000000E+00  1.5393752506101266E-06  6.6477580415149484E+00  7.4749884973293629E-02  1.4769343845061311E-01  3.7941270214750098E-07
  3760   285.76000      0.0000000000000000E+00  1.4613307452535567E-06  6.6579483041041811E+00  7.0693011255498789E-02  1.4874841487734891E-01  4.2798239311397368E-07
  3770   286.52000      0.0000000000000000E+00  1.4510359857297474E-06  6.6683915943197505E+00  6.9537898037383944E-02  1.4391465657903019E-01  4.7066591449666589E-07
  3780   287.28000      0.0000000000000000E+00  1.4041058084014315E-06  6.6781502670793440E+00  7.0633581026862319E-02  1.4034599423981622E-01  4.0937620794757399E-07
  3790   288.04000      0.0000000000000000E+00  1.3749118165424190E-06  6.6881170720479961E+00  7.0855393959565735E-02  1.4286589477013675E-01  5.1573207821703292E-07
  3800   288.80000      0.0000000000000000E+00  1.4127281228695032E-06  6.6997225293218481E+00  6.8447978488633460E-02  1.4451844117757956E-01  4.1325258119545959E-07
  3810   289.56000      0.0000000000000000E+00  1.4757575300519392E-06  6.7105897522391853E+00  6.7315828597202698E-02  1.4267390122589713E-01  3.8129276483614007E-07
  3820   290.32000      0.0000000000000000E+00  1.5403902224715390E-06  6.7189060120459594E+00  6.7447898431448605E-02  1.4535102317298634E-01  3.5150810174033236E-07
  3830   291.08000      0.0000000000000000E+00  1.5330089184195116E-06  6.7274993088978086E+00  6.9789818511601889E-02  1.5051605679772523E-01  4.4368118668139187E-07
  3840   291.84000      0.0000000000000000E+00  1.5057092950406324E-06  6.7373027375840220E+00  6.9766677670859936E-02  1.4860921142599517E-01  4.7355471523107456E-07
  3850   292.60000      0.0000000000000000E+00  1.3670545241365074E-06  6.7496870616836464E+00  6.8841731909087253E-02  1.4380212521289884E-01  4.1673866031652215E-07
  3860   293.36000      0.0000000000000000E+00  1.4428715450952118E-06  6.7635993966329035E+00  6.8250631230523287E-02  1.4510124241756139E-01  4.4066907582185973E-07
  3870   294.12000      0.0000000000000000E+00  1.5159190631621871E-06  6.7743680384959308E+00  7.0261328704302073E-02  1.4670702282681250E-01  4.4339859045972515E-07
  3880   294.88000      0.0000000000000000E+00  1.5347182738036553E-06  6.7826075841580780E+00  6.8973436650496156E-02  1.4575236578227899E-01  4.0567047660751123E-07
  3890   295.64000      0.0000000000000000E+00  1.6432304905780232E-06  6.7931490139812647E+00  6.7631995120354033E-02  1.4869910297484609E-01  3.7012354195875899E-07
  3900   296.40000      0.0000000000000000E+00  1.6238552523529842E-06  6.8051357008667788E+00  7.0480332333278675E-02  1.5352776973912619E-01  4.0361388076671135E-07
  3910   297.16000      0.0000000000000000E+00  1.5707819552051155E-06  6.8144971586580070E+00  6.6968493747930818E-02  1.5258657540134010E-01  5.1019342772530498E-07
  3920   297.92000      0.0000000000000000E+00  1.5318757113514462E-06  6.8232254020519223E+00  6.9943074935977984E-02  1.4773552017404440E-01  4.1863746510613170E-07
  3930   298.68000      0.0000000000000000E+00  1.5071074101020049E-06  6.8352005667172779E+00  7.0308654122937672E-02  1.4794609585970819E-01  4.5607425914504812E-07
  3940   299.44000      0.0000000000000000E+00  1.6164631040323587E-06  6.8485425869819139E+00  6.9848590721701909E-02  1.5136038803163121E-01  4.5981540138572815E-07
  3950   300.20000      0.0000000000000000E+00  1.6135009811866847E-06  6.8591947218007432E+00  6.7270880302439065E-02  1.5173050070494878E-01  3.7993364331725124E-07
  3960   300.96000      0.0000000000000000E+00  1.6243196546499527E-06  6.8700153247195450E+00  6.4762665737165659E-02  1.5075570369076879E-01  3.7811454948426046E-07
  3970   301.72000      0.0000000000000000E+00  1.4423842338203550E-06  6.8848139967562698E+00  6.8300480785799894E-02  1.5229713212187779E-01  4.5953346984473185E-07
  3980   302.48000      0.0000000000000000E+00  1.5500911173970868E-06  6.9023704041684839E+00  6.7652230584578532E-02  1.5399927189836060E-01  4.1552479136464469E-07
  3990   303.24000      0.0000000000000000E+00  1.6395195685825189E-06  6.9210114154742932E+00  6.8263953204102459E-02  1.5311499419334706E-01  4.1420379060561117E-07
  4000   304.00000      0.0000000000000000E+00  1.5496504229276786E-06  6.9374209759933603E+00  6.9860523809144578E-02  1.5109908878429545E-01  4.3176305346081367E-07
  4010   304.76000      0.0000000000000000E+00  1.4667696046542368E-06  6.9529669359314266E+00  7.0603677230934456E-02  1.5047534104283533E-01  5.4215968499460382E-07
  4020   305.52000      0.0000000000000000E+00  1.7025093081136651E-06  6.9707813879395406E+00  6.7721892343705528E-02  1.5210550627201486E-01  3.6308400032996375E-07
  4030   306.28000      0.0000000000000000E+00  1.7773403470224555E-06  6.9910806467174016E+00  6.6236385254976493E-02  1.5382484044438310E-01  3.4717889547757515E-07
  4040   307.04000      0.0000000000000000E+00  1.6991568007727191E-06  7.0102508051524248E+00  6.8133445432510487E-02  1.5284483114628666E-01  4.5313575434533538E-07
  4050   307.80000      0.0000000000000000E+00  1.6227659159836959E-06  7.0294196060020884E+00  6.5272906478061943E-02  1.5447579195888689E-01  4.6122451945542297E-07
  4060   308.56000      0.0000000000000000E+00  1.6623013336577626E-06  7.0485405754864585E+00  6.6726105074134304E-02  1.5631154578907067E-01  3.4499425713159547E-07
  4070   309.32000      0.0000000000000000E+00  1.5250848071926351E-06  7.0633342291966024E+00  6.5247873444797599E-02  1.5316878076358489E-01  4.1269116996790770E-07
  4080   310.08000      0.0000000000000000E+00  1.7453621762950837E-06  7.0803187443999773E+00  6.5866169506010042E-02  1.4935639901498846E-01  4.8342280300759622E-07
  4090   310.84000      0.0000000000000000E+00  1.6777362076239547E-06  7.1049719172875880E+00  6.4615996408641685E-02  1.5252835660631736E-01  4.7185338593853027E-07
  4100   311.60000      0.0000000000000000E+00  1.7436380350485184E-06  7.1299170107264196E+00  6.3233138088575169E-02  1.5912089394941178E-01  3.5933157374939246E-07
  4110   312.36000      0.0000000000000000E+00  1.6402316728682048E-06  7.1471720577770927E+00  6.0478631413867771E-02  1.5900172777524343E-01  4.0896571632722075E-07
  4120   313.12000      0.0000000000000000E+00  1.7540075435681656E-06  7.1636046760192196E+00  6.3208918173571424E-02  1.5402172534224387E-01  4.5690364681983272E-07
  4130   313.88000      0.0000000000000000E+00  1.6898880376132927E-06  7.1850597890817438E+00  6.6192059433750811E-02  1.5393918301079579E-01  3.8945456054047818E-07
  4140   314.64000      0.0000000000000000E+00  1.6431064187622288E-06  7.2080374518035875E+00  6.5675186063923835E-02  1.5532114636968053E-01  3.3661562455134308E-07
  4150   315.40000      0.0000000000000000E+00  1.6839517208761896E-06  7.2290384469313480E+00  6.3688876253270382E-02  1.5384326732186904E-01  5.5152078227231361E-07
  4160   316.16000      0.0000000000000000E+00  1.6523318610074345E-06  7.2476832714918080E+00  6.4671599697521787E-02  1.5485792387513292E-01  4.0937986313869800E-07
  4170   316.92000      0.0000000000000000E+00  1.4970831282532110E-06  7.2684019065718095E+00  6.2225424864981990E-02  1.6036112283414120E-01  4.2639728383449479E-07
  4180   317.68000      0.0000000000000000E+00  1.5394677297479961E-06  7.2905379466234574E+00  6.6135668309890858E-02  1.6239102208396300E-01  3.1383842618312219E-07
  4190   318.44000      0.0000000000000000E+00  1.5024881938464068E-06  7.3083250027868543E+00  6.2696350174899662E-02  1.5804849283680261E-01  4.5053478982189180E-07
  4200   319.20000      0.0000000000000000E+00  1.4712631074545908E-06  7.3233755283559283E+00  6.4540565325974533E-02  1.5502287398313375E-01  4.2112564215751375E-07
  4210   319.96000      0.0000000000000000E+00  1.5239196789426959E-06  7.3366367163322508E+00  6.3857846112245611E-02  1.5630266376393726E-01  3.9686949697961844E-07
  4220   320.72000      0.0000000000000000E+00  1.5923153874861097E-06  7.3491126054121132E+00  6.3968332571515768E-02  1.5829683978178410E-01  3.9716987346720417E-07
  4230   321.48000      0.0000000000000000E+00  1.4982772074582566E-06  7.3632042439969938E+00  6.1219168481288978E-02  1.6081420334725746E-01  5.0631477880085341E-07
  4240   322.24000      0.0000000000000000E+00  1.5359973225515584E-06  7.3810609180980720E+00  6.0774411505125428E-02  1.6457053213101280E-01  4.5657866730811550E-07
  4250   323.00000      0.0000000000000000E+00  1.4999208803688114E-06  7.3997719922509422E+00  6.2862436100843383E-02  1.6464435146471859E-01  3.2619152733110012E-07
  4260   323.76000      0.0000000000000000E+00  1.5303961651035120E-06  7.4127757318131433E+00  6.2658073073229861E-02  1.5943546414966175E-01  4.5229913553647830E-07
  4270   324.52000      0.0000000000000000E+00  1.6403098323817547E-06  7.4213675005543092E+00  6.6020887205716167E-02  1.5603285924833929E-01  4.2610148900975267E-07
  4280   325.28000      0.0000000000000000E+00  1.6681612544894957E-06  7.4309568461040936E+00  6.4560845534306785E-02  1.6036963243560007E-01  4.2054995937062890E-07
  4290   326.04000      0.0000000000000000E+00  1.5365750413842152E-06  7.4486123382914080E+00  6.7484931417993499E-02  1.6779210742358797E-01  3.6088145580917033E-07
  4300   326.80000      0.0000000000000000E+00  1.5521567316168496E-06  7.4715684170459653E+00  6.4078384726309057E-02  1.6997985273012778E-01  4.4977378092908856E-07
  4310   327.56000      0.0000000000000000E+00  1.6193084133459399E-06  7.4882821452375818E+00  6.4016238104183859E-02  1.6629588648405297E-01  4.5409651719615519E-07
  4320   328.32000      0.0000000000000000E+00  1.5750394978469749E-06  7.4979117594184705E+00  6.3189259468974079E-02  1.6334991697241819E-01  3.7527949441627167E-07
  4330   329.08000      0.0000000000000000E+00  1.5075037778697853E-06  7.5104182691275927E+00  6.3191362975139581E-02  1.6375047318311517E-01  4.0156662843811171E-07
  4340   329.84000      0.0000000000000000E+00  1.6638542160727540E-06  7.5277016560824155E+00  6.7213206157919536E-02  1.6466468266343892E-01  3.7352989485552601E-07
  4350   330.60000      0.0000000000000000E+00  1.6192155436699874E-06  7.5437415083800099E+00  6.8122097655531150E-02  1.6585633350584769E-01  4.5406293814427993E-07
  4360   331.36000      0.0000000000000000E+00  1.6461804281286628E-06  7.5594111010500873E+00  6.7204645592472981E-02  1.7041656026480090E-01  4.1672741940431933E-07
  4370   332.12000      0.0000000000000000E+00  1.5938533972280229E-06  7.5788437672504880E+00  6.3379612283090081E-02  1.7516310744045827E-01  3.6715098337367067E-07
  4380   332.88000      0.0000000000000000E+00  1.5282000154637440E-06  7.6024110549020900E+00  6.4766226323141635E-02  1.7267893033553816E-01  4.4713151894936915E-07
  4390   333.64000      0.0000000000000000E+00  1.5376789009436244E-06  7.6219067942546150E+00  6.9272821898018783E-02  1.6542856915038834E-01  4.7791128608519974E-07
  4400   334.40000      0.0000000000000000E+00  1.7111775754632371E-06  7.6366455121905075E+00  7.1646079198678672E-02  1.6436950954225940E-01  3.9555268530789808E-07
  4410   335.16000      0.0000000000000000E+00  1.7018418438620509E-06  7.6542946367439981E+00  6.7941284782626149E-02  1.7043974651100147E-01  3.7701555888852931E-07
  4420   335.92000      0.0000000000000000E+00  1.5527454748452531E-06  7.6711155554698980E+00  7.0388363295462136E-02  1.7621632195921846E-01  4.7160476182865744E-07
  4430   336.68000      0.0000000000000000E+00  1.6190736191615271E-06  7.6894924803736329E+00  7.3632320016933497E-02  1.7930725573025791E-01  3.8555118906502225E-07
  4440   337.44000      0.0000000000000000E+00  1.6346766277419278E-06  7.7147582347568235E+00  6.6292419420403995E-02  1.7710245597949203E-01  4.3557888845005542E-07
  4450   338.20000      0.0000000000000000E+00  1.7111002267100556E-06  7.7380606132960947E+00  6.8019841337343748E-02  1.7072867840943720E-01  3.9773948146360388E-07
  4460   338.96000      0.0000000000000000E+00  1.6914124924727867E-06  7.7496729794698709E+00  7.1040925340251762E-02  1.6946049451518674E-01  4.6820981367808856E-07
  4470   339.72000      0.0000000000000000E+00  1.6413732000049984E-06  7.7588804820844812E+00  7.0120241252882465E-02  1.7169511695446499E-01  5.4754576903208652E-07
  4480   340.48000      0.0000000000000000E+00  1.5414442653732893E-06  7.7772820296800997E+00  7.1385182495881744E-02  1.7426680645248271E-01  3.3766040409164357E-07
  4490   341.24000      0.0000000000000000E+00  1.7702466872866386E-06  7.7999077861938906E+00  7.2628194239024280E-02  1.8100923186646728E-01  3.5714439237364776E-07
  4500   342.00000      0.0000000000000000E+00  1.8016042250036651E-06  7.8182592389268262E+00  6.9928416582804909E-02  1.8527918659062140E-01  4.7144139822236116E-07
  4510   342.76000      0.0000000000000000E+00  1.6642926284109499E-06  7.8353642866850981E+00  6.8180514618093879E-02  1.7666816155924292E-01  4.8600186129162207E-07
  4520   343.52000      0.0000000000000000E+00  1.7312057414316747E-06  7.8570341357521265E+00  6.5556771442138284E-02  1.6820599685128518E-01  3.7023375018914971E-07
  4530   344.28000      0.0000000000000000E+00  1.8679255037793715E-06  7.8783656383728573E+00  6.4875448794908336E-02  1.7162479388470223E-01  4.1140620867841538E-07
  4540   345.04000      0.0000000000000000E+00  1.8814951652468540E-06  7.8966667274109179E+00  7.1257682077609630E-02  1.7772180905378768E-01  4.1377476062935404E-07
  4550   345.80000      0.0000000000000000E+00  1.7782410726615646E-06  7.9127057188238581E+00  6.9427086676048230E-02  1.7940160025202195E-01  4.6539545291400524E-07
  4560   346.56000      0.0000000000000000E+00  1.8591439976227852E-06  7.9305637951433505E+00  6.9725197650401610E-02  1.8082177087699433E-01  3.2883579852039568E-07
  4570   347.32000      0.0000000000000000E+00  1.8739163939136517E-06  7.9502358046320865E+00  6.6764934229817940E-02  1.8214715056525874E-01  4.2129380952576318E-07
  4580   348.08000      0.0000000000000000E+00  1.8032525727357750E-06  7.9710685259867464E+00  6.6792936216839655E-02  1.7928593073370486E-01  4.4718695264076680E-07
  4590   348.84000      0.0000000000000000E+00  1.9096252907591409E-06  7.9943780052555047E+00  6.6167299714199185E-02  1.7342160348698468E-01  4.0319974669217112E-07
  4600   349.60000      0.0000000000000000E+00  1.8435403520452011E-06  8.0199043586203178E+00  6.8554388737475075E-02  1.7211731814981124E-01  3.5805992190433197E-07
  4610   350.36000      0.0000000000000000E+00  1.9128398399451337E-06  8.0416493561500531E+00  6.8000783127296086E-02  1.7723070945087116E-01  4.0263803159445488E-07
  4620   351.12000      0.0000000000000000E+00  1.8976362930880373E-06  8.0571372041805951E+00  6.6391425507172488E-02  1.8337493785483691E-01  4.2010714896137541E-07
  4630   351.88000      0.0000000000000000E+00  1.7101565217079064E-06  8.0771570630515157E+00  6.6303131950366009E-02  1.8475321862894553E-01  4.0231045364477075E-07
  4640   352.64000      0.0000000000000000E+00  1.8237514584634601E-06  8.1041729267904508E+00  6.7829129016090547E-02  1.8338332724586787E-01  3.6035806214299588E-07
  4650   353.40000      0.0000000000000000E+00  1.9491396915339194E-06  8.1330150917091828E+00  6.6745347626981172E-02  1.7746532250237845E-01  3.9719778295775634E-07
  4660   354.16000      0.0000000000000000E+00  1.9175377989448665E-06  8.1574528983339594E+00  6.6469268562466433E-02  1.7388418533300209E-01  4.3778578038054506E-07
  4670   354.92000      0.0000000000000000E+00  1.8046713659776768E-06  8.1789936974806601E+00  6.1442545712966465E-02  1.7858833491897946E-01  3.3518378365584557E-07
  4680   355.68000      0.0000000000000000E+00  1.8612049199410064E-06  8.2024663793286123E+00  6.5955131661883368E-02  1.8190954932435893E-01  3.8433346024327994E-07
  4690   356.44000      0.0000000000000000E+00  1.7357668693826755E-06  8.2271975905936472E+00  7.0672017076640919E-02  1.8100547619344048E-01  4.6356608670391731E-07
  4700   357.20000      0.0000000000000000E+00  1.8379941418166808E-06  8.2527114828035657E+00  6.9334141055639065E-02  1.8234584581604807E-01  4.0602181179105268E-07
  4710   357.96000      0.0000000000000000E+00  1.8511153691524862E-06  8.2745679778976982E+00  7.2109318201913103E-02  1.8442467442801180E-01  3.6578363152150270E-07
  4720   358.72000      0.0000000000000000E+00  1.8106597182578547E-06  8.2982708538301964E+00  7.1384391001755587E-02  1.8141602120051029E-01  3.7180213789228267E-07
  4730   359.48000      0.0000000000000000E+00  1.7532220086429512E-06  8.3272197421515379E+00  7.4660538200864920E-02  1.7761468233358804E-01  3.8911843243525302E-07
  4740   360.24000      0.0000000000000000E+00  1.7753497255475086E-06  8.3495369141466114E+00  7.6364217958712538E-02  1.7870688122196432E-01  4.6874619398511633E-07
  4750   361.00000      0.0000000000000000E+00  1.7388835237424755E-06  8.3662768888424317E+00  7.6000493854222764E-02  1.8152259375693658E-01  3.5732346594350348E-07
  4760   361.76000      0.0000000000000000E+00  1.7790743676144592E-06  8.3864271297238560E+00  7.6687848032977707E-02  1.8407458540274449E-01  3.8685710911200053E-07
  4770   362.52000      0.0000000000000000E+00  1.8311710553125366E-06  8.4115019707862544E+00  7.6459254579201053E-02  1.8622460812332334E-01  3.8202744125524737E-07
  4780   363.28000      0.0000000000000000E+00  1.8222927965311517E-06  8.4329281512657097E+00  7.6213765202068698E-02  1.8462819919560225E-01  4.3757737239360681E-07
  4790   364.04000      0.0000000000000000E+00  1.8257864060096242E-06  8.4530198576892488E+00  7.9700014118398943E-02  1.7972364767810267E-01  3.2732345241290159E-07
  4800   364.80000      0.0000000000000000E+00  1.8259482561807707E-06  8.4766642867000641E+00  7.9611272454521584E-02  1.8116850331797396E-01  3.2371346262603347E-07
  4810   365.56000      0.0000000000000000E+00  1.9138464330761969E-06  8.4950652470950292E+00  7.5416801460637520E-02  1.8427085701203663E-01  4.0708388333134274E-07
  4820   366.32000      0.0000000000000000E+00  1.9851110283506065E-06  8.5095913758694053E+00  7.7035753049492728E-02  1.8049031468798674E-01  3.8708166335747262E-07
  4830   367.08000      0.0000000000000000E+00  1.8588998924436320E-06  8.5248796004736800E+00  8.1421588390108365E-02  1.8133048357788059E-01  2.9263272159100709E-07
  4840   367.84000      0.0000000000000000E+00  1.7733072259073511E-06  8.5438153324038382E+00  7.7005139338644321E-02  1.9137898905707557E-01  3.6562011225586207E-07
  4850   368.60000      0.0000000000000000E+00  1.8542038262321168E-06  8.5680605835469343E+00  7.2447749441768905E-02  1.9078533738503070E-01  4.0918495542018969E-07
  4860   369.36000      0.0000000000000000E+00  1.7945602288427456E-06  8.5907630925446892E+00  7.1216062918870296E-02  1.7960412471878964E-01  3.3955827918359498E-07
  4870   370.12000      0.0000000000000000E+00  1.8298676892564827E-06  8.6058801448576787E+00  7.1317515639258380E-02  1.7734445084493985E-01  3.2949044572142711E-07
  4880   370.88000      0.0000000000000000E+00  1.8081067417125875E-06  8.6195078910063732E+00  7.8615081294491546E-02  1.8445050954315093E-01  3.3794628217012534E-07
  4890   371.64000      0.0000000000000000E+00  1.9552193048417945E-06  8.6363477169251173E+00  7.3216969675662658E-02  1.9087420772199143E-01  3.9631182048891569E-07
  4900   372.40000      0.0000000000000000E+00  1.8125428467966243E-06  8.6538105476177165E+00  7.5361762780972466E-02  1.8765115774720803E-01  3.2656176550141045E-07
  4910   373.16000      0.0000000000000000E+00  1.8610965090288497E-06  8.6695477210925098E+00  7.2733613743726624E-02  1.8423800921778072E-01  3.4030497853952526E-07
  4920   373.92000      0.0000000000000000E+00  1.9974280032650143E-06  8.6860973560752761E+00  7.0928100489757118E-02  1.8717923141436218E-01  3.8367972012929645E-07
  4930   374.68000      0.0000000000000000E+00  1.9001121447738623E-06  8.7048579161019966E+00  7.0650273698764712E-02  1.8869974755335739E-01  4.0057405361619014E-07
  4940   375.44000      0.0000000000000000E+00  1.8563851690174722E-06  8.7251560036542468E+00  7.2994115614871596E-02  1.8480692473297639E-01  3.0451993264582863E-07
  4950   376.20000      0.0000000000000000E+00  1.9560391154720376E-06  8.7423924106567164E+00  7.3072790453947642E-02  1.8300199575950837E-01  3.2825193470641904E-07
  4960   376.96000      0.0000000000000000E+00  2.0874305070231337E-06  8.7551465277199227E+00  7.6094531739545390E-02  1.8877426945063669E-01  3.7651475444824937E-07
  4970   377.72000      0.0000000000000000E+00  1.9539712129530942E-06  8.7671691044400877E+00  7.5485250052202024E-02  1.9239224381641301E-01  3.8080084376564273E-07
  4980   378.48000      0.0000000000000000E+00  2.0177198667644858E-06  8.7832562501825500E+00  7.2047755292118223E-02  1.9281930822428184E-01  3.1351364071887996E-07
  4990   379.24000      0.0000000000000000E+00  1.9302619021051033E-06  8.8048822341783932E+00  7.1727729724291839E-02  1.9237155849733140E-01  3.1059652103105458E-07
  5000   380.00000      0.0000000000000000E+00  1.8798992158430606E-06  8.8298689067820781E+00  7.6684386632072055E-02  1.8661855575760150E-01  3.6697325090336344E-07
  5010   380.76000      0.0000000000000000E+00  1.8683033256782441E-06  8.8478512662066340E+00  7.8623277116966914E-02  1.8501712401984752E-01  4.0378426237029256E-07
  5020   381.52000      0.0000000000000000E+00  1.8098977728618281E-06  8.8579261057936041E+00  7.6052997020048960E-02  1.9062045013537751E-01  3.2011096539555378E-07
  5030   382.28000      0.0000000000000000E+00  2.0131239765666527E-06  8.8682292413694519E+00  7.6453916399694039E-02  1.9260965133850141E-01  3.8862199947649743E-07
  5040   383.04000      0.0000000000000000E+00  2.0421397251577572E-06  8.8829745933684805E+00  8.0716236993265633E-02  1.9078975606198439E-01  3.4416059794415822E-07
  5050   383.80000      0.0000000000000000E+00  1.9659908029267893E-06  8.9065337002865483E+00  8.4885189126416641E-02  1.9356979420149575E-01  3.0916816398747934E-07
  5060   384.56000      0.0000000000000000E+00  1.8841894953674732E-06  8.9338989656881402E+00  8.0733230816552121E-02  1.9399534718345118E-01  3.9837106521798979E-07
  5070   385.32000      0.0000000000000000E+00  1.9244503022152140E-06  8.9554164931955018E+00  7.5751178493859858E-02  1.8899425878993481E-01  3.2077846401977439E-07
  5080   386.08000      0.0000000000000000E+00  1.9554961677530092E-06  8.9664356228812032E+00  7.4961896731712246E-02  1.8951113838379208E-01  3.5370752196987556E-07
  5090   386.84000      0.0000000000000000E+00  1.9310526204988928E-06  8.9795560822251694E+00  7.9460982313717399E-02  1.9118561974055728E-01  3.9233745851038518E-07
  5100   387.60000      0.0000000000000000E+00  1.8988194307914001E-06  9.0004771820853069E+00  8.3515480659101249E-02  1.9399033908885779E-01  2.9421411942184935E-07
  5110   388.36000      0.0000000000000000E+00  1.8557289333444524E-06  9.0217093669746546E+00  8.3527265167237866E-02  1.9438307092969720E-01  3.7049949173198062E-07
  5120   389.12000      0.0000000000000000E+00  1.8082657752898337E-06  9.0407396321853550E+00  7.9885072314295119E-02  1.9154427211396874E-01  3.5966716244691297E-07
  5130   389.88000      0.0000000000000000E+00  1.9562934215752311E-06  9.0605640223984487E+00  7.8853137284471603E-02  1.9530379109716625E-01  3.5391280881787754E-07
  5140   390.64000      0.0000000000000000E+00  1.8181365690899013E-06  9.0775283386583876E+00  7.9630013600765423E-02  2.0124216135972661E-01  3.1430275495948656E-07
  5150   391.40000      0.0000000000000000E+00  1.7025482555573494E-06  9.0872122388549865E+00  8.3364730321254327E-02  1.9461582848467870E-01  4.1333855409370272E-07
  5160   392.16000      0.0000000000000000E+00  1.8509542975019840E-06  9.0997027898379876E+00  8.7793392784710128E-02  1.8399225739231356E-01  3.3255121917948377E-07
  5170   392.92000      0.0000000000000000E+00  1.9240500779584682E-06  9.1195296429892601E+00  8.9535660623953919E-02  1.8883342723694838E-01  3.2400102775606405E-07
  5180   393.68000      0.0000000000000000E+00  1.8315472544272494E-06  9.1373282290090980E+00  8.9299161192499699E-02  2.0091574531180437E-01  3.8623358412033719E-07
  5190   394.44000      0.0000000000000000E+00  1.7843296295287639E-06  9.1488923458540352E+00  8.1340116073031571E-02  2.0699577014314854E-01  3.4560738231848779E-07
  5200   395.20000      0.0000000000000000E+00  1.8189095057671246E-06  9.1652305693180676E+00  8.3323849037010150E-02  2.0155751613452180E-01  3.8157318335121882E-07
  5210   395.96000      0.0000000000000000E+00  1.7554083000937869E-06  9.1816292535989028E+00  8.9407732352877939E-02  1.9385050621912653E-01  3.3500689569109905E-07
  5220   396.72000      0.0000000000000000E+00  1.8216909091933465E-06  9.1908781808372346E+00  9.3972512697623772E-02  1.9118108630860076E-01  3.7538527742970150E-07
  5230   397.48000      0.0000000000000000E+00  1.7927598078461523E-06  9.2010498597392534E+00  8.8504411017374857E-02  1.9458862526362952E-01  3.7972203638030905E-07
  5240   398.24000      0.0000000000000000E+00  1.8007680117771558E-06  9.2179008662352366E+00  8.2481417650171598E-02  1.9942065307577725E-01  2.8093901605634903E-07
  5250   399.00000      0.0000000000000000E+00  1.8148832852627390E-06  9.2399569460927093E+00  8.4076267225868556E-02  2.0489925762086142E-01  3.7234626288418610E-07
  5260   399.76000      0.0000000000000000E+00  1.9509727436898621E-06  9.2604232205337524E+00  8.8861020874869565E-02  2.0884396414523765E-01  4.0392757302603713E-07
