! EM field energy per field component
  Iter        Time                          B1                      B2                      B3                      E1                      E2                      E3
     0   0.0000000      0.0000000000000000E+00  0.0000000000000000E+00  0.0000000000000000E+00  0.0000000000000000E+00  0.0000000000000000E+00  0.0000000000000000E+00
    20   3.0800000      0.0000000000000000E+00  4.3133763220042313E-06  1.0181286353982760E-05  7.5246688038236646E-05  6.7517087369278446E-04  2.2838216744295428E-06
    40   6.1600000      0.0000000000000000E+00  3.7906451974940482E-06  1.9510091298436609E-05  1.6225606310902145E-04  6.5570412451977463E-05  2.6246635713130318E-06
    60   9.2400000      0.0000000000000000E+00  4.4887137080596896E-06  2.7779232951191573E-05  2.3186665693450401E-04  2.0889050101563294E-04  3.0988118772775465E-06
    80   12.320000      0.0000000000000000E+00  4.0308858050853418E-06  6.0987278710065176E-05  2.3314396949517715E-04  4.2499650010449039E-04  3.0314100281489353E-06
   100   15.400000      0.0000000000000000E+00  4.0685081475012878E-06  1.3349523056131952E-04  2.1347987555232130E-04  2.6263926000328848E-05  3.6458143604816732E-06
   120   18.480000      0.0000000000000000E+00  3.7647973577420326E-06  1.8748510148341589E-04  9.4297552200827973E-05  6.7472794223822925E-04  3.5219407044865348E-06
   140   21.560000      0.0000000000000000E+00  3.6664995091237538E-06  6.0924540435129213E-05  2.6620777379408509E-04  2.8109815656370587E-04  3.8728057646024274E-06
   160   24.640000      0.0000000000000000E+00  4.3670248415681690E-06  2.5165481541498270E-03  1.9170241840908721E-03  1.7836423532820458E-03  3.5899809843944975E-06
   180   27.720000      0.0000000000000000E+00  4.8281173496880996E-06  1.4606908652238534E-02  2.0953457564407718E-03  3.1511783918775141E-03  3.7040852812317864E-06
   200   30.800000      0.0000000000000000E+00  4.4472602444246388E-06  3.7489377750193523E-02  3.6971489743920080E-03  4.4081055939885578E-03  3.4251122208500699E-06
   220   33.880000      0.0000000000000000E+00  4.3577241629488853E-06  6.6931212481067551E-02  4.3317325775545619E-03  7.5426907307264224E-03  3.5091365375031756E-06
   240   36.960000      0.0000000000000000E+00  3.8830429769495739E-06  1.0009089624195709E-01  8.4136090545999659E-03  8.1257740914485004E-03  3.7113136501420378E-06
   260   40.040000      0.0000000000000000E+00  4.8699025867097344E-06  1.3897722374443391E-01  1.0183991062371436E-02  9.5385714194279412E-03  3.5408061917196211E-06
   280   43.120000      0.0000000000000000E+00  4.5403687810128469E-06  1.8706845271560124E-01  1.5595716765637426E-02  9.0574480053165901E-03  3.6785253675413767E-06
   300   46.200000      0.0000000000000000E+00  4.8252579545941351E-06  2.4068166335155317E-01  2.0509442366051421E-02  1.0982192607657995E-02  3.7963663540731776E-06
   320   49.280000      0.0000000000000000E+00  4.8227435555663060E-06  3.0443781068831072E-01  2.6230700861831546E-02  1.1411874696073611E-02  3.7771423189153777E-06
   340   52.360000      0.0000000000000000E+00  4.9185878663984744E-06  3.7755468784487423E-01  2.8028084455692229E-02  1.2697890970908607E-02  3.3897972719598320E-06
   360   55.440000      0.0000000000000000E+00  4.8399554277674275E-06  4.6654663987115330E-01  3.2886775731223304E-02  1.2045629854558971E-02  2.9132391770110509E-06
   380   58.520000      0.0000000000000000E+00  5.0566899622588795E-06  5.6614587576706366E-01  3.2826541946831628E-02  1.3892225990784539E-02  3.3324577221483096E-06
   400   61.600000      0.0000000000000000E+00  4.6528845909051599E-06  6.6870630603388714E-01  3.2985034638273153E-02  1.2177603926140076E-02  3.1780330598621479E-06
   420   64.680000      0.0000000000000000E+00  5.3306748769412005E-06  7.8553176137056036E-01  3.1247068925554393E-02  1.0948865960408605E-02  3.0684524904550822E-06
   440   67.760000      0.0000000000000000E+00  5.0375570360469776E-06  9.0235756789310939E-01  3.0148206398160168E-02  1.5607455171710754E-02  3.2245115625575506E-06
   460   70.840000      0.0000000000000000E+00  5.3885155804497350E-06  1.0011486195967030E+00  2.9102211204888716E-02  1.8839440023714772E-02  3.5482717111730759E-06
   480   73.920000      0.0000000000000000E+00  5.4878758318331294E-06  1.0977667698824247E+00  2.6364435353029608E-02  2.1669830536861605E-02  3.7481004645859119E-06
   500   77.000000      0.0000000000000000E+00  4.8892976228262035E-06  1.1967225871697116E+00  2.5519608348370443E-02  2.8124429286807091E-02  3.4717252309483254E-06
   520   80.080000      0.0000000000000000E+00  5.4764898863986255E-06  1.3125079106392961E+00  2.6525941958403611E-02  3.1882341972610952E-02  3.9869624494704418E-06
   540   83.160000      0.0000000000000000E+00  5.2021584226603089E-06  1.4744679753997525E+00  2.6241146855764057E-02  3.7166200197973301E-02  4.2636399154566357E-06
   560   86.240000      0.0000000000000000E+00  5.1262222002026698E-06  1.6592083763126859E+00  2.7870080447111242E-02  4.7413106181301845E-02  3.7031086431778480E-06
   580   89.320000      0.0000000000000000E+00  5.3923322471321047E-06  1.8311217368990842E+00  3.1220790732969312E-02  4.7086226315945993E-02  3.5967127706916288E-06
   600   92.400000      0.0000000000000000E+00  4.9547179272373713E-06  1.9602197421082865E+00  3.3371534378494681E-02  4.3195365289182122E-02  3.2218477730024053E-06
   620   95.480000      0.0000000000000000E+00  5.4972256264892175E-06  2.0434784478302053E+00  3.5616214868974906E-02  4.2805093791557926E-02  3.6446661683680889E-06
   640   98.560000      0.0000000000000000E+00  5.0785623037196664E-06  2.0986198754270076E+00  3.6030479643373137E-02  4.6343008882377142E-02  3.5681552548184715E-06
   660   101.64000      0.0000000000000000E+00  5.8178377411619688E-06  2.1497046224208143E+00  3.7340106654788451E-02  4.3988538040814422E-02  3.4542047663822952E-06
   680   104.72000      0.0000000000000000E+00  4.8341656217023376E-06  2.2044870024601777E+00  3.8855146836751724E-02  4.7250832347588041E-02  2.9888769952786874E-06
   700   107.80000      0.0000000000000000E+00  4.8289224672155512E-06  2.2493656371214445E+00  4.2780059731449653E-02  4.7836821541899048E-02  3.3942834560239007E-06
   720   110.88000      0.0000000000000000E+00  4.8446052599574131E-06  2.2949361851569745E+00  4.3760643561071816E-02  4.9734808428868675E-02  3.0579880162985168E-06
   740   113.96000      0.0000000000000000E+00  5.0618467155151406E-06  2.3296867344468364E+00  4.5589690027350090E-02  5.1365600957350495E-02  2.5781625926780321E-06
   760   117.04000      0.0000000000000000E+00  4.4720606610983382E-06  2.3596723666434540E+00  4.5686588401963976E-02  4.9699629854291667E-02  3.0651143097896895E-06
   780   120.12000      0.0000000000000000E+00  4.3275149862364327E-06  2.3849526543394060E+00  4.4494443137931473E-02  5.3558754838495523E-02  2.9101964930296402E-06
   800   123.20000      0.0000000000000000E+00  4.8374455064895827E-06  2.4028739360329014E+00  4.7096140335299602E-02  5.2416628089992437E-02  3.2280221024494875E-06
   820   126.28000      0.0000000000000000E+00  4.5375021521518827E-06  2.4271181127966059E+00  4.6823573474568912E-02  5.1508489521274910E-02  3.2540565868802546E-06
   840   129.36000      0.0000000000000000E+00  4.7573451158477305E-06  2.4517025310772924E+00  4.6546937164545679E-02  5.3619933131186917E-02  3.1653799315341512E-06
   860   132.44000      0.0000000000000000E+00  4.4650587059373761E-06  2.4827956463925194E+00  4.8194751518023535E-02  5.2117639543653699E-02  3.2537312451794630E-06
   880   135.52000      0.0000000000000000E+00  4.2399552667244184E-06  2.5300916416469521E+00  4.8464981354261326E-02  5.6102823858023489E-02  3.2338073425671995E-06
   900   138.60000      0.0000000000000000E+00  4.6431655160694954E-06  2.5864640042852156E+00  5.0504244582215981E-02  5.4173860035864968E-02  3.5863670801969713E-06
   920   141.68000      0.0000000000000000E+00  4.8445297673173308E-06  2.6645389218618072E+00  5.1138912183663190E-02  5.5215128013119980E-02  3.4177707575618050E-06
   940   144.76000      0.0000000000000000E+00  4.8563686117891979E-06  2.7497206553482902E+00  5.2310511895892885E-02  6.1183091487736242E-02  3.2710817226946393E-06
   960   147.84000      0.0000000000000000E+00  5.2215830115029161E-06  2.8373009331217522E+00  5.0462939877220628E-02  5.9462112162103412E-02  3.2047529373911751E-06
   980   150.92000      0.0000000000000000E+00  4.6946272895956599E-06  2.9365026359959332E+00  4.6253529597913096E-02  6.3070286720651875E-02  2.9437418965021895E-06
  1000   154.00000      0.0000000000000000E+00  5.1432295617168399E-06  3.0346866112220332E+00  4.7456528363789663E-02  6.5652332021787108E-02  2.8708347375081738E-06
  1020   157.08000      0.0000000000000000E+00  4.9418787453750013E-06  3.1266082821923824E+00  4.7343523788220508E-02  6.3303338516245311E-02  2.7351479904275887E-06
  1040   160.16000      0.0000000000000000E+00  4.5644117091428308E-06  3.1989356580420019E+00  4.5909193789415749E-02  6.6955356783434242E-02  3.2229108710750355E-06
  1060   163.24000      0.0000000000000000E+00  4.9151753443722899E-06  3.2595154931485819E+00  4.4048467539351925E-02  6.8346146030044838E-02  2.8558429009077885E-06
  1080   166.32000      0.0000000000000000E+00  5.0653530839292510E-06  3.3113708440503347E+00  4.2974704744315605E-02  6.9193782863481268E-02  2.7447286090601089E-06
  1100   169.40000      0.0000000000000000E+00  4.6585902039965943E-06  3.3682232246732609E+00  4.1415963590300794E-02  6.9824870668169503E-02  2.8242710194480967E-06
  1120   172.48000      0.0000000000000000E+00  4.7796908977746070E-06  3.4409996669047720E+00  3.9435921176197077E-02  7.1503226817818288E-02  2.9003573675916155E-06
  1140   175.56000      0.0000000000000000E+00  4.9901597069549960E-06  3.5255057761747870E+00  4.0634328160299660E-02  7.2314743529974607E-02  2.7617400112618015E-06
  1160   178.64000      0.0000000000000000E+00  5.1698319449597416E-06  3.6193609489800904E+00  4.1645920820289672E-02  7.1852064212967803E-02  2.7167061217260604E-06
  1180   181.72000      0.0000000000000000E+00  5.1901188564066227E-06  3.7168727346204653E+00  4.2786337112241196E-02  7.4066402229353318E-02  2.7755460081609599E-06
  1200   184.80000      0.0000000000000000E+00  5.2239853625614638E-06  3.8138691055483060E+00  4.4841309312832305E-02  7.8949109280176594E-02  3.1443603991938231E-06
  1220   187.88000      0.0000000000000000E+00  5.3407481829355462E-06  3.9043981780078680E+00  4.6656544814138917E-02  8.1330407515455144E-02  3.2122851031535230E-06
  1240   190.96000      0.0000000000000000E+00  5.2490773614811899E-06  4.0024392762491576E+00  4.4211791323574404E-02  8.2554741619938629E-02  3.1098923936208560E-06
  1260   194.04000      0.0000000000000000E+00  5.2686317680209419E-06  4.1015486800333099E+00  4.6688057022638570E-02  8.6833571589148034E-02  3.7904375770379907E-06
  1280   197.12000      0.0000000000000000E+00  5.7363574754489044E-06  4.1926593529412228E+00  4.8966409765818723E-02  8.6588643442688351E-02  3.2608780381562494E-06
  1300   200.20000      0.0000000000000000E+00  5.2879588356838867E-06  4.2724082445164155E+00  5.0875006109167155E-02  9.1746242106680781E-02  3.4491233464243791E-06
  1320   203.28000      0.0000000000000000E+00  5.6562071068895162E-06  4.3381422915138099E+00  4.8093315914092397E-02  9.9477520417871224E-02  3.4880851894096235E-06
  1340   206.36000      0.0000000000000000E+00  5.0202577264622312E-06  4.4095385559210687E+00  4.5329996149807213E-02  9.8798059545255765E-02  3.0668065098319302E-06
  1360   209.44000      0.0000000000000000E+00  5.1536471640360257E-06  4.4939425784607812E+00  4.5124633024722874E-02  1.0209377307522269E-01  3.5669244599835806E-06
  1380   212.52000      0.0000000000000000E+00  4.9551129423018062E-06  4.5899803535034689E+00  5.0021857080438298E-02  1.0356801786284189E-01  3.0966100140015639E-06
  1400   215.60000      0.0000000000000000E+00  5.6102608601212123E-06  4.7036215981512361E+00  4.9912448781935785E-02  1.0266937925612783E-01  3.1051377511725770E-06
  1420   218.68000      0.0000000000000000E+00  5.3020307259646500E-06  4.8164622147732041E+00  5.0901536241767208E-02  1.0756599695767735E-01  3.3532844685146086E-06
  1440   221.76000      0.0000000000000000E+00  6.0749024404013712E-06  4.9348925140571982E+00  4.9623725798298636E-02  1.0324031462471871E-01  3.1256305708138389E-06
  1460   224.84000      0.0000000000000000E+00  5.9490028815530921E-06  5.0391308008720417E+00  4.9796760090387623E-02  1.0992601553619655E-01  3.2921033469710634E-06
  1480   227.92000      0.0000000000000000E+00  5.5581037272543859E-06  5.1398197594915533E+00  4.9116847903380861E-02  1.1095432623447690E-01  3.2915490012924042E-06
  1500   231.00000      0.0000000000000000E+00  5.6950707840936461E-06  5.2324259889952529E+00  5.1304888164996822E-02  1.1191454571941686E-01  3.2643837853882951E-06
  1520   234.08000      0.0000000000000000E+00  5.9888531813827232E-06  5.3148330656932590E+00  5.1948667874252938E-02  1.1070912184132659E-01  3.2930338119138317E-06
  1540   237.16000      0.0000000000000000E+00  5.1669110489684499E-06  5.3865080677113522E+00  5.2855058520357372E-02  1.1237111202586944E-01  3.2997595318691570E-06
  1560   240.24000      0.0000000000000000E+00  5.4790249606554446E-06  5.4530921172822939E+00  5.0517852113752648E-02  1.1619118429563134E-01  3.4007521214937092E-06
  1580   243.32000      0.0000000000000000E+00  5.5195634321343724E-06  5.5144737334651701E+00  5.2482878869042203E-02  1.1341288646818577E-01  2.8866828814450945E-06
  1600   246.40000      0.0000000000000000E+00  5.5543739395588640E-06  5.5687044777358095E+00  5.8095846170466599E-02  1.1760213764761149E-01  2.9222221980914952E-06
  1620   249.48000      0.0000000000000000E+00  5.5283425271024621E-06  5.6276517878036714E+00  5.9295820813478790E-02  1.1757545762187101E-01  3.2212882704570192E-06
  1640   252.56000      0.0000000000000000E+00  5.9490761356058359E-06  5.6815785079696131E+00  6.5779151819807341E-02  1.1465381178569627E-01  2.9232070874094280E-06
  1660   255.64000      0.0000000000000000E+00  5.3592348456710258E-06  5.7325571147706613E+00  6.2345951668991539E-02  1.2291539008100594E-01  2.9041449566085143E-06
  1680   258.72000      0.0000000000000000E+00  6.3147235160239558E-06  5.7776833320944831E+00  6.7093029256531503E-02  1.2101380421892309E-01  2.9544540472152117E-06
  1700   261.80000      0.0000000000000000E+00  5.4802556273892971E-06  5.8103885490225968E+00  6.7357453018699207E-02  1.2338671860697173E-01  2.7057888653415467E-06
  1720   264.88000      0.0000000000000000E+00  6.1640538479657361E-06  5.8445174157232236E+00  6.7826375287531285E-02  1.2517281420070014E-01  2.9882786744696592E-06
  1740   267.96000      0.0000000000000000E+00  6.1649191952208718E-06  5.8933560496162176E+00  6.5835991415921863E-02  1.2018301697152503E-01  2.4844661300948680E-06
  1760   271.04000      0.0000000000000000E+00  5.2953169465643435E-06  5.9463846984968445E+00  6.6315789836859637E-02  1.3478541158918311E-01  3.0396340320616978E-06
  1780   274.12000      0.0000000000000000E+00  6.1849591551230496E-06  5.9888382652978667E+00  7.1230070163631837E-02  1.2766401461669744E-01  2.3154871433359508E-06
  1800   277.20000      0.0000000000000000E+00  5.8706188906885962E-06  6.0380540486454803E+00  7.1729380370155346E-02  1.2809838232050436E-01  2.8157892344607198E-06
  1820   280.28000      0.0000000000000000E+00  5.6635407749670939E-06  6.0877339688787799E+00  7.1687618573836168E-02  1.4117049068286425E-01  2.7416982040928774E-06
  1840   283.36000      0.0000000000000000E+00  6.5770145570117069E-06  6.1500100348606512E+00  6.9713261931693901E-02  1.3020221895945028E-01  2.8356298588036167E-06
  1860   286.44000      0.0000000000000000E+00  5.5713852714831596E-06  6.2337196560874908E+00  7.1249718532217177E-02  1.4077512827668867E-01  3.2402377032542886E-06
  1880   289.52000      0.0000000000000000E+00  5.7084807386807501E-06  6.3236513781573969E+00  7.5373826866432139E-02  1.4113288591115034E-01  2.7910746115498974E-06
  1900   292.60000      0.0000000000000000E+00  5.3743097970819083E-06  6.4209116558186166E+00  7.4044749306187582E-02  1.3283873509552563E-01  3.1406495122499074E-06
  1920   295.68000      0.0000000000000000E+00  5.4905602498274636E-06  6.5236738027235930E+00  8.1215781402659615E-02  1.4245671663222362E-01  2.5371685918225000E-06
  1940   298.76000      0.0000000000000000E+00  5.9806104442883497E-06  6.6187850025168746E+00  7.4024740988046248E-02  1.4063967006539363E-01  2.6512019759928245E-06
  1960   301.84000      0.0000000000000000E+00  5.5009660858209122E-06  6.6996353380040254E+00  7.1928885135114098E-02  1.3779747996433403E-01  2.5057607901659296E-06
  1980   304.92000      0.0000000000000000E+00  5.2830838060118316E-06  6.7663485337237219E+00  7.5682858200091976E-02  1.5003516320913188E-01  2.5202343074913982E-06
  2000   308.00000      0.0000000000000000E+00  5.9295686668634006E-06  6.8133890260555106E+00  7.4406654552954352E-02  1.4487371184041473E-01  3.1904734675369996E-06
  2020   311.08000      0.0000000000000000E+00  5.0097006624287509E-06  6.8649666902585560E+00  7.6177641532051282E-02  1.4423402835303553E-01  2.8712521355618412E-06
  2040   314.16000      0.0000000000000000E+00  5.3273610082164585E-06  6.9072561267975763E+00  6.7544510857259821E-02  1.5666495499898372E-01  2.9263587551588789E-06
  2060   317.24000      0.0000000000000000E+00  5.2953369747011904E-06  6.9429438142225539E+00  6.9710904935334189E-02  1.4715955137861006E-01  3.1959212458295617E-06
  2080   320.32000      0.0000000000000000E+00  4.9675039941662372E-06  6.9909117048959182E+00  7.4691270262588788E-02  1.4640858445336466E-01  2.8174623437918217E-06
  2100   323.40000      0.0000000000000000E+00  5.5660469737500703E-06  7.0636112101992774E+00  7.0532079049859364E-02  1.5344832421471141E-01  2.5500018104012706E-06
  2120   326.48000      0.0000000000000000E+00  5.4187804517936606E-06  7.1209446165702692E+00  7.3083075693472790E-02  1.4618174042809065E-01  3.0151401054448501E-06
  2140   329.56000      0.0000000000000000E+00  4.9370920321701101E-06  7.2061666341802333E+00  6.8151679271174381E-02  1.5023688368951318E-01  2.5105112158017167E-06
  2160   332.64000      0.0000000000000000E+00  5.4163611058559075E-06  7.2869993742491515E+00  6.0966851887507174E-02  1.5445548674498327E-01  2.8452053556143766E-06
  2180   335.72000      0.0000000000000000E+00  5.6295703440800644E-06  7.3579863171229922E+00  6.9763648382041868E-02  1.4850977471117591E-01  2.5988184572621084E-06
  2200   338.80000      0.0000000000000000E+00  5.3545424574066795E-06  7.4311710603985883E+00  5.9675314179128872E-02  1.6202674679384427E-01  2.6820219735312632E-06
  2220   341.88000      0.0000000000000000E+00  5.6825517318922043E-06  7.4912651009957987E+00  5.9725753395728734E-02  1.5715360849905630E-01  2.9407966959397939E-06
  2240   344.96000      0.0000000000000000E+00  5.0276968816889607E-06  7.5562018761090721E+00  6.1902921094959582E-02  1.5764351359275586E-01  2.6765689724151093E-06
  2260   348.04000      0.0000000000000000E+00  5.8327857342952151E-06  7.6228526009616218E+00  6.6158490901533348E-02  1.7030712361872866E-01  3.0236414211074075E-06
  2280   351.12000      0.0000000000000000E+00  5.7973665317156281E-06  7.6980553679325130E+00  7.1005421739019331E-02  1.5990212484931621E-01  2.4883984829598141E-06
  2300   354.20000      0.0000000000000000E+00  5.5278956731714275E-06  7.7770610740566513E+00  6.4239611442077793E-02  1.7019245212926670E-01  3.0858796369815691E-06
  2320   357.28000      0.0000000000000000E+00  5.3785192285107229E-06  7.8504573740275498E+00  7.0990662467872334E-02  1.7271816168893200E-01  2.9201045495699152E-06
  2340   360.36000      0.0000000000000000E+00  5.4339937748643578E-06  7.9372430286894611E+00  6.7163681210237386E-02  1.6666824541253328E-01  2.4824154817670695E-06
  2360   363.44000      0.0000000000000000E+00  5.5807971138919664E-06  8.0205944558366706E+00  6.2652898146496244E-02  1.8380954424859597E-01  3.2690125339759912E-06
  2380   366.52000      0.0000000000000000E+00  5.5682365706554195E-06  8.1065365581192204E+00  7.1780501950804307E-02  1.7921458325952094E-01  2.3112067763272427E-06
  2400   369.60000      0.0000000000000000E+00  5.3462447306523145E-06  8.2044851291501164E+00  6.3474653658826985E-02  1.7763972860281907E-01  2.8781443327633583E-06
  2420   372.68000      0.0000000000000000E+00  4.9924057959004094E-06  8.3041126749700016E+00  6.5249785400640498E-02  1.7639350934920317E-01  3.2060145289791782E-06
  2440   375.76000      0.0000000000000000E+00  5.5212721795682278E-06  8.4022908551958082E+00  7.1261609685265084E-02  1.8117401304658370E-01  2.0894967248904193E-06
  2460   378.84000      0.0000000000000000E+00  5.4103248035353976E-06  8.4950313015876020E+00  7.1651116396423145E-02  1.7560376976235326E-01  3.3928364278578233E-06
  2480   381.92000      0.0000000000000000E+00  5.5775734913572237E-06  8.5732902029392939E+00  7.9461182326509561E-02  1.7398836040327093E-01  2.2583596146441864E-06
  2500   385.00000      0.0000000000000000E+00  5.6152233159534999E-06  8.6519039162239135E+00  7.7060354364723860E-02  1.8777797604876822E-01  2.6041209284041417E-06
  2520   388.08000      0.0000000000000000E+00  5.4565766865765871E-06  8.7222947447659678E+00  7.1098159282096604E-02  1.7207675509706796E-01  3.2585745453817687E-06
  2540   391.16000      0.0000000000000000E+00  6.1158132319204760E-06  8.7865569218150590E+00  7.3224933164361114E-02  1.9399807665769447E-01  2.3354973712006060E-06
  2560   394.24000      0.0000000000000000E+00  5.2161244302886136E-06  8.8507171155743087E+00  6.9191328862024379E-02  1.9264643486742883E-01  3.3654601808239549E-06
  2580   397.32000      0.0000000000000000E+00  5.3461384404237427E-06  8.9064803167652666E+00  7.1873554739471573E-02  1.7680510414166697E-01  3.4256062573601737E-06
  2600   400.40000      0.0000000000000000E+00  5.6503417374549228E-06  8.9771927153459821E+00  7.2113089437730690E-02  2.0245621179984699E-01  2.7493666984370042E-06
  2620   403.48000      0.0000000000000000E+00  5.5933464510715052E-06  9.0471826165275484E+00  7.6850230228569877E-02  1.7343406530229241E-01  3.9961178751802879E-06
  2640   406.56000      0.0000000000000000E+00  5.8432909904361129E-06  9.1240544670642514E+00  8.2421168783145926E-02  1.8373613296587460E-01  2.8539840219178894E-06
  2660   409.64000      0.0000000000000000E+00  6.2446648902657778E-06  9.1813034061969727E+00  8.4024177826717769E-02  1.9946407686570369E-01  3.3769586017938271E-06
  2680   412.72000      0.0000000000000000E+00  5.6677387196824590E-06  9.2262353358429845E+00  8.1555600013359181E-02  1.7694274964086465E-01  3.6204453321527635E-06
  2700   415.80000      0.0000000000000000E+00  5.3687807204413293E-06  9.3006693294302600E+00  8.2517115616576514E-02  2.0556958281834131E-01  2.2441566069269979E-06
  2720   418.88000      0.0000000000000000E+00  6.0320565930943813E-06  9.3560456872165574E+00  8.9133777312577961E-02  1.9672464293015079E-01  3.4313514159579057E-06
  2740   421.96000      0.0000000000000000E+00  6.2486595530946637E-06  9.4170492204127871E+00  8.7163316618167758E-02  1.9064161972696475E-01  2.3943197925614044E-06
  2760   425.04000      0.0000000000000000E+00  6.0511189377455863E-06  9.4639537410764412E+00  8.5846079774447220E-02  2.1071791922488922E-01  2.9299574603168345E-06
  2780   428.12000      0.0000000000000000E+00  6.2473519260573670E-06  9.4890100589035793E+00  8.5287601503129876E-02  1.9419564356698416E-01  3.0262000145514246E-06
  2800   431.20000      0.0000000000000000E+00  6.1801997358646082E-06  9.5274447213588012E+00  8.0410669333945986E-02  2.0934987559540047E-01  2.5704306902211325E-06
  2820   434.28000      0.0000000000000000E+00  6.2347019884346090E-06  9.5441343219369230E+00  8.5208311330414441E-02  2.0810407436617770E-01  2.9802148491813005E-06
  2840   437.36000      0.0000000000000000E+00  6.5156091450205943E-06  9.5851485032105437E+00  8.6158171550893864E-02  1.9303131813881585E-01  2.0797940546801778E-06
  2860   440.44000      0.0000000000000000E+00  6.2535124454689679E-06  9.6264910231291587E+00  8.4686913700718319E-02  2.2220663523568479E-01  3.0238925447575516E-06
  2880   443.52000      0.0000000000000000E+00  6.6899727773187674E-06  9.6700891902256565E+00  8.9081985667815361E-02  2.1042558577331405E-01  2.4135853225891309E-06
  2900   446.60000      0.0000000000000000E+00  6.0795199485262869E-06  9.7296476494590909E+00  9.3552689975595613E-02  2.0883811642596073E-01  3.0201238764742401E-06
  2920   449.68000      0.0000000000000000E+00  6.4123022857065340E-06  9.7846222963760159E+00  1.0111135710102326E-01  2.2495370520868080E-01  3.0945376110678430E-06
  2940   452.76000      0.0000000000000000E+00  7.5800353075893356E-06  9.8694358236253290E+00  9.2323142747907358E-02  2.0863988462560487E-01  2.2039726401572672E-06
  2960   455.84000      0.0000000000000000E+00  6.3074214168235521E-06  9.9468989275427955E+00  9.3391633091026022E-02  2.2891900748617211E-01  3.4050155719484489E-06
  2980   458.92000      0.0000000000000000E+00  6.2637845697337367E-06  1.0033579727628961E+01  9.3654055127573466E-02  2.2051942357217874E-01  2.2832270237899475E-06
  3000   462.00000      0.0000000000000000E+00  6.9570791963487203E-06  1.0128823973120785E+01  8.3950306977794736E-02  2.1781741128490639E-01  3.0024119533208534E-06
  3020   465.08000      0.0000000000000000E+00  6.1335544167654949E-06  1.0204350639603359E+01  9.6217579036245227E-02  2.2811908656872368E-01  3.4655640720006586E-06
  3040   468.16000      0.0000000000000000E+00  6.6923168024491274E-06  1.0290109601370405E+01  8.9344556772062461E-02  2.1523815041770566E-01  2.2931649591730839E-06
  3060   471.24000      0.0000000000000000E+00  6.1833227153869908E-06  1.0347511304575409E+01  9.3623647296822696E-02  2.2845884354835178E-01  3.0231497733617770E-06
  3080   474.32000      0.0000000000000000E+00  6.0702047703243891E-06  1.0410820155860565E+01  9.1821680899003277E-02  2.2312998024472402E-01  2.9389107264995539E-06
  3100   477.40000      0.0000000000000000E+00  6.4916167338330682E-06  1.0460078469399761E+01  9.3183728544662739E-02  2.3234477358473823E-01  2.2249598362147329E-06
  3120   480.48000      0.0000000000000000E+00  5.9153132188288592E-06  1.0504832860832119E+01  9.5098015339859121E-02  2.3303953859768611E-01  3.6756240878398520E-06
  3140   483.56000      0.0000000000000000E+00  6.5636600527812455E-06  1.0568611073995060E+01  8.7384687886908910E-02  2.2483234218565420E-01  2.4678272403428252E-06
  3160   486.64000      0.0000000000000000E+00  6.2856325927636503E-06  1.0592896532010183E+01  1.0070498258984861E-01  2.3894340637086758E-01  2.5575690054173365E-06
  3180   489.72000      0.0000000000000000E+00  6.3112112811447668E-06  1.0636702863038092E+01  8.8922994311414122E-02  2.3697691595015236E-01  3.1313317799173707E-06
  3200   492.80000      0.0000000000000000E+00  6.2738668180708347E-06  1.0661843215884110E+01  9.4776159246813013E-02  2.4686478585708443E-01  1.9682175080135754E-06
  3220   495.88000      0.0000000000000000E+00  6.3962015736900883E-06  1.0736451863182824E+01  9.0627719603525086E-02  2.2793738856475687E-01  2.4827895549976381E-06
  3240   498.96000      0.0000000000000000E+00  6.5320874628213765E-06  1.0809371096247393E+01  9.0107796616208879E-02  2.3485167075342386E-01  3.3055030135883899E-06
  3260   502.04000      0.0000000000000000E+00  6.2222733348882197E-06  1.0865291610005857E+01  9.4431751650799728E-02  2.4609252245108754E-01  2.5588300076747258E-06
  3280   505.12000      0.0000000000000000E+00  7.1925579499130611E-06  1.0945486784581380E+01  8.9203434346991503E-02  2.3750308514780674E-01  3.6695720062949372E-06
  3300   508.20000      0.0000000000000000E+00  6.8663893622630319E-06  1.0999933016039185E+01  8.8202822094327768E-02  2.5631097887882337E-01  1.9066184233750062E-06
  3320   511.28000      0.0000000000000000E+00  7.1183074922979334E-06  1.1063739713947253E+01  8.4754511062440516E-02  2.4569706537304026E-01  3.9937590917959049E-06
  3340   514.36000      0.0000000000000000E+00  6.7254387099194760E-06  1.1153683735889310E+01  7.8024667592244329E-02  2.4756637821383276E-01  2.4363459674690710E-06
  3360   517.44000      0.0000000000000000E+00  6.5142097204640562E-06  1.1239633988981462E+01  7.9623840058846096E-02  2.5158446026794495E-01  3.4228256347010927E-06
  3380   520.52000      0.0000000000000000E+00  6.0623469392167825E-06  1.1318360286410066E+01  7.9919480497238696E-02  2.4339059321094531E-01  3.4239819653825352E-06
  3400   523.60000      0.0000000000000000E+00  6.3118788236034902E-06  1.1396323870990898E+01  7.8712122076993032E-02  2.5944662151164616E-01  2.5075985053908230E-06
  3420   526.68000      0.0000000000000000E+00  6.3788213468334660E-06  1.1487263204579083E+01  8.8304397957304284E-02  2.4722451973899218E-01  4.3236074791130104E-06
  3440   529.76000      0.0000000000000000E+00  6.7183821163000333E-06  1.1592514851637244E+01  8.8819101665426906E-02  2.5196465544925406E-01  2.5374087349672165E-06
  3460   532.84000      0.0000000000000000E+00  6.6541025420297153E-06  1.1675171994261504E+01  8.6248412243261602E-02  2.6628713173934804E-01  2.8269960447346595E-06
  3480   535.92000      0.0000000000000000E+00  6.5957345948915057E-06  1.1762858643284510E+01  8.8145276833748107E-02  2.4816991869166866E-01  3.9779923873213900E-06
  3500   539.00000      0.0000000000000000E+00  7.1984454347127128E-06  1.1845477840724463E+01  9.3235672172849643E-02  2.6178922706466939E-01  1.9751884468944015E-06
  3520   542.08000      0.0000000000000000E+00  6.3763115204595998E-06  1.1937066477945288E+01  9.9591484132949853E-02  2.6345664335241209E-01  3.5978150315318051E-06
  3540   545.16000      0.0000000000000000E+00  6.6795312930419248E-06  1.2028670491777911E+01  9.7824187178970276E-02  2.6537117188355025E-01  3.0972813652716600E-06
  3560   548.24000      0.0000000000000000E+00  6.8389706272700929E-06  1.2102025334151014E+01  1.0047137963475139E-01  2.6921409088540660E-01  2.3701996344787468E-06
  3580   551.32000      0.0000000000000000E+00  6.7417876026048274E-06  1.2172699289863756E+01  9.7482785457394042E-02  2.6309082951659118E-01  3.6539641830481041E-06
  3600   554.40000      0.0000000000000000E+00  6.7689826846093277E-06  1.2238871382707547E+01  1.0384498766933316E-01  2.7248318701489466E-01  3.3196489649618073E-06
  3620   557.48000      0.0000000000000000E+00  6.4497002855486609E-06  1.2312324406971310E+01  8.8625227224213676E-02  2.7331238824905080E-01  2.5334598429021106E-06
  3640   560.56000      0.0000000000000000E+00  6.8728979681150009E-06  1.2355161240599974E+01  1.0198936216872226E-01  2.8810992424765752E-01  4.5039854006639408E-06
  3660   563.64000      0.0000000000000000E+00  6.6967761189204918E-06  1.2397756374194751E+01  9.6350915357417799E-02  2.8838565054349946E-01  2.0427159879381195E-06
  3680   566.72000      0.0000000000000000E+00  6.8369075839955337E-06  1.2458775420163979E+01  9.0686914672699362E-02  2.8056335427478907E-01  3.7885072640036248E-06
  3700   569.80000      0.0000000000000000E+00  6.7391641938661732E-06  1.2520970914849878E+01  9.1497370630358676E-02  2.8635463034727893E-01  2.7586054388743250E-06
  3720   572.88000      0.0000000000000000E+00  7.2607648211734556E-06  1.2576349249013861E+01  8.4675687919383028E-02  2.8495195223832470E-01  2.0147411443480959E-06
  3740   575.96000      0.0000000000000000E+00  6.9534013878640264E-06  1.2634403627748622E+01  8.9187268302343539E-02  2.8074758822189616E-01  4.1004454323508684E-06
  3760   579.04000      0.0000000000000000E+00  7.1233581612235502E-06  1.2705324039521964E+01  9.3759008903899127E-02  2.8260029049554591E-01  1.9664921055572983E-06
  3780   582.12000      0.0000000000000000E+00  7.5925673551467089E-06  1.2777453098976515E+01  9.0756084926330999E-02  2.8433071941236182E-01  3.4485861089924896E-06
  3800   585.20000      0.0000000000000000E+00  7.4037477496431795E-06  1.2858332461143693E+01  9.7285777773102350E-02  2.9489572447364343E-01  2.9211216369242768E-06
  3820   588.28000      0.0000000000000000E+00  7.1869591363368861E-06  1.2933873310826677E+01  1.0025135294854373E-01  2.9421704596832232E-01  2.3264323973264981E-06
  3840   591.36000      0.0000000000000000E+00  7.2614125194251163E-06  1.3022288358199836E+01  9.5869615615508413E-02  2.8124718552170003E-01  3.6841513109220386E-06
  3860   594.44000      0.0000000000000000E+00  7.4679854924037838E-06  1.3109375429128288E+01  1.0230871443138692E-01  2.8489355884695067E-01  2.0653535871925730E-06
  3880   597.52000      0.0000000000000000E+00  7.1816354794199586E-06  1.3176392968890156E+01  1.0520472179908821E-01  2.6996609036761171E-01  3.3196497580414875E-06
  3900   600.60000      0.0000000000000000E+00  7.7375072575356115E-06  1.3225791423051735E+01  1.0864755897593241E-01  2.9548383885949248E-01  2.7573062344417686E-06
  3920   603.68000      0.0000000000000000E+00  8.0730093176403385E-06  1.3258736823583249E+01  1.0325559968915336E-01  3.0383242903248392E-01  2.4033806351182855E-06
  3940   606.76000      0.0000000000000000E+00  8.1009828806001294E-06  1.3283650553733128E+01  1.1063493820601371E-01  2.9277840969705254E-01  3.4935400923423947E-06
  3960   609.84000      0.0000000000000000E+00  8.0013963402523049E-06  1.3330795713944978E+01  1.0679999285588541E-01  3.0812315384420380E-01  2.2581365166233543E-06
  3980   612.92000      0.0000000000000000E+00  8.0827905594260365E-06  1.3387684214742785E+01  1.0639823720314398E-01  2.9545968583307891E-01  3.4554708584015260E-06
  4000   616.00000      0.0000000000000000E+00  8.3949197006781123E-06  1.3423669369238553E+01  1.1148991680592830E-01  3.0368038288834298E-01  3.5025793408974921E-06
  4020   619.08000      0.0000000000000000E+00  8.5182104762848999E-06  1.3493146880976310E+01  1.1352417624675074E-01  3.2028212726350103E-01  1.8441715305674724E-06
  4040   622.16000      0.0000000000000000E+00  7.7699568166693925E-06  1.3569176450614993E+01  1.0846434817110782E-01  3.0279242155617325E-01  4.0406661478551740E-06
  4060   625.24000      0.0000000000000000E+00  7.9559262126312574E-06  1.3635686644632436E+01  1.1233318621713792E-01  3.0571084919258235E-01  2.7084909428151942E-06
  4080   628.32000      0.0000000000000000E+00  8.3593149164293924E-06  1.3706933549191087E+01  1.0437463149241751E-01  3.0483485282411399E-01  2.3104061963438966E-06
  4100   631.40000      0.0000000000000000E+00  7.8031276118220389E-06  1.3776340309048861E+01  1.0768789666614884E-01  2.9303126404357377E-01  3.8106392623495975E-06
  4120   634.48000      0.0000000000000000E+00  8.1284738843482905E-06  1.3837965138975179E+01  1.0634290145452995E-01  3.0406088715669100E-01  2.0594070636286234E-06
  4140   637.56000      0.0000000000000000E+00  7.5357961945430204E-06  1.3887465160187894E+01  1.0543844744111221E-01  3.1502444538912699E-01  3.1100169730982087E-06
  4160   640.64000      0.0000000000000000E+00  8.2977839824241070E-06  1.3937478727314897E+01  1.0842718043895914E-01  2.9931410681319431E-01  3.6819056543743613E-06
  4180   643.72000      0.0000000000000000E+00  8.4659030535042875E-06  1.3985860720122471E+01  1.1584269971999328E-01  3.0878000577487180E-01  1.8423007571019267E-06
  4200   646.80000      0.0000000000000000E+00  8.5976941007525710E-06  1.4032714203080577E+01  1.1013266173986964E-01  3.2027823286505325E-01  3.5738570154194929E-06
  4220   649.88000      0.0000000000000000E+00  8.0865939389482894E-06  1.4093095010039624E+01  1.1120728568810440E-01  3.0995236955431332E-01  3.2847989828993654E-06
  4240   652.96000      0.0000000000000000E+00  8.3374261676763115E-06  1.4165696443354266E+01  1.1423671298063674E-01  3.2522785979570507E-01  2.3525809941581500E-06
  4260   656.04000      0.0000000000000000E+00  8.3003302420142481E-06  1.4229192572032209E+01  1.1268404626885989E-01  3.1110224964346467E-01  3.8101620558757411E-06
  4280   659.12000      0.0000000000000000E+00  8.6441289294106036E-06  1.4287094136193645E+01  1.1208147412553476E-01  3.0753654428340393E-01  2.5634191365711753E-06
  4300   662.20000      0.0000000000000000E+00  7.4649956947735397E-06  1.4349013825622801E+01  1.0198562863960482E-01  3.2752560277885595E-01  2.5790595646544624E-06
  4320   665.28000      0.0000000000000000E+00  8.3585997289417606E-06  1.4394320927344280E+01  1.0552758827670844E-01  3.0868299274282501E-01  3.3867930139045404E-06
  4340   668.36000      0.0000000000000000E+00  8.6276394479645366E-06  1.4444606567291121E+01  1.0831068194222311E-01  3.1699151581928625E-01  1.7043721949608730E-06
  4360   671.44000      0.0000000000000000E+00  8.6945747925449986E-06  1.4474543141776826E+01  1.0786499354179022E-01  3.3771026088352352E-01  3.4974590481817949E-06
  4380   674.52000      0.0000000000000000E+00  8.3672287316009947E-06  1.4492109604713479E+01  1.0771127722210933E-01  3.1576664261716336E-01  2.0639740277780569E-06
  4400   677.60000      0.0000000000000000E+00  8.1048574483995843E-06  1.4531268163164587E+01  1.0765605395095848E-01  3.2729536040380058E-01  2.7493415051301612E-06
  4420   680.68000      0.0000000000000000E+00  8.0508897558747136E-06  1.4583522842091980E+01  1.0379008415584462E-01  3.2936394637005323E-01  2.8132043384578284E-06
  4440   683.76000      0.0000000000000000E+00  8.4773040999607673E-06  1.4664616557336279E+01  1.0003500997691527E-01  3.0834798635747029E-01  1.7208484179283872E-06
  4460   686.84000      0.0000000000000000E+00  8.4003182852192079E-06  1.4756919447545467E+01  1.0621045026995955E-01  3.3891707769938517E-01  3.2441779621833565E-06
  4480   689.92000      0.0000000000000000E+00  8.0220408309564058E-06  1.4840926646252049E+01  1.0576295660737303E-01  3.1926736791153520E-01  2.0011435796242408E-06
  4500   693.00000      0.0000000000000000E+00  8.1472116187170296E-06  1.4929488764496632E+01  1.1195883991131234E-01  3.3142671411298846E-01  2.7256750034861017E-06
  4520   696.08000      0.0000000000000000E+00  8.7812519261196506E-06  1.5039996134257656E+01  1.0608061639543229E-01  3.4791205168621664E-01  2.6657583922994899E-06
  4540   699.16000      0.0000000000000000E+00  8.6768062489437856E-06  1.5152430718612852E+01  1.0869769060579175E-01  3.2991983258735635E-01  2.0568159081079387E-06
  4560   702.24000      0.0000000000000000E+00  8.0689505162975252E-06  1.5239385223686313E+01  1.1459693948281496E-01  3.5430643684439311E-01  3.5640297297033980E-06
  4580   705.32000      0.0000000000000000E+00  8.4267531470748912E-06  1.5323095279974089E+01  1.1161767093182452E-01  3.4288010807490638E-01  2.2913971571338447E-06
  4600   708.40000      0.0000000000000000E+00  8.9732587370390845E-06  1.5408350910997397E+01  1.1257610289701757E-01  3.3273041124756808E-01  2.2141967026159374E-06
  4620   711.48000      0.0000000000000000E+00  8.6024563541506322E-06  1.5478715050214596E+01  1.0988197526507286E-01  3.5197764797274994E-01  3.3513000092768268E-06
  4640   714.56000      0.0000000000000000E+00  8.5023965684793380E-06  1.5528001236088310E+01  1.1163675156761910E-01  3.4069312208957675E-01  1.7764033901432395E-06
  4660   717.64000      0.0000000000000000E+00  9.0222287757840167E-06  1.5579546149138658E+01  1.0761254464481940E-01  3.4761536472302057E-01  2.7295191990688517E-06
  4680   720.72000      0.0000000000000000E+00  8.5868139608955539E-06  1.5603477787025057E+01  9.9997933458969929E-02  3.5305197972665181E-01  3.0482899888998393E-06
  4700   723.80000      0.0000000000000000E+00  7.9537548094702454E-06  1.5659434361225395E+01  1.0151042910253767E-01  3.2975899935826342E-01  1.8828673236144902E-06
  4720   726.88000      0.0000000000000000E+00  8.8510083624455936E-06  1.5735390842999088E+01  1.1010563522061570E-01  3.4214749494788466E-01  3.1484983966701747E-06
  4740   729.96000      0.0000000000000000E+00  8.8487181609133238E-06  1.5800738811265298E+01  1.1156113305584237E-01  3.3634041675084980E-01  2.6146173306999917E-06
  4760   733.04000      0.0000000000000000E+00  9.4850137998433073E-06  1.5879049331353583E+01  1.1687549059827620E-01  3.2691997019088370E-01  1.8790862082872529E-06
  4780   736.12000      0.0000000000000000E+00  9.1311143758027889E-06  1.5943015315971207E+01  1.1286585866421225E-01  3.4839509069824681E-01  3.4744340917114825E-06
  4800   739.20000      0.0000000000000000E+00  8.9172613123842976E-06  1.5999234337276144E+01  1.1256809870368230E-01  3.2613359058777597E-01  2.1692333888875846E-06
  4820   742.28000      0.0000000000000000E+00  9.3923765686860058E-06  1.6066052110483756E+01  1.1235392563543849E-01  3.4340763404621061E-01  2.2413750981731957E-06
  4840   745.36000      0.0000000000000000E+00  8.9755401184341085E-06  1.6133712196772269E+01  1.0983062626587262E-01  3.6668013405157712E-01  3.4551945962186271E-06
  4860   748.44000      0.0000000000000000E+00  8.3526916224580661E-06  1.6202394724940984E+01  1.0494451040056210E-01  3.4012667663979068E-01  2.0129225594055259E-06
  4880   751.52000      0.0000000000000000E+00  8.4791498009164355E-06  1.6265101143810639E+01  1.1296649978760673E-01  3.7201049786770962E-01  3.5420460450984216E-06
  4900   754.60000      0.0000000000000000E+00  9.2917311169083134E-06  1.6339476187668208E+01  1.0712038493083015E-01  3.5858969369206600E-01  1.9896425017236680E-06
  4920   757.68000      0.0000000000000000E+00  9.2216318762581773E-06  1.6394044767272895E+01  1.1217206053592139E-01  3.5118440153066893E-01  3.0079058033037880E-06
  4940   760.76000      0.0000000000000000E+00  9.5169661264815304E-06  1.6467729131919651E+01  1.1263555233635551E-01  3.6749773001031022E-01  2.6472483957614624E-06
  4960   763.84000      0.0000000000000000E+00  9.1549169544470620E-06  1.6538191620190261E+01  1.0441765182141897E-01  3.5424098143340843E-01  2.1095417251595466E-06
  4980   766.92000      0.0000000000000000E+00  9.0169734787048355E-06  1.6603057451145474E+01  1.0370582414554243E-01  3.6987985578100935E-01  3.3684842078375830E-06
  5000   770.00000      0.0000000000000000E+00  9.1213325324552574E-06  1.6708264946260794E+01  1.0280408505313308E-01  3.6964392977803018E-01  1.9943455489879091E-06
  5020   773.08000      0.0000000000000000E+00  8.2101014812566655E-06  1.6814830229603658E+01  1.1015432395474060E-01  3.7146903440813250E-01  2.9055609332388343E-06
  5040   776.16000      0.0000000000000000E+00  9.2177656187842319E-06  1.6940630772590307E+01  1.0766778744632136E-01  3.8647947051340281E-01  3.3315346065523165E-06
  5060   779.24000      0.0000000000000000E+00  9.8429407271271086E-06  1.7042555710072765E+01  1.0901332721556604E-01  3.9295187350481997E-01  1.6384273439084175E-06
  5080   782.32000      0.0000000000000000E+00  9.0533458676416535E-06  1.7125371969330171E+01  1.1367179268053854E-01  3.9000452279327191E-01  3.6707733349797525E-06
  5100   785.40000      0.0000000000000000E+00  9.6145019263745034E-06  1.7204513402481069E+01  1.0799225555874849E-01  3.8138055681225735E-01  2.2705673313100235E-06
  5120   788.48000      0.0000000000000000E+00  9.5180479609275414E-06  1.7222097395632883E+01  1.1678048507580542E-01  3.9409262479600915E-01  2.3375285537567856E-06
  5140   791.56000      0.0000000000000000E+00  8.6657143357394105E-06  1.7269316109069834E+01  1.1901099587411298E-01  3.8007924743410942E-01  3.4748569004243448E-06
  5160   794.64000      0.0000000000000000E+00  8.7236974427133380E-06  1.7314192700100023E+01  1.2142763154552207E-01  3.8961151488395879E-01  1.7951579572553165E-06
  5180   797.72000      0.0000000000000000E+00  9.3568067128322079E-06  1.7338200993420958E+01  1.1815982282041101E-01  3.9118961708767153E-01  3.5853523839314480E-06
  5200   800.80000      0.0000000000000000E+00  9.6191135471364122E-06  1.7392065196344326E+01  1.1267528925030897E-01  3.8472085738355094E-01  2.8317127713230950E-06
  5220   803.88000      0.0000000000000000E+00  9.0828109415198600E-06  1.7437806195019448E+01  1.1664661411840371E-01  3.8625435933168945E-01  1.7270225994294678E-06
  5240   806.96000      0.0000000000000000E+00  9.2026781253967521E-06  1.7498219419849551E+01  1.2059651638248020E-01  3.6478716081337337E-01  3.5631360078601752E-06
  5260   810.04000      0.0000000000000000E+00  9.7756358276835968E-06  1.7572744899985928E+01  1.2838685759761190E-01  3.7742821573446278E-01  2.1674733297145338E-06
  5280   813.12000      0.0000000000000000E+00  9.3824231506578893E-06  1.7643260405196450E+01  1.2392582186873709E-01  3.7947655123997753E-01  2.1866638385711341E-06
  5300   816.20000      0.0000000000000000E+00  9.4244738806995495E-06  1.7710156746715384E+01  1.2405185247600892E-01  3.5958250318044738E-01  3.4138925382194839E-06
  5320   819.28000      0.0000000000000000E+00  9.2429740950065747E-06  1.7748829198597782E+01  1.2456781505233028E-01  3.8855176445386197E-01  1.8841959463580122E-06
  5340   822.36000      0.0000000000000000E+00  1.0034355907678397E-05  1.7814773453461594E+01  1.1690820482767900E-01  3.8692056539431130E-01  2.8778082960898848E-06
  5360   825.44000      0.0000000000000000E+00  9.6098920451786358E-06  1.7861325654087636E+01  1.1471913995154776E-01  4.0050110099538827E-01  2.7879272529169760E-06
  5380   828.52000      0.0000000000000000E+00  9.5650451906558260E-06  1.7904019344328198E+01  1.1522628896630935E-01  4.0624138455123221E-01  2.2966547031688807E-06
  5400   831.60000      0.0000000000000000E+00  9.7924178720852234E-06  1.7944524765169575E+01  1.1754715614496211E-01  3.8485318835676052E-01  3.7507357512550206E-06
  5420   834.68000      0.0000000000000000E+00  1.0144722277184517E-05  1.7988144698651993E+01  1.1509329898798189E-01  3.9934629498015134E-01  1.6691991574915911E-06
  5440   837.76000      0.0000000000000000E+00  9.6926552136795462E-06  1.8061686354754759E+01  1.1311805599366720E-01  3.9448384026477884E-01  3.3813812411067100E-06
  5460   840.84000      0.0000000000000000E+00  9.5419089104906798E-06  1.8133304320837720E+01  1.1938737157255831E-01  4.1345566965070385E-01  2.2540489934334726E-06
  5480   843.92000      0.0000000000000000E+00  9.7188308549413648E-06  1.8220618608575560E+01  1.1606268706230599E-01  4.1307483435797698E-01  2.4798116358296335E-06
  5500   847.00000      0.0000000000000000E+00  9.6307068556529412E-06  1.8320887641563083E+01  1.1219418654996648E-01  4.0235884279257073E-01  3.4219012372851853E-06
  5520   850.08000      0.0000000000000000E+00  1.0260696906592178E-05  1.8374135044798575E+01  1.1456844860260834E-01  4.1637282843913292E-01  1.4695166154630218E-06
  5540   853.16000      0.0000000000000000E+00  9.6779021669721826E-06  1.8428785986647153E+01  1.1030626370963334E-01  3.9399643861347200E-01  3.6824244192908311E-06
  5560   856.24000      0.0000000000000000E+00  1.0140491551761671E-05  1.8472438292371972E+01  1.1306072575117493E-01  4.1758040310717359E-01  2.1177324743870681E-06
  5580   859.32000      0.0000000000000000E+00  9.9049068422077906E-06  1.8516173579311722E+01  1.1304724366272460E-01  4.3090377488662313E-01  2.3313327713450397E-06
  5600   862.40000      0.0000000000000000E+00  9.5175925806119389E-06  1.8583710506473881E+01  1.0717012689005449E-01  4.1352070962968512E-01  3.2315813430713628E-06
  5620   865.48000      0.0000000000000000E+00  9.8280377413797691E-06  1.8653516854043453E+01  1.1538185834337784E-01  4.4199651714969707E-01  1.6304534906411757E-06
  5640   868.56000      0.0000000000000000E+00  9.3695239897746094E-06  1.8745306257382332E+01  1.1065775413983071E-01  4.2102654892557295E-01  3.2607060470172930E-06
  5660   871.64000      0.0000000000000000E+00  9.9616979100921632E-06  1.8820037944281157E+01  1.1533411621821291E-01  4.1606978272024758E-01  2.6593678024401922E-06
  5680   874.72000      0.0000000000000000E+00  9.7872673492777187E-06  1.8904313619667011E+01  1.1580188209151654E-01  4.3130160085573888E-01  1.9062821610308498E-06
  5700   877.80000      0.0000000000000000E+00  9.9838675616193842E-06  1.8972734729505667E+01  1.2100044266295196E-01  4.0635079664789470E-01  3.9303109393917149E-06
  5720   880.88000      0.0000000000000000E+00  1.0276835432532945E-05  1.9029428107014414E+01  1.1705763163055102E-01  4.2770323100132684E-01  2.0261853369866565E-06
  5740   883.96000      0.0000000000000000E+00  1.0305129694824738E-05  1.9095155453163759E+01  1.1684316779885390E-01  4.2167947648382303E-01  2.8032583552339689E-06
  5760   887.04000      0.0000000000000000E+00  1.0275724406806529E-05  1.9151867604927642E+01  1.1804661583446679E-01  4.2059334745056132E-01  3.4455067546930297E-06
  5780   890.12000      0.0000000000000000E+00  1.0400419905470106E-05  1.9199797104703084E+01  1.1774819442054754E-01  4.4079913081532912E-01  1.8222851068229521E-06
  5800   893.20000      0.0000000000000000E+00  9.6129014584757698E-06  1.9256009148805401E+01  1.0982197703485742E-01  4.2744036817681053E-01  3.7364647840722501E-06
  5820   896.28000      0.0000000000000000E+00  1.0235549332127068E-05  1.9302453363845913E+01  1.1382448934597901E-01  4.4573019626917021E-01  2.8938297149392165E-06
  5840   899.36000      0.0000000000000000E+00  9.9111204593866930E-06  1.9367225245339409E+01  1.0991819754891231E-01  4.4124740128581019E-01  1.8851444133935957E-06
  5860   902.44000      0.0000000000000000E+00  9.6704848294139059E-06  1.9422386734899980E+01  1.0138107674550388E-01  4.4050255039992969E-01  4.2219914562878632E-06
  5880   905.52000      0.0000000000000000E+00  1.0597899307303856E-05  1.9496477229444469E+01  1.0542667153602760E-01  4.4001406210282423E-01  1.4921265268795920E-06
  5900   908.60000      0.0000000000000000E+00  1.0266264540804580E-05  1.9574206308181093E+01  1.0958776817237686E-01  4.1975894393605856E-01  3.3124871322362252E-06
  5920   911.68000      0.0000000000000000E+00  9.6654039430720099E-06  1.9649408579128721E+01  1.1129860396084340E-01  4.3061738348464501E-01  2.8104645134882331E-06
  5940   914.76000      0.0000000000000000E+00  1.0062124885779079E-05  1.9735420261648919E+01  1.1451324438078629E-01  4.3234451873839197E-01  1.9274316717387573E-06
  5960   917.84000      0.0000000000000000E+00  9.6856502397327376E-06  1.9814929241792232E+01  1.1222447838342842E-01  4.3275571013864506E-01  3.6916338426713610E-06
  5980   920.92000      0.0000000000000000E+00  9.9080869313606329E-06  1.9884992044183747E+01  1.1294918838586429E-01  4.3870113987136872E-01  1.5166303217796947E-06
  6000   924.00000      0.0000000000000000E+00  9.9669526319283848E-06  1.9955167367907972E+01  1.1918250101612392E-01  4.3126703744332240E-01  3.3540266410577549E-06
  6020   927.08000      0.0000000000000000E+00  9.7417185547248023E-06  2.0016723526060694E+01  1.1280648760632628E-01  4.3541201229074911E-01  2.4713174646682465E-06
  6040   930.16000      0.0000000000000000E+00  9.2784202786089337E-06  2.0084239835695445E+01  1.1624008518503090E-01  4.4893693575827620E-01  1.9545692079396366E-06
  6060   933.24000      0.0000000000000000E+00  9.6895948692134060E-06  2.0153084333940608E+01  1.1404645345605904E-01  4.4884192644277038E-01  3.8839308905995573E-06
  6080   936.32000      0.0000000000000000E+00  9.7186546208691159E-06  2.0243722695193981E+01  1.1639376889899128E-01  4.4305246274045540E-01  1.4569075809960133E-06
  6100   939.40000      0.0000000000000000E+00  1.0212106265784177E-05  2.0350103209499832E+01  1.1444791120098854E-01  4.5185402425899823E-01  3.1293540230717973E-06
  6120   942.48000      0.0000000000000000E+00  1.0304512369342351E-05  2.0438846651829067E+01  1.1073256737523604E-01  4.4766595608424709E-01  3.0102399220170073E-06
  6140   945.56000      0.0000000000000000E+00  1.0060934721361844E-05  2.0527493613247017E+01  1.0783675551412761E-01  4.5773070957814110E-01  1.9611536323806379E-06
  6160   948.64000      0.0000000000000000E+00  9.9830722573171247E-06  2.0591101975493551E+01  1.1501429385783835E-01  4.5853163515616813E-01  3.8603735381914750E-06
  6180   951.72000      0.0000000000000000E+00  1.0863551221536166E-05  2.0649777205345792E+01  1.1116514823766342E-01  4.4202311977626529E-01  2.1778704707197325E-06
  6200   954.80000      0.0000000000000000E+00  1.1147797727017888E-05  2.0706558484868086E+01  1.1929501601172822E-01  4.7337177517389978E-01  2.7261470786966498E-06
  6220   957.88000      0.0000000000000000E+00  1.1320997487079490E-05  2.0773287088365876E+01  1.1797135140845019E-01  4.6116714925335467E-01  3.5145129315936375E-06
  6240   960.96000      0.0000000000000000E+00  1.1055212870307417E-05  2.0819308335103180E+01  1.1252748781562162E-01  4.5937297653440967E-01  1.8093045614798142E-06
  6260   964.04000      0.0000000000000000E+00  1.0953638458328855E-05  2.0889465781479295E+01  1.1789619376863600E-01  4.8101057925859281E-01  3.5488106194376834E-06
  6280   967.12000      0.0000000000000000E+00  1.1075544898261771E-05  2.0966979216766291E+01  1.1989678635609811E-01  4.4449877871622279E-01  2.4871805577046943E-06
  6300   970.20000      0.0000000000000000E+00  1.1346160730291625E-05  2.1041486172664186E+01  1.2260085760533972E-01  4.6108385437410015E-01  2.4150214011698655E-06
  6320   973.28000      0.0000000000000000E+00  1.1801670132436411E-05  2.1118994723284143E+01  1.1688874444327080E-01  4.7227737284889043E-01  3.7873432110546627E-06
  6340   976.36000      0.0000000000000000E+00  1.1736514284212551E-05  2.1196998201093770E+01  1.2045814600560334E-01  4.4522296129966304E-01  1.6064690203250331E-06
  6360   979.44000      0.0000000000000000E+00  1.1795974037535075E-05  2.1266763234988872E+01  1.2188193623986929E-01  4.6399984550476814E-01  3.9234292948367755E-06
  6380   982.52000      0.0000000000000000E+00  1.1171654510566320E-05  2.1322646148190056E+01  1.2018757111737793E-01  4.6005491360423040E-01  2.8713596625349442E-06
  6400   985.60000      0.0000000000000000E+00  1.1327237700767030E-05  2.1389937333714620E+01  1.1935853648323630E-01  4.4671865219612833E-01  1.9666958057773396E-06
  6420   988.68000      0.0000000000000000E+00  1.1190260314670310E-05  2.1454929108200034E+01  1.2286948282239643E-01  4.7538749141719322E-01  4.0495456534213543E-06
  6440   991.76000      0.0000000000000000E+00  1.1868828331322772E-05  2.1508771226034131E+01  1.2247680426070714E-01  4.5789039225403372E-01  2.0060959543560826E-06
  6460   994.84000      0.0000000000000000E+00  1.2192020791371071E-05  2.1564382279137895E+01  1.1963727262417728E-01  4.5651157598166092E-01  2.5767915802127929E-06
  6480   997.92000      0.0000000000000000E+00  1.1461352459257778E-05  2.1615598865601100E+01  1.2020810127552500E-01  4.7321640662037523E-01  3.5579318381956671E-06
  6500   1001.0000      0.0000000000000000E+00  1.1216811292865928E-05  2.1673728414281705E+01  1.1568390121165406E-01  4.5443761868352911E-01  1.8219191724076799E-06
  6520   1004.0800      0.0000000000000000E+00  1.0930640612212669E-05  2.1739977644454957E+01  1.1584985580736333E-01  4.6579347487143019E-01  3.4313755042131456E-06
  6540   1007.1600      0.0000000000000000E+00  1.1276288075279668E-05  2.1809743463475606E+01  1.1801397486258816E-01  4.6472263856422386E-01  2.6697950670561323E-06
  6560   1010.2400      0.0000000000000000E+00  1.1072433523499416E-05  2.1879106893899877E+01  1.1698469102326144E-01  4.5392402522234943E-01  2.1823171871200136E-06
  6580   1013.3200      0.0000000000000000E+00  1.0942378604788929E-05  2.1939821153360704E+01  1.1960975959804465E-01  4.7573510643633521E-01  4.0201262462102365E-06
  6600   1016.4000      0.0000000000000000E+00  1.0959144269253087E-05  2.2001618406396108E+01  1.2209133917274687E-01  4.6074984763632931E-01  1.5253051859403941E-06
  6620   1019.4800      0.0000000000000000E+00  1.1170045176158716E-05  2.2051651317145968E+01  1.1808192703626937E-01  4.6820611146163760E-01  3.6938812773973305E-06
  6640   1022.5600      0.0000000000000000E+00  1.1404727885656264E-05  2.2089940809146363E+01  1.1654292966002398E-01  4.8534919359424278E-01  2.8306887198781759E-06
  6660   1025.6400      0.0000000000000000E+00  1.1471366482141310E-05  2.2134478987422895E+01  1.2168928793734501E-01  4.6553021802171235E-01  2.5125848138169524E-06
  6680   1028.7200      0.0000000000000000E+00  1.1343287997734886E-05  2.2186396095092103E+01  1.1929657966038912E-01  4.8016639976330389E-01  3.9601532173760604E-06
  6700   1031.8000      0.0000000000000000E+00  1.1891484374555143E-05  2.2247223746031967E+01  1.2051459929795269E-01  4.7816209522535119E-01  1.5893596761820568E-06
  6720   1034.8800      0.0000000000000000E+00  1.2393187685276105E-05  2.2316750571940879E+01  1.2414505797955511E-01  4.7933981163237538E-01  3.9403154757394112E-06
  6740   1037.9600      0.0000000000000000E+00  1.2204521604280122E-05  2.2378802860131223E+01  1.1666107369173703E-01  4.8837468145422219E-01  2.5887012576241583E-06
  6760   1041.0400      0.0000000000000000E+00  1.2299537184892342E-05  2.2452387495187946E+01  1.1772853887514573E-01  4.8600520799033819E-01  2.5047615945154123E-06
  6780   1044.1200      0.0000000000000000E+00  1.2429686941738633E-05  2.2530308380376777E+01  1.1758933076509631E-01  5.0981690063680929E-01  4.0297532778043092E-06
  6800   1047.2000      0.0000000000000000E+00  1.2870930456332439E-05  2.2601132235786793E+01  1.2635453014815692E-01  5.0298321200670559E-01  1.6134894827822947E-06
  6820   1050.2800      0.0000000000000000E+00  1.1563582794583894E-05  2.2664701036225651E+01  1.2605669694465338E-01  5.0077086760431500E-01  3.5352996041545857E-06
  6840   1053.3600      0.0000000000000000E+00  1.1450740460004874E-05  2.2731829479339858E+01  1.2142583794396936E-01  5.2068710207535274E-01  2.7706677155914220E-06
  6860   1056.4400      0.0000000000000000E+00  1.1698888871170460E-05  2.2806077036532283E+01  1.2053351671856682E-01  4.9536178791525659E-01  1.7824967164446684E-06
  6880   1059.5200      0.0000000000000000E+00  1.2787668904204797E-05  2.2869162418685875E+01  1.2090996091908060E-01  5.1338448782601687E-01  3.8002193728924771E-06
  6900   1062.6000      0.0000000000000000E+00  1.1917988475210814E-05  2.2938861737072745E+01  1.3054924330374187E-01  5.2086955836314741E-01  2.1131491671413739E-06
  6920   1065.6800      0.0000000000000000E+00  1.1614403941930439E-05  2.2999459944503215E+01  1.2555309617200283E-01  4.9585640622921756E-01  1.9954017809895260E-06
  6940   1068.7600      0.0000000000000000E+00  1.1727389662720025E-05  2.3045622660304748E+01  1.2030096909424570E-01  5.2716941347416668E-01  3.7196290494759175E-06
  6960   1071.8400      0.0000000000000000E+00  1.1317011692587001E-05  2.3111503707050183E+01  1.1937837590545730E-01  5.0727081673429297E-01  1.4991920756354015E-06
  6980   1074.9200      0.0000000000000000E+00  1.1161390878873674E-05  2.3174336863132364E+01  1.2355403282149700E-01  4.9272466748207300E-01  2.9528628151775911E-06
  7000   1078.0000      0.0000000000000000E+00  1.1427642685359339E-05  2.3251803317283347E+01  1.1943208456351595E-01  5.0734002088349750E-01  2.2554561281011348E-06
  7020   1081.0800      0.0000000000000000E+00  1.1114928621882428E-05  2.3307488258343181E+01  1.1479947831265049E-01  4.9981170751627385E-01  2.1290303525521048E-06
  7040   1084.1600      0.0000000000000000E+00  1.1298459606590094E-05  2.3367277830492576E+01  1.1883064040389274E-01  5.0613009312175994E-01  3.1415890013994497E-06
  7060   1087.2400      0.0000000000000000E+00  1.1645568851182755E-05  2.3444719490765454E+01  1.1664186634801800E-01  5.0948568083242840E-01  1.2913746206836596E-06
  7080   1090.3200      0.0000000000000000E+00  1.1448496260947808E-05  2.3495024123677737E+01  1.1569885138456831E-01  5.1518213554244707E-01  3.1266770800660160E-06
  7100   1093.4000      0.0000000000000000E+00  1.1355864795905829E-05  2.3565156667203627E+01  1.1242842649681922E-01  5.1125160654617552E-01  2.2455957780389494E-06
  7120   1096.4800      0.0000000000000000E+00  1.0984743856996604E-05  2.3643411959666601E+01  1.0949113735688015E-01  5.0996146391308350E-01  1.8968020415161280E-06
  7140   1099.5600      0.0000000000000000E+00  1.1249100358727022E-05  2.3702048078550760E+01  1.2235743694165005E-01  5.0699390865999716E-01  3.2591768186070131E-06
  7160   1102.6400      0.0000000000000000E+00  1.2106845400369273E-05  2.3778916834090090E+01  1.2299743358741067E-01  4.9219174595221749E-01  1.5473955981615037E-06
  7180   1105.7200      0.0000000000000000E+00  1.1862399428604215E-05  2.3853228246965408E+01  1.1598281048394057E-01  5.0386158548896565E-01  2.6356293477037299E-06
  7200   1108.8000      0.0000000000000000E+00  1.2216036217307049E-05  2.3920349613392720E+01  1.1617827800479895E-01  4.9886322782522541E-01  2.3042327576151196E-06
  7220   1111.8800      0.0000000000000000E+00  1.1963295340307552E-05  2.4004801860252268E+01  1.2091740588011710E-01  5.0396151573283354E-01  1.6717702605978900E-06
  7240   1114.9600      0.0000000000000000E+00  1.1590994080393550E-05  2.4086935592830425E+01  1.1578201119803345E-01  5.1505859153128464E-01  3.1159184259416376E-06
  7260   1118.0400      0.0000000000000000E+00  1.2299645436544169E-05  2.4147740248330365E+01  1.1614620607743202E-01  5.0904853917703119E-01  1.7067155185131354E-06
  7280   1121.1200      0.0000000000000000E+00  1.1515420096723722E-05  2.4219926396374525E+01  1.2094973393688306E-01  5.1911824260239392E-01  2.0649346939871435E-06
  7300   1124.2000      0.0000000000000000E+00  1.1438496768646353E-05  2.4302561307410208E+01  1.1948661051279941E-01  5.1874540310824779E-01  3.1761697001039123E-06
  7320   1127.2800      0.0000000000000000E+00  1.2468444129705596E-05  2.4367648120007583E+01  1.2113557213712418E-01  5.2902256586195673E-01  1.3006700518224588E-06
  7340   1130.3600      0.0000000000000000E+00  1.2389089293633752E-05  2.4432827154546022E+01  1.1578073074030955E-01  5.3168794630076510E-01  2.7618669479842864E-06
  7360   1133.4400      0.0000000000000000E+00  1.2320794871365228E-05  2.4516439810180088E+01  1.1173539229363363E-01  5.3454717434087495E-01  2.2182323743235345E-06
  7380   1136.5200      0.0000000000000000E+00  1.1777610266337262E-05  2.4575166900583611E+01  1.1528760069144023E-01  5.3392211881679175E-01  1.5860486427185016E-06
  7400   1139.6000      0.0000000000000000E+00  1.1465510930338432E-05  2.4629133173072351E+01  1.1683800634824611E-01  5.1868259248818649E-01  2.8699474304691476E-06
  7420   1142.6800      0.0000000000000000E+00  1.1033759904874637E-05  2.4685466330143470E+01  1.1694351456519458E-01  5.3931029635743855E-01  1.7117058720293634E-06
  7440   1145.7600      0.0000000000000000E+00  1.0932034440349762E-05  2.4741065171234133E+01  1.1760199823203404E-01  5.3491180213010203E-01  2.1837953503032459E-06
  7460   1148.8400      0.0000000000000000E+00  1.1697779384350101E-05  2.4795379147217798E+01  1.1804365175149042E-01  5.3226041011926606E-01  2.4475789561532507E-06
  7480   1151.9200      0.0000000000000000E+00  1.2123183465251880E-05  2.4841179520378631E+01  1.1740264662065665E-01  5.5696142356258538E-01  1.6511904594839256E-06
  7500   1155.0000      0.0000000000000000E+00  1.2269053933076135E-05  2.4878291711140559E+01  1.1402587227538284E-01  5.2865364068850584E-01  2.9158970268521621E-06
  7520   1158.0800      0.0000000000000000E+00  1.1177485518734928E-05  2.4908660782766205E+01  1.1705593745029372E-01  5.3553411606768042E-01  1.7142638898093989E-06
  7540   1161.1600      0.0000000000000000E+00  1.0867954201708929E-05  2.4916438610777107E+01  1.1908769488668822E-01  5.2905819177417668E-01  2.4554256865055250E-06
  7560   1164.2400      0.0000000000000000E+00  1.0974156685061576E-05  2.4929427712459894E+01  1.2147615809344076E-01  5.1675029104405257E-01  2.3347785591879235E-06
  7580   1167.3200      0.0000000000000000E+00  1.1404900107034536E-05  2.4931685605379357E+01  1.2571568484119738E-01  5.5195033478029365E-01  1.5231787786876893E-06
  7600   1170.4000      0.0000000000000000E+00  1.2018577803238597E-05  2.4934479027770337E+01  1.2701451404261105E-01  5.3449763199702693E-01  2.6897179283604228E-06
  7620   1173.4800      0.0000000000000000E+00  1.2020286701378687E-05  2.4930067425072547E+01  1.2068520203122413E-01  5.3653133733845704E-01  1.4709646257244936E-06
  7640   1176.5600      0.0000000000000000E+00  1.2102582603258578E-05  2.4894676180266035E+01  1.1823747596147666E-01  5.4691192111328346E-01  2.2436933464407049E-06
  7660   1179.6400      0.0000000000000000E+00  1.1893603183105945E-05  2.4869324990744786E+01  1.1612846553041338E-01  5.2254785715416507E-01  2.1551327952644365E-06
  7680   1182.7200      0.0000000000000000E+00  1.1612324025276535E-05  2.4855173982062126E+01  1.1341251788867071E-01  5.5225066315725790E-01  1.8027469968037419E-06
  7700   1185.8000      0.0000000000000000E+00  1.2125404453670220E-05  2.4853045628730609E+01  1.0532421633696958E-01  5.4153997092825179E-01  2.3802672056976060E-06
  7720   1188.8800      0.0000000000000000E+00  1.2246810162981538E-05  2.4860694902795665E+01  9.8235540799475440E-02  5.3293097568504222E-01  1.9769458536962542E-06
  7740   1191.9600      0.0000000000000000E+00  1.2090530991220771E-05  2.4878404707272949E+01  9.5870664716661433E-02  5.5377313476642720E-01  1.7119707339444507E-06
  7760   1195.0400      0.0000000000000000E+00  1.2321524243819850E-05  2.4896680801604095E+01  9.7521060087645897E-02  5.1873151881962731E-01  2.5066488105717334E-06
  7780   1198.1200      0.0000000000000000E+00  1.2628154318206846E-05  2.4898762138141439E+01  9.6225923139457922E-02  5.2211596152917661E-01  1.6589907155704473E-06
