! Kinetic energy for species "ions"
  Iter        Time          Total Par.             Kin. Energy
     0   0.0000000             997839  3.2361374925988088E+01
    20   3.0800000            1001705  3.2524591410892583E+01
    40   6.1600000            1005571  3.2613286228599470E+01
    60   9.2400000            1009436  3.2773325455635458E+01
    80   12.320000            1013302  3.2875318366425184E+01
   100   15.400000            1017168  3.3005905230322526E+01
   120   18.480000            1021034  3.3153187165917537E+01
   140   21.560000            1024900  3.3237580417141068E+01
   160   24.640000            1028766  3.3442738406243116E+01
   180   27.720000            1032631  3.3491727926343486E+01
   200   30.800000            1036497  3.3667981727168453E+01
   220   33.880000            1040363  3.3728932966711966E+01
   240   36.960000            1044229  3.3810508698241058E+01
   260   40.040000            1048095  3.3937980840613442E+01
   280   43.120000            1051961  3.3937080903659613E+01
   300   46.200000            1055826  3.4103185481542951E+01
   320   49.280000            1059692  3.4084130565888813E+01
   340   52.360000            1063558  3.4177551004389272E+01
   360   55.440000            1067424  3.4204537692609627E+01
   380   58.520000            1071290  3.4204974683192162E+01
   400   61.600000            1075156  3.4302821782821148E+01
   420   64.680000            1079022  3.4265851718410644E+01
   440   67.760000            1082887  3.4391242500760505E+01
   460   70.840000            1086753  3.4378469505615534E+01
   480   73.920000            1090619  3.4448223365615782E+01
   500   77.000000            1094485  3.4508726959680331E+01
   520   80.080000            1098351  3.4506714375789031E+01
   540   83.160000            1102217  3.4548781667152227E+01
   560   86.240000            1106082  3.4451893998104083E+01
   580   89.320000            1109948  3.4460609951490333E+01
   600   92.400000            1113814  3.4439897517944203E+01
   620   95.480000            1117680  3.4511622505536131E+01
   640   98.560000            1121546  3.4588072415586751E+01
   660   101.64000            1125412  3.4664672328641217E+01
   680   104.72000            1129277  3.4768776447615323E+01
   700   107.80000            1133143  3.4827020298061420E+01
   720   110.88000            1137009  3.4951366910396601E+01
   740   113.96000            1140875  3.5017179697755310E+01
   760   117.04000            1144741  3.5182341188817823E+01
   780   120.12000            1148607  3.5278842446932003E+01
   800   123.20000            1152472  3.5421921683827499E+01
   820   126.28000            1156338  3.5546515461873881E+01
   840   129.36000            1160204  3.5636598857267828E+01
   860   132.44000            1164070  3.5798613599098644E+01
   880   135.52000            1167936  3.5829210510292974E+01
   900   138.60000            1171802  3.5970917064249420E+01
   920   141.68000            1175668  3.5993034232632851E+01
   940   144.76000            1179533  3.6069995665108294E+01
   960   147.84000            1183399  3.6154352585852145E+01
   980   150.92000            1187265  3.6156849065536711E+01
  1000   154.00000            1191131  3.6277341563046654E+01
  1020   157.08000            1194997  3.6269621934703487E+01
  1040   160.16000            1198863  3.6408571148376019E+01
  1060   163.24000            1202728  3.6473000613017561E+01
  1080   166.32000            1206594  3.6566961502129189E+01
  1100   169.40000            1210460  3.6706224842740546E+01
  1120   172.48000            1214326  3.6724784592790165E+01
  1140   175.56000            1218192  3.6847032055903810E+01
  1160   178.64000            1222058  3.6838414530714360E+01
  1180   181.72000            1225923  3.6916503408223299E+01
  1200   184.80000            1229789  3.6953362049494075E+01
  1220   187.88000            1233655  3.6985041245455946E+01
  1240   190.96000            1237521  3.7062363554848297E+01
  1260   194.04000            1241387  3.7060160738935757E+01
  1280   197.12000            1245253  3.7140465779114173E+01
  1300   200.20000            1249119  3.7169122856740493E+01
  1320   203.28000            1252984  3.7262664618160770E+01
  1340   206.36000            1256850  3.7320854975718980E+01
  1360   209.44000            1260716  3.7384361378147176E+01
  1380   212.52000            1264582  3.7428701133134780E+01
  1400   215.60000            1268448  3.7437580923738281E+01
  1420   218.68000            1272314  3.7494779085784195E+01
  1440   221.76000            1276179  3.7500752549101954E+01
  1460   224.84000            1280045  3.7583840906145909E+01
  1480   227.92000            1283911  3.7591262705225304E+01
  1500   231.00000            1287777  3.7668990654167331E+01
  1520   234.08000            1291643  3.7725528447045825E+01
  1540   237.16000            1295509  3.7785012754177345E+01
  1560   240.24000            1299374  3.7893955087559306E+01
  1580   243.32000            1303240  3.7913834503025072E+01
  1600   246.40000            1307106  3.8043322693400377E+01
  1620   249.48000            1310972  3.8075255092257628E+01
  1640   252.56000            1314838  3.8175429234299088E+01
  1660   255.64000            1318704  3.8265271765023066E+01
  1680   258.72000            1322569  3.8328777267589444E+01
  1700   261.80000            1326435  3.8482512949068351E+01
  1720   264.88000            1330301  3.8543220898105645E+01
  1740   267.96000            1334167  3.8691000072554857E+01
  1760   271.04000            1338033  3.8755125316981513E+01
  1780   274.12000            1341899  3.8850605996581407E+01
  1800   277.20000            1345765  3.8968420495286118E+01
  1820   280.28000            1349630  3.9013491380939520E+01
  1840   283.36000            1353496  3.9135790311286918E+01
  1860   286.44000            1357362  3.9159382543247688E+01
  1880   289.52000            1361228  3.9242226730714009E+01
  1900   292.60000            1365094  3.9287999264317413E+01
  1920   295.68000            1368960  3.9321425313661734E+01
  1940   298.76000            1372825  3.9399955641042055E+01
  1960   301.84000            1376691  3.9457383225579107E+01
  1980   304.92000            1380557  3.9577357558758820E+01
  2000   308.00000            1384423  3.9676639475652493E+01
  2020   311.08000            1388289  3.9780587217848748E+01
  2040   314.16000            1392155  3.9864169308106796E+01
  2060   317.24000            1396020  3.9979521564100224E+01
  2080   320.32000            1399886  4.0067472911583181E+01
  2100   323.40000            1403752  4.0143703028062106E+01
  2120   326.48000            1407618  4.0236584194942694E+01
  2140   329.56000            1411484  4.0274527668927540E+01
  2160   332.64000            1415350  4.0372317759227478E+01
  2180   335.72000            1419216  4.0421732386748367E+01
  2200   338.80000            1423081  4.0524711981077004E+01
  2220   341.88000            1426947  4.0596253920433675E+01
  2240   344.96000            1430813  4.0679490068551750E+01
  2260   348.04000            1434679  4.0773475428503616E+01
  2280   351.12000            1438545  4.0797728800806645E+01
  2300   354.20000            1442411  4.0897117603129836E+01
  2320   357.28000            1446276  4.0908149732324901E+01
  2340   360.36000            1450142  4.1007544874917826E+01
  2360   363.44000            1454008  4.1074055101828684E+01
  2380   366.52000            1457874  4.1122449881642027E+01
  2400   369.60000            1461740  4.1218065361945847E+01
  2420   372.68000            1465606  4.1202962296283083E+01
  2440   375.76000            1469471  4.1299672597200363E+01
  2460   378.84000            1473337  4.1302535562844710E+01
  2480   381.92000            1477203  4.1365765268407806E+01
  2500   385.00000            1481069  4.1447510138564922E+01
  2520   388.08000            1484935  4.1491051265414157E+01
  2540   391.16000            1488801  4.1617381267119150E+01
  2560   394.24000            1492667  4.1661236843201728E+01
  2580   397.32000            1496532  4.1772211889915880E+01
  2600   400.40000            1500398  4.1820660790483927E+01
  2620   403.48000            1504264  4.1882592588299467E+01
  2640   406.56000            1508130  4.1967126268585119E+01
  2660   409.64000            1511996  4.2008779700763924E+01
  2680   412.72000            1515862  4.2117441361979445E+01
  2700   415.80000            1519727  4.2160764903544155E+01
  2720   418.88000            1523593  4.2253666222526967E+01
  2740   421.96000            1527459  4.2336651925028399E+01
  2760   425.04000            1531325  4.2423547516983895E+01
  2780   428.12000            1535191  4.2547777153764024E+01
  2800   431.20000            1539057  4.2659869245347807E+01
  2820   434.28000            1542922  4.2796418033924901E+01
  2840   437.36000            1546788  4.2896895695267098E+01
  2860   440.44000            1550654  4.3011364261184703E+01
  2880   443.52000            1554520  4.3086587231435622E+01
  2900   446.60000            1558386  4.3180883800211042E+01
  2920   449.68000            1562252  4.3255438046920361E+01
  2940   452.76000            1566117  4.3321571805643941E+01
  2960   455.84000            1569983  4.3385831404165863E+01
  2980   458.92000            1573849  4.3440358677795786E+01
  3000   462.00000            1577715  4.3526915514613947E+01
  3020   465.08000            1581581  4.3559261662584674E+01
  3040   468.16000            1585447  4.3639008648140603E+01
  3060   471.24000            1589313  4.3707818804928394E+01
  3080   474.32000            1593178  4.3797213835073705E+01
  3100   477.40000            1597044  4.3904492901436782E+01
  3120   480.48000            1600910  4.3985175326807237E+01
  3140   483.56000            1604776  4.4104816461746019E+01
  3160   486.64000            1608642  4.4201792868221311E+01
  3180   489.72000            1612508  4.4323828979494579E+01
  3200   492.80000            1616373  4.4422164457599365E+01
  3220   495.88000            1620239  4.4469554202986792E+01
  3240   498.96000            1624105  4.4562851698153921E+01
  3260   502.04000            1627971  4.4620393517143839E+01
  3280   505.12000            1631837  4.4715192954646376E+01
  3300   508.20000            1635703  4.4798196382270270E+01
  3320   511.28000            1639568  4.4889141068246857E+01
  3340   514.36000            1643434  4.4981922648723199E+01
  3360   517.44000            1647300  4.5039658183048424E+01
  3380   520.52000            1651166  4.5111226281730367E+01
  3400   523.60000            1655032  4.5165288684755986E+01
  3420   526.68000            1658898  4.5218736920567281E+01
  3440   529.76000            1662764  4.5256432736429360E+01
  3460   532.84000            1666629  4.5312198879431605E+01
  3480   535.92000            1670495  4.5353176221122446E+01
  3500   539.00000            1674361  4.5407516335295327E+01
  3520   542.08000            1678227  4.5451797500481781E+01
  3540   545.16000            1682093  4.5504374949943262E+01
  3560   548.24000            1685959  4.5558599320458434E+01
  3580   551.32000            1689824  4.5612837437004828E+01
  3600   554.40000            1693690  4.5709586620752710E+01
  3620   557.48000            1697556  4.5760520279310732E+01
  3640   560.56000            1701422  4.5853135183992386E+01
  3660   563.64000            1705288  4.5957616564881228E+01
  3680   566.72000            1709154  4.6072616958804517E+01
  3700   569.80000            1713019  4.6154334431275501E+01
  3720   572.88000            1716885  4.6234047802891126E+01
  3740   575.96000            1720751  4.6332159113121072E+01
  3760   579.04000            1724617  4.6376948615428617E+01
  3780   582.12000            1728483  4.6459719919190306E+01
  3800   585.20000            1732349  4.6511770514094302E+01
  3820   588.28000            1736214  4.6570963990063902E+01
  3840   591.36000            1740080  4.6606333282920403E+01
  3860   594.44000            1743946  4.6636998210908587E+01
  3880   597.52000            1747812  4.6706304808020803E+01
  3900   600.60000            1751678  4.6799943074908953E+01
  3920   603.68000            1755544  4.6927481139349496E+01
  3940   606.76000            1759410  4.7033613906281253E+01
  3960   609.84000            1763275  4.7127142295318549E+01
  3980   612.92000            1767141  4.7234232084804120E+01
  4000   616.00000            1771007  4.7322558626428624E+01
  4020   619.08000            1774873  4.7404939168804233E+01
  4040   622.16000            1778739  4.7466635738174801E+01
  4060   625.24000            1782605  4.7542736893832824E+01
  4080   628.32000            1786470  4.7635492913353048E+01
  4100   631.40000            1790336  4.7720769279228335E+01
  4120   634.48000            1794202  4.7804208682732728E+01
  4140   637.56000            1798068  4.7897847819348009E+01
  4160   640.64000            1801934  4.7994022455319438E+01
  4180   643.72000            1805800  4.8055724317728846E+01
  4200   646.80000            1809665  4.8149327723356194E+01
  4220   649.88000            1813531  4.8223746194091390E+01
  4240   652.96000            1817397  4.8300518914609938E+01
  4260   656.04000            1821263  4.8394736164687501E+01
  4280   659.12000            1825129  4.8478587495624801E+01
  4300   662.20000            1828995  4.8558958697241678E+01
  4320   665.28000            1832861  4.8667755836928912E+01
  4340   668.36000            1836726  4.8775584735088081E+01
  4360   671.44000            1840592  4.8891519088033903E+01
  4380   674.52000            1844458  4.9020862684881678E+01
  4400   677.60000            1848324  4.9113379606082603E+01
  4420   680.68000            1852190  4.9212390615582670E+01
  4440   683.76000            1856056  4.9280863032136068E+01
  4460   686.84000            1859921  4.9337373526837240E+01
  4480   689.92000            1863787  4.9387961501596642E+01
  4500   693.00000            1867653  4.9437852114921505E+01
  4520   696.08000            1871519  4.9468426908023709E+01
  4540   699.16000            1875385  4.9487243905867217E+01
  4560   702.24000            1879251  4.9557949857395165E+01
  4580   705.32000            1883116  4.9625261215571633E+01
  4600   708.40000            1886982  4.9693189871047657E+01
  4620   711.48000            1890848  4.9771576783128353E+01
  4640   714.56000            1894714  4.9867573472828802E+01
  4660   717.64000            1898580  4.9943769243418672E+01
  4680   720.72000            1902446  5.0063158874836532E+01
  4700   723.80000            1906312  5.0154945274465028E+01
  4720   726.88000            1910177  5.0208795033060255E+01
  4740   729.96000            1914043  5.0281345968539057E+01
  4760   733.04000            1917909  5.0328905730977908E+01
  4780   736.12000            1921775  5.0397837978470569E+01
  4800   739.20000            1925641  5.0496720079880106E+01
  4820   742.28000            1929507  5.0571056442904293E+01
  4840   745.36000            1933372  5.0664202667992669E+01
  4860   748.44000            1937238  5.0744760260599840E+01
  4880   751.52000            1941104  5.0829083565621239E+01
  4900   754.60000            1944970  5.0908635152641835E+01
  4920   757.68000            1948836  5.0980754367309537E+01
  4940   760.76000            1952702  5.1053733190890902E+01
  4960   763.84000            1956567  5.1127383002155888E+01
  4980   766.92000            1960433  5.1199599039327801E+01
  5000   770.00000            1964299  5.1226616940176712E+01
  5020   773.08000            1968165  5.1260297444268396E+01
  5040   776.16000            1972031  5.1271215100961385E+01
  5060   779.24000            1975897  5.1304265671497170E+01
  5080   782.32000            1979762  5.1373609570560440E+01
  5100   785.40000            1983628  5.1446265146330319E+01
  5120   788.48000            1987494  5.1570360789428904E+01
  5140   791.56000            1991360  5.1665154619441516E+01
  5160   794.64000            1995226  5.1774493536538365E+01
  5180   797.72000            1999092  5.1894754140930900E+01
  5200   800.80000            2002958  5.1978852480071311E+01
  5220   803.88000            2006823  5.2067632724767861E+01
  5240   806.96000            2010689  5.2134191770923202E+01
  5260   810.04000            2014555  5.2177087746727437E+01
  5280   813.12000            2018421  5.2268958865431038E+01
  5300   816.20000            2022287  5.2356468554306140E+01
  5320   819.28000            2026153  5.2464196838598511E+01
  5340   822.36000            2030018  5.2554455810835861E+01
  5360   825.44000            2033884  5.2669507987380591E+01
  5380   828.52000            2037750  5.2771311353762975E+01
  5400   831.60000            2041616  5.2872415992020663E+01
  5420   834.68000            2045482  5.2981589749901879E+01
  5440   837.76000            2049348  5.3050735071143393E+01
  5460   840.84000            2053213  5.3121839020906975E+01
  5480   843.92000            2057079  5.3188011472821124E+01
  5500   847.00000            2060945  5.3221922786838334E+01
  5520   850.08000            2064811  5.3334148420027844E+01
  5540   853.16000            2068677  5.3423249506658522E+01
  5560   856.24000            2072543  5.3506984134808938E+01
  5580   859.32000            2076409  5.3627438311855343E+01
  5600   862.40000            2080274  5.3718270979042757E+01
  5620   865.48000            2084140  5.3798693659876086E+01
  5640   868.56000            2088006  5.3845232768611901E+01
  5660   871.64000            2091872  5.3897995108716287E+01
  5680   874.72000            2095738  5.3945592858683433E+01
  5700   877.80000            2099604  5.4002883426141807E+01
  5720   880.88000            2103469  5.4095216730313339E+01
  5740   883.96000            2107335  5.4179010287078157E+01
  5760   887.04000            2111201  5.4272627364170383E+01
  5780   890.12000            2115067  5.4398238730450814E+01
  5800   893.20000            2118933  5.4500653866492605E+01
  5820   896.28000            2122799  5.4599329226512275E+01
  5840   899.36000            2126664  5.4691528875702502E+01
  5860   902.44000            2130530  5.4780599786882775E+01
  5880   905.52000            2134396  5.4838512665375973E+01
  5900   908.60000            2138262  5.4903341519883099E+01
  5920   911.68000            2142128  5.4980385675442690E+01
  5940   914.76000            2145994  5.5031296043289309E+01
  5960   917.84000            2149859  5.5083872909490289E+01
  5980   920.92000            2153725  5.5142001461455223E+01
  6000   924.00000            2157591  5.5200091205067523E+01
  6020   927.08000            2161457  5.5301463121427993E+01
  6040   930.16000            2165323  5.5388704101421276E+01
  6060   933.24000            2169189  5.5458730137734413E+01
  6080   936.32000            2173055  5.5509923581346079E+01
  6100   939.40000            2176920  5.5554641588018669E+01
  6120   942.48000            2180786  5.5613205646029222E+01
  6140   945.56000            2184652  5.5668546012209319E+01
  6160   948.64000            2188518  5.5733594839181045E+01
  6180   951.72000            2192384  5.5805857087989011E+01
  6200   954.80000            2196250  5.5883802282257506E+01
  6220   957.88000            2200115  5.5974238991856041E+01
  6240   960.96000            2203981  5.6071431621872151E+01
  6260   964.04000            2207847  5.6142392896082377E+01
  6280   967.12000            2211713  5.6218781374517853E+01
  6300   970.20000            2215579  5.6273573839820564E+01
  6320   973.28000            2219445  5.6338201752805439E+01
  6340   976.36000            2223310  5.6415183073874871E+01
  6360   979.44000            2227176  5.6475381951052576E+01
  6380   982.52000            2231042  5.6548737921339438E+01
  6400   985.60000            2234908  5.6622759928872455E+01
  6420   988.68000            2238774  5.6713917202147528E+01
  6440   991.76000            2242640  5.6802222269662188E+01
  6460   994.84000            2246506  5.6890397662406137E+01
  6480   997.92000            2250371  5.6999323448311792E+01
  6500   1001.0000            2254237  5.7098960789267181E+01
  6520   1004.0800            2258103  5.7190209823079755E+01
  6540   1007.1600            2261969  5.7267042742225449E+01
  6560   1010.2400            2265835  5.7338696119873376E+01
  6580   1013.3200            2269701  5.7415696355158431E+01
  6600   1016.4000            2273566  5.7477238199715103E+01
  6620   1019.4800            2277432  5.7589217439407349E+01
  6640   1022.5600            2281298  5.7687219636474751E+01
  6660   1025.6400            2285164  5.7765781485149361E+01
  6680   1028.7200            2289030  5.7885214977229381E+01
  6700   1031.8000            2292896  5.7981613825394916E+01
  6720   1034.8800            2296761  5.8075319165009219E+01
  6740   1037.9600            2300627  5.8161441880380323E+01
  6760   1041.0400            2304493  5.8203722204832410E+01
  6780   1044.1200            2308359  5.8268569703663125E+01
  6800   1047.2000            2312225  5.8358270253204338E+01
  6820   1050.2800            2316091  5.8433941215710419E+01
  6840   1053.3600            2319956  5.8494657640396206E+01
  6860   1056.4400            2323822  5.8570827213839422E+01
  6880   1059.5200            2327688  5.8653008166375301E+01
  6900   1062.6000            2331554  5.8732136509174609E+01
  6920   1065.6800            2335420  5.8823805407547724E+01
  6940   1068.7600            2339286  5.8917685285030508E+01
  6960   1071.8400            2343152  5.8996415221335326E+01
  6980   1074.9200            2347017  5.9082151876343524E+01
  7000   1078.0000            2350883  5.9144274725090057E+01
  7020   1081.0800            2354749  5.9231292089574652E+01
  7040   1084.1600            2358615  5.9329993911083079E+01
  7060   1087.2400            2362481  5.9405837609919523E+01
  7080   1090.3200            2366347  5.9502668009537686E+01
  7100   1093.4000            2370212  5.9565006999370034E+01
  7120   1096.4800            2374078  5.9628996280400138E+01
  7140   1099.5600            2377944  5.9722501889539224E+01
  7160   1102.6400            2381810  5.9786133077810135E+01
  7180   1105.7200            2385676  5.9870300451626164E+01
  7200   1108.8000            2389542  5.9950019509227424E+01
  7220   1111.8800            2393407  6.0013363798183818E+01
  7240   1114.9600            2397273  6.0075760153243742E+01
  7260   1118.0400            2401139  6.0149528071731297E+01
  7280   1121.1200            2405005  6.0213562299387128E+01
  7300   1124.2000            2408871  6.0263401804723784E+01
  7320   1127.2800            2412737  6.0349794618459590E+01
  7340   1130.3600            2416603  6.0439710214680908E+01
  7360   1133.4400            2420468  6.0502306832229806E+01
  7380   1136.5200            2424334  6.0577713159136167E+01
  7400   1139.6000            2428200  6.0669126436871856E+01
  7420   1142.6800            2432066  6.0761353454519437E+01
  7440   1145.7600            2435932  6.0849030182703729E+01
  7460   1148.8400            2439798  6.0932272635202793E+01
  7480   1151.9200            2443663  6.1024160035343897E+01
  7500   1155.0000            2447528  6.1131531470145674E+01
  7520   1158.0800            2451391  6.1250573733305202E+01
  7540   1161.1600            2455165  6.1372799984110806E+01
  7560   1164.2400            2458588  6.1437453961659813E+01
  7580   1167.3200            2461032  6.1391856520417292E+01
  7600   1170.4000            2462667  6.1287853273100026E+01
  7620   1173.4800            2463248  6.1165785445188035E+01
  7640   1176.5600            2462692  6.1086581326663179E+01
  7660   1179.6400            2461105  6.0998075655654318E+01
  7680   1182.7200            2459506  6.0934484484728650E+01
  7700   1185.8000            2458264  6.0914941230120405E+01
  7720   1188.8800            2457416  6.0888979900190392E+01
  7740   1191.9600            2456819  6.0864002592438752E+01
  7760   1195.0400            2456511  6.0856232701178072E+01
  7780   1198.1200            2456395  6.0858237819085275E+01
