! Kinetic energy for species "electrons"
  Iter        Time          Total Par.             Kin. Energy
     0   0.0000000             997839  3.2403221621075309E+00
    20   3.0800000            1001705  3.2506172378585632E+00
    40   6.1600000            1005571  3.2757799029104224E+00
    60   9.2400000            1009436  3.2632125120131636E+00
    80   12.320000            1013302  3.3083174277730212E+00
   100   15.400000            1017168  3.2935401097985597E+00
   120   18.480000            1021034  3.3150425997299009E+00
   140   21.560000            1024900  3.3429536203775396E+00
   160   24.640000            1028766  3.2949112420270783E+00
   180   27.720000            1032631  3.3652486179668926E+00
   200   30.800000            1036497  3.3011162342315457E+00
   220   33.880000            1040363  3.3628697403340873E+00
   240   36.960000            1044229  3.3696532522584084E+00
   260   40.040000            1048095  3.3550955398548874E+00
   280   43.120000            1051961  3.4337445104147202E+00
   300   46.200000            1055826  3.3546232091723782E+00
   320   49.280000            1059692  3.4396466644488770E+00
   340   52.360000            1063558  3.4136624873741295E+00
   360   55.440000            1067424  3.4267468221823716E+00
   380   58.520000            1071290  3.4699925604300796E+00
   400   61.600000            1075156  3.4063717913664560E+00
   420   64.680000            1079022  3.4632296714946471E+00
   440   67.760000            1082887  3.3739319719448773E+00
   460   70.840000            1086753  3.4100025299848458E+00
   480   73.920000            1090619  3.4079111826101647E+00
   500   77.000000            1094485  3.3703395038909103E+00
   520   80.080000            1098351  3.4052222687907436E+00
   540   83.160000            1102217  3.3431943794702468E+00
   560   86.240000            1106082  3.3744798424629154E+00
   580   89.320000            1109948  3.3580257284202202E+00
   600   92.400000            1113814  3.3560598778170561E+00
   620   95.480000            1117680  3.3637224390868727E+00
   640   98.560000            1121546  3.3562926848402848E+00
   660   101.64000            1125412  3.3635701703752190E+00
   680   104.72000            1129277  3.3620159642866208E+00
   700   107.80000            1133143  3.3659127073270412E+00
   720   110.88000            1137009  3.3661566953444737E+00
   740   113.96000            1140875  3.3791230375289256E+00
   760   117.04000            1144741  3.3386682842028943E+00
   780   120.12000            1148607  3.3604406708855663E+00
   800   123.20000            1152472  3.3252048642561745E+00
   820   126.28000            1156338  3.3391575341364672E+00
   840   129.36000            1160204  3.3423709836714535E+00
   860   132.44000            1164070  3.3057126018684189E+00
   880   135.52000            1167936  3.3580381982762284E+00
   900   138.60000            1171802  3.2995380993418957E+00
   920   141.68000            1175668  3.3431708828907749E+00
   940   144.76000            1179533  3.3105085742786171E+00
   960   147.84000            1183399  3.2896701890153954E+00
   980   150.92000            1187265  3.3245613544676802E+00
  1000   154.00000            1191131  3.2494394934448994E+00
  1020   157.08000            1194997  3.3012762121465653E+00
  1040   160.16000            1198863  3.2371513480927194E+00
  1060   163.24000            1202728  3.2472306396948500E+00
  1080   166.32000            1206594  3.2500309633774931E+00
  1100   169.40000            1210460  3.1895875585956608E+00
  1120   172.48000            1214326  3.2399592768424461E+00
  1140   175.56000            1218192  3.1805957981597159E+00
  1160   178.64000            1222058  3.2191175710099067E+00
  1180   181.72000            1225923  3.2017078819855640E+00
  1200   184.80000            1229789  3.1853111806375818E+00
  1220   187.88000            1233655  3.2139268441398743E+00
  1240   190.96000            1237521  3.1779405432760601E+00
  1260   194.04000            1241387  3.2076094190320132E+00
  1280   197.12000            1245253  3.1925269392393321E+00
  1300   200.20000            1249119  3.1960957862062314E+00
  1320   203.28000            1252984  3.2034991053287527E+00
  1340   206.36000            1256850  3.1997478173167471E+00
  1360   209.44000            1260716  3.1950379428721360E+00
  1380   212.52000            1264582  3.1983897005350852E+00
  1400   215.60000            1268448  3.1955858741417402E+00
  1420   218.68000            1272314  3.1905587256830161E+00
  1440   221.76000            1276179  3.1844582335710672E+00
  1460   224.84000            1280045  3.1523009862844376E+00
  1480   227.92000            1283911  3.1791716623445323E+00
  1500   231.00000            1287777  3.1407475120132333E+00
  1520   234.08000            1291643  3.1541647990127744E+00
  1540   237.16000            1295509  3.1435944608142794E+00
  1560   240.24000            1299374  3.1253207225834601E+00
  1580   243.32000            1303240  3.1695926943231076E+00
  1600   246.40000            1307106  3.1245588333101479E+00
  1620   249.48000            1310972  3.1738045294490673E+00
  1640   252.56000            1314838  3.1503597741156537E+00
  1660   255.64000            1318704  3.1588273309819135E+00
  1680   258.72000            1322569  3.1813083669674587E+00
  1700   261.80000            1326435  3.1395174730767073E+00
  1720   264.88000            1330301  3.1829400868371280E+00
  1740   267.96000            1334167  3.1309041902736001E+00
  1760   271.04000            1338033  3.1474441259326191E+00
  1780   274.12000            1341899  3.1496217637679571E+00
  1800   277.20000            1345765  3.1187840408718328E+00
  1820   280.28000            1349630  3.1640370675429361E+00
  1840   283.36000            1353496  3.1268847929372079E+00
  1860   286.44000            1357362  3.1493264490348540E+00
  1880   289.52000            1361228  3.1240682968653011E+00
  1900   292.60000            1365094  3.1105010726948521E+00
  1920   295.68000            1368960  3.1195313045852764E+00
  1940   298.76000            1372825  3.0887888974424276E+00
  1960   301.84000            1376691  3.0906679580535821E+00
  1980   304.92000            1380557  3.0495768603902538E+00
  2000   308.00000            1384423  3.0283134280998345E+00
  2020   311.08000            1388289  3.0275363838409586E+00
  2040   314.16000            1392155  3.0325211407245400E+00
  2060   317.24000            1396020  3.0265888478625307E+00
  2080   320.32000            1399886  3.0268557095977928E+00
  2100   323.40000            1403752  3.0139368802020137E+00
  2120   326.48000            1407618  3.0170132757321597E+00
  2140   329.56000            1411484  3.0203005117199559E+00
  2160   332.64000            1415350  3.0057910197937914E+00
  2180   335.72000            1419216  3.0081484639271103E+00
  2200   338.80000            1423081  2.9826290154085866E+00
  2220   341.88000            1426947  2.9964448528725307E+00
  2240   344.96000            1430813  2.9721156376876019E+00
  2260   348.04000            1434679  2.9602145124632808E+00
  2280   351.12000            1438545  2.9853183181132716E+00
  2300   354.20000            1442411  2.9621519493115991E+00
  2320   357.28000            1446276  3.0038243423749469E+00
  2340   360.36000            1450142  2.9599706030225796E+00
  2360   363.44000            1454008  2.9579589763758798E+00
  2380   366.52000            1457874  2.9467418675131256E+00
  2400   369.60000            1461740  2.9119101061649086E+00
  2420   372.68000            1465606  2.9586315605267544E+00
  2440   375.76000            1469471  2.9007094615008775E+00
  2460   378.84000            1473337  2.9441107260508277E+00
  2480   381.92000            1477203  2.9350143331035010E+00
  2500   385.00000            1481069  2.9160956877965800E+00
  2520   388.08000            1484935  2.9473956478740728E+00
  2540   391.16000            1488801  2.8945212265866358E+00
  2560   394.24000            1492667  2.9259221234090287E+00
  2580   397.32000            1496532  2.9026728984192713E+00
  2600   400.40000            1500398  2.9160591089437089E+00
  2620   403.48000            1504264  2.9257223357265310E+00
  2640   406.56000            1508130  2.8933439356312656E+00
  2660   409.64000            1511996  2.9332779771689612E+00
  2680   412.72000            1515862  2.9230926834307347E+00
  2700   415.80000            1519727  2.9366473445863992E+00
  2720   418.88000            1523593  2.9313386122962393E+00
  2740   421.96000            1527459  2.9187224558910332E+00
  2760   425.04000            1531325  2.9358702824299825E+00
  2780   428.12000            1535191  2.9216299243487045E+00
  2800   431.20000            1539057  2.9131821795498558E+00
  2820   434.28000            1542922  2.9063264516419300E+00
  2840   437.36000            1546788  2.8905638799657893E+00
  2860   440.44000            1550654  2.8898120470093565E+00
  2880   443.52000            1554520  2.8962779814283213E+00
  2900   446.60000            1558386  2.8816798990856580E+00
  2920   449.68000            1562252  2.8858533217883986E+00
  2940   452.76000            1566117  2.8738702891053691E+00
  2960   455.84000            1569983  2.8815247930729906E+00
  2980   458.92000            1573849  2.8720755995957221E+00
  3000   462.00000            1577715  2.8439387393951812E+00
  3020   465.08000            1581581  2.8625315041748913E+00
  3040   468.16000            1585447  2.8424752457820839E+00
  3060   471.24000            1589313  2.8542681097581788E+00
  3080   474.32000            1593178  2.8383378075193324E+00
  3100   477.40000            1597044  2.8255576137479093E+00
  3120   480.48000            1600910  2.8372614158703042E+00
  3140   483.56000            1604776  2.8015825051437369E+00
  3160   486.64000            1608642  2.8064338159097661E+00
  3180   489.72000            1612508  2.7863601165627445E+00
  3200   492.80000            1616373  2.8000169937111608E+00
  3220   495.88000            1620239  2.8218079097071458E+00
  3240   498.96000            1624105  2.7955363010633851E+00
  3260   502.04000            1627971  2.8165799367997995E+00
  3280   505.12000            1631837  2.7856543086829908E+00
  3300   508.20000            1635703  2.7873874205245301E+00
  3320   511.28000            1639568  2.7778076428204344E+00
  3340   514.36000            1643434  2.7381318849604250E+00
  3360   517.44000            1647300  2.7366669877603198E+00
  3380   520.52000            1651166  2.7240443522411897E+00
  3400   523.60000            1655032  2.7311554712412769E+00
  3420   526.68000            1658898  2.7240088252892218E+00
  3440   529.76000            1662764  2.7116291700754869E+00
  3460   532.84000            1666629  2.7212883092411424E+00
  3480   535.92000            1670495  2.7258133956075161E+00
  3500   539.00000            1674361  2.7259850783415120E+00
  3520   542.08000            1678227  2.7226879990646888E+00
  3540   545.16000            1682093  2.7173006959215908E+00
  3560   548.24000            1685959  2.7335541043610294E+00
  3580   551.32000            1689824  2.7453933522275653E+00
  3600   554.40000            1693690  2.7194271472162819E+00
  3620   557.48000            1697556  2.7470031684284648E+00
  3640   560.56000            1701422  2.7354245148277014E+00
  3660   563.64000            1705288  2.7363926940706373E+00
  3680   566.72000            1709154  2.7059484744909850E+00
  3700   569.80000            1713019  2.7041302238422658E+00
  3720   572.88000            1716885  2.7136700695399707E+00
  3740   575.96000            1720751  2.6933418093267196E+00
  3760   579.04000            1724617  2.7103986610630741E+00
  3780   582.12000            1728483  2.6990795571662289E+00
  3800   585.20000            1732349  2.6949422520808417E+00
  3820   588.28000            1736214  2.7008866686272004E+00
  3840   591.36000            1740080  2.7226867521905262E+00
  3860   594.44000            1743946  2.7384775849333005E+00
  3880   597.52000            1747812  2.7419914222434105E+00
  3900   600.60000            1751678  2.7306748400568175E+00
  3920   603.68000            1755544  2.7163918106212908E+00
  3940   606.76000            1759410  2.7134570013253980E+00
  3960   609.84000            1763275  2.7194634612121349E+00
  3980   612.92000            1767141  2.7008438138822886E+00
  4000   616.00000            1771007  2.7098993904666968E+00
  4020   619.08000            1774873  2.6947337855115046E+00
  4040   622.16000            1778739  2.7017966030625677E+00
  4060   625.24000            1782605  2.6961139243954255E+00
  4080   628.32000            1786470  2.6781543804400147E+00
  4100   631.40000            1790336  2.6606777837696676E+00
  4120   634.48000            1794202  2.6547115073710712E+00
  4140   637.56000            1798068  2.6500682947709175E+00
  4160   640.64000            1801934  2.6424110125681119E+00
  4180   643.72000            1805800  2.6649737272971188E+00
  4200   646.80000            1809665  2.6687482694193485E+00
  4220   649.88000            1813531  2.6702750881554662E+00
  4240   652.96000            1817397  2.6604349766273532E+00
  4260   656.04000            1821263  2.6464375833057519E+00
  4280   659.12000            1825129  2.6471091373387234E+00
  4300   662.20000            1828995  2.6519108867121775E+00
  4320   665.28000            1832861  2.6372468572522654E+00
  4340   668.36000            1836726  2.6176003550817706E+00
  4360   671.44000            1840592  2.6102315043979303E+00
  4380   674.52000            1844458  2.6010858421301992E+00
  4400   677.60000            1848324  2.6124243093787807E+00
  4420   680.68000            1852190  2.6045551308847670E+00
  4440   683.76000            1856056  2.5960038398012770E+00
  4460   686.84000            1859921  2.5829937927847664E+00
  4480   689.92000            1863787  2.5855238000174428E+00
  4500   693.00000            1867653  2.5803313048558696E+00
  4520   696.08000            1871519  2.5853030217138415E+00
  4540   699.16000            1875385  2.5878191281220837E+00
  4560   702.24000            1879251  2.5681317623163822E+00
  4580   705.32000            1883116  2.5587758149260487E+00
  4600   708.40000            1886982  2.5455489029136755E+00
  4620   711.48000            1890848  2.5396996150329292E+00
  4640   714.56000            1894714  2.5310133726986139E+00
  4660   717.64000            1898580  2.5446570812315237E+00
  4680   720.72000            1902446  2.5498850463297034E+00
  4700   723.80000            1906312  2.5386697830282472E+00
  4720   726.88000            1910177  2.5410066802228388E+00
  4740   729.96000            1914043  2.5433997182184962E+00
  4760   733.04000            1917909  2.5490111392335346E+00
  4780   736.12000            1921775  2.5611262395894299E+00
  4800   739.20000            1925641  2.5473772731174353E+00
  4820   742.28000            1929507  2.5459975494858793E+00
  4840   745.36000            1933372  2.5288421919386366E+00
  4860   748.44000            1937238  2.5237488929704091E+00
  4880   751.52000            1941104  2.5088059429597216E+00
  4900   754.60000            1944970  2.4983591929192093E+00
  4920   757.68000            1948836  2.5075533935837249E+00
  4940   760.76000            1952702  2.4999351129039540E+00
  4960   763.84000            1956567  2.4976712307279985E+00
  4980   766.92000            1960433  2.5054392433133010E+00
  5000   770.00000            1964299  2.5089227690047853E+00
  5020   773.08000            1968165  2.5041401532533785E+00
  5040   776.16000            1972031  2.5049549288199797E+00
  5060   779.24000            1975897  2.5058777084699688E+00
  5080   782.32000            1979762  2.4936136105918782E+00
  5100   785.40000            1983628  2.4880407866798859E+00
  5120   788.48000            1987494  2.4765949156368245E+00
  5140   791.56000            1991360  2.4693727806693140E+00
  5160   794.64000            1995226  2.4552016073079055E+00
  5180   797.72000            1999092  2.4546953907115370E+00
  5200   800.80000            2002958  2.4573549073281642E+00
  5220   803.88000            2006823  2.4655584665322792E+00
  5240   806.96000            2010689  2.4730602911982009E+00
  5260   810.04000            2014555  2.4856700457403216E+00
  5280   813.12000            2018421  2.4719977666480322E+00
  5300   816.20000            2022287  2.4544677468705123E+00
  5320   819.28000            2026153  2.4504831643633596E+00
  5340   822.36000            2030018  2.4367819516383631E+00
  5360   825.44000            2033884  2.4159805536328931E+00
  5380   828.52000            2037750  2.4128511677533004E+00
  5400   831.60000            2041616  2.4090653598371339E+00
  5420   834.68000            2045482  2.4027670767560725E+00
  5440   837.76000            2049348  2.3987818913996639E+00
  5460   840.84000            2053213  2.3873778037919786E+00
  5480   843.92000            2057079  2.3779011174961804E+00
  5500   847.00000            2060945  2.3842165360721834E+00
  5520   850.08000            2064811  2.3620237460473024E+00
  5540   853.16000            2068677  2.3599881246702568E+00
  5560   856.24000            2072543  2.3675033192317700E+00
  5580   859.32000            2076409  2.3430749204005128E+00
  5600   862.40000            2080274  2.3277319002022034E+00
  5620   865.48000            2084140  2.3115101111287113E+00
  5640   868.56000            2088006  2.3189122088874452E+00
  5660   871.64000            2091872  2.3293490013358422E+00
  5680   874.72000            2095738  2.3361423881110919E+00
  5700   877.80000            2099604  2.3454391376289472E+00
  5720   880.88000            2103469  2.3398094045679945E+00
  5740   883.96000            2107335  2.3299952997930040E+00
  5760   887.04000            2111201  2.3162851881771860E+00
  5780   890.12000            2115067  2.2841700905565965E+00
  5800   893.20000            2118933  2.2729134737424745E+00
  5820   896.28000            2122799  2.2642893088622555E+00
  5840   899.36000            2126664  2.2519506376508396E+00
  5860   902.44000            2130530  2.2559790453839268E+00
  5880   905.52000            2134396  2.2612992225240625E+00
  5900   908.60000            2138262  2.2566394170146111E+00
  5920   911.68000            2142128  2.2397827948767786E+00
  5940   914.76000            2145994  2.2378402351009088E+00
  5960   917.84000            2149859  2.2481936730550705E+00
  5980   920.92000            2153725  2.2579448243683276E+00
  6000   924.00000            2157591  2.2629103221067024E+00
  6020   927.08000            2161457  2.2474511703209616E+00
  6040   930.16000            2165323  2.2271833357340327E+00
  6060   933.24000            2169189  2.2292926606855028E+00
  6080   936.32000            2173055  2.2268863730884707E+00
  6100   939.40000            2176920  2.2193465425364960E+00
  6120   942.48000            2180786  2.2150183471265059E+00
  6140   945.56000            2184652  2.2114598837130268E+00
  6160   948.64000            2188518  2.2163586633437093E+00
  6180   951.72000            2192384  2.2281144638468131E+00
  6200   954.80000            2196250  2.2243164833603526E+00
  6220   957.88000            2200115  2.2073352618893165E+00
  6240   960.96000            2203981  2.2068531385603123E+00
  6260   964.04000            2207847  2.1986583018624204E+00
  6280   967.12000            2211713  2.1872914405562009E+00
  6300   970.20000            2215579  2.1943525434945759E+00
  6320   973.28000            2219445  2.1957877296287633E+00
  6340   976.36000            2223310  2.1777209588484170E+00
  6360   979.44000            2227176  2.1854617677020629E+00
  6380   982.52000            2231042  2.1989653784858003E+00
  6400   985.60000            2234908  2.1944340098244797E+00
  6420   988.68000            2238774  2.1747497472504569E+00
  6440   991.76000            2242640  2.1711172060058201E+00
  6460   994.84000            2246506  2.1709663921079008E+00
  6480   997.92000            2250371  2.1519274293906703E+00
  6500   1001.0000            2254237  2.1347299778256650E+00
  6520   1004.0800            2258103  2.1211588664478098E+00
  6540   1007.1600            2261969  2.1134084114290674E+00
  6560   1010.2400            2265835  2.1127330658089787E+00
  6580   1013.3200            2269701  2.1124036545548677E+00
  6600   1016.4000            2273566  2.1215400121178436E+00
  6620   1019.4800            2277432  2.1064893964316407E+00
  6640   1022.5600            2281298  2.1083947813879838E+00
  6660   1025.6400            2285164  2.1206208524898318E+00
  6680   1028.7200            2289030  2.0959417445646844E+00
  6700   1031.8000            2292896  2.0726577475120171E+00
  6720   1034.8800            2296761  2.0494206887797679E+00
  6740   1037.9600            2300627  2.0498899612510320E+00
  6760   1041.0400            2304493  2.0693776658799754E+00
  6780   1044.1200            2308359  2.0664412761382338E+00
  6800   1047.2000            2312225  2.0376156438623378E+00
  6820   1050.2800            2316091  2.0392891846663415E+00
  6840   1053.3600            2319956  2.0551745373961565E+00
  6860   1056.4400            2323822  2.0447467337838128E+00
  6880   1059.5200            2327688  2.0370727591092872E+00
  6900   1062.6000            2331554  2.0188597279041334E+00
  6920   1065.6800            2335420  2.0123653648710320E+00
  6940   1068.7600            2339286  2.0140447146959399E+00
  6960   1071.8400            2343152  2.0080442589517569E+00
  6980   1074.9200            2347017  2.0028022673391486E+00
  7000   1078.0000            2350883  2.0047493899375448E+00
  7020   1081.0800            2354749  2.0061615875646241E+00
  7040   1084.1600            2358615  1.9838093146585398E+00
  7060   1087.2400            2362481  1.9714312677839920E+00
  7080   1090.3200            2366347  1.9652011522906965E+00
  7100   1093.4000            2370212  1.9736165802546286E+00
  7120   1096.4800            2374078  1.9733181185647910E+00
  7140   1099.5600            2377944  1.9499340379940431E+00
  7160   1102.6400            2381810  1.9505436173150117E+00
  7180   1105.7200            2385676  1.9394087316221191E+00
  7200   1108.8000            2389542  1.9294561241983172E+00
  7220   1111.8800            2393407  1.9183398820107966E+00
  7240   1114.9600            2397273  1.9167741332979698E+00
  7260   1118.0400            2401139  1.9232842887842372E+00
  7280   1121.1200            2405005  1.9221445433228352E+00
  7300   1124.2000            2408871  1.9301504137368211E+00
  7320   1127.2800            2412737  1.9178607845183828E+00
  7340   1130.3600            2416603  1.9058469608167536E+00
  7360   1133.4400            2420468  1.9034163414935124E+00
  7380   1136.5200            2424334  1.9077742632693127E+00
  7400   1139.6000            2428200  1.9015586644734992E+00
  7420   1142.6800            2432066  1.8923349123657502E+00
  7440   1145.7600            2435932  1.8902071279877315E+00
  7460   1148.8400            2439798  1.8926393412313782E+00
  7480   1151.9200            2443663  1.8961376197030684E+00
  7500   1155.0000            2447529  1.9001964737833861E+00
  7520   1158.0800            2451395  1.8929316621783596E+00
  7540   1161.1600            2455261  1.8924850450300430E+00
  7560   1164.2400            2459126  1.8954831160230414E+00
  7580   1167.3200            2462112  1.9037585660141536E+00
  7600   1170.4000            2463758  1.9017818789782988E+00
  7620   1173.4800            2464393  1.8989508846162904E+00
  7640   1176.5600            2464026  1.8818158676479495E+00
  7660   1179.6400            2462350  1.8579628179367984E+00
  7680   1182.7200            2460612  1.8369263700127332E+00
  7700   1185.8000            2459424  1.8067990247652903E+00
  7720   1188.8800            2458551  1.7985192833543748E+00
  7740   1191.9600            2457957  1.7944773930389144E+00
  7760   1195.0400            2457583  1.7924070638819467E+00
  7780   1198.1200            2457512  1.8064462537886556E+00
