! EM field energy per field component
  Iter        Time                          B1                      B2                      B3                      E1                      E2                      E3
     0   0.0000000      0.0000000000000000E+00  0.0000000000000000E+00  0.0000000000000000E+00  0.0000000000000000E+00  0.0000000000000000E+00  0.0000000000000000E+00
    10   1.5400000      0.0000000000000000E+00  5.8215035070087365E-06  7.5601296593381694E-06  5.2762485955041799E-05  2.2576394821092549E-04  4.8125569750755382E-06
    20   3.0800000      0.0000000000000000E+00  4.3133763220042313E-06  1.0181286353982760E-05  7.5246688038236646E-05  6.7517087369278446E-04  2.2838216744295428E-06
    30   4.6200000      0.0000000000000000E+00  3.7036087166190543E-06  1.9171874482159100E-05  5.3400140533208291E-05  1.8670415773066904E-04  4.3391037015948444E-06
    40   6.1600000      0.0000000000000000E+00  3.7906451974940482E-06  1.9510091298436609E-05  1.6225606310902145E-04  6.5570412451977463E-05  2.6246635713130318E-06
    50   7.7000000      0.0000000000000000E+00  4.5458863547792849E-06  2.1162447602231783E-05  8.3944727475077297E-05  1.9106510216978362E-04  3.7621169075205708E-06
    60   9.2400000      0.0000000000000000E+00  4.4887137080596896E-06  2.7779232951191573E-05  2.3186665693450401E-04  2.0889050101563294E-04  3.0988118772775465E-06
    70   10.780000      0.0000000000000000E+00  3.7730102063631574E-06  4.3791980799755460E-05  9.9524042572767026E-05  3.0589499270122458E-04  3.6984999379450147E-06
    80   12.320000      0.0000000000000000E+00  4.0308858050853418E-06  6.0987278710065176E-05  2.3314396949517715E-04  4.2499650010449039E-04  3.0314100281489353E-06
    90   13.860000      0.0000000000000000E+00  4.5532886143051365E-06  9.5980514969260728E-05  1.7023853616911097E-04  8.4025835982819776E-05  3.4017379754301087E-06
   100   15.400000      0.0000000000000000E+00  4.0685081475012878E-06  1.3349523056131952E-04  2.1347987555232130E-04  2.6263926000328848E-05  3.6458143604816732E-06
   110   16.940000      0.0000000000000000E+00  4.3647413650440126E-06  1.5931179129832345E-04  1.7799271874871140E-04  4.9957699095401909E-04  2.9869272877336166E-06
   120   18.480000      0.0000000000000000E+00  3.7647973577420326E-06  1.8748510148341589E-04  9.4297552200827973E-05  6.7472794223822925E-04  3.5219407044865348E-06
   130   20.020000      0.0000000000000000E+00  4.7744135110599191E-06  1.6463081490265829E-04  9.4208707144230098E-05  7.4672315588388517E-05  3.2915484004627053E-06
   140   21.560000      0.0000000000000000E+00  3.6664995091237538E-06  6.0924540435129213E-05  2.6620777379408509E-04  2.8109815656370587E-04  3.8728057646024274E-06
   150   23.100000      0.0000000000000000E+00  4.4671214290541513E-06  5.7109565553251182E-04  8.3506228414498686E-04  1.3715299238817402E-03  3.0114824246469448E-06
   160   24.640000      0.0000000000000000E+00  4.3670248415681690E-06  2.5165481541498270E-03  1.9170241840908721E-03  1.7836423532820458E-03  3.5899809843944975E-06
   170   26.180000      0.0000000000000000E+00  4.1293631324090461E-06  7.2218569020760497E-03  1.3320520866333570E-03  2.1898580183220872E-03  3.3470546043246823E-06
   180   27.720000      0.0000000000000000E+00  4.8281173496880996E-06  1.4606908652238534E-02  2.0953457564407718E-03  3.1511783918775141E-03  3.7040852812317864E-06
   190   29.260000      0.0000000000000000E+00  4.2413145729787350E-06  2.5552506922927463E-02  1.3981798503552893E-03  4.2909329280782556E-03  3.0660362809244829E-06
   200   30.800000      0.0000000000000000E+00  4.4472602444246388E-06  3.7489377750193523E-02  3.6971489743920080E-03  4.4081055939885578E-03  3.4251122208500699E-06
   210   32.340000      0.0000000000000000E+00  4.5882872973209354E-06  4.9549370705045379E-02  2.6965123764873260E-03  5.7425914370001522E-03  3.4446901844813606E-06
   220   33.880000      0.0000000000000000E+00  4.3577241629488853E-06  6.6931212481067551E-02  4.3317325775545619E-03  7.5426907307264224E-03  3.5091365375031756E-06
   230   35.420000      0.0000000000000000E+00  4.6443395370026761E-06  8.2703693110284957E-02  7.1642390922269797E-03  5.9276257839491284E-03  3.3839569522527434E-06
   240   36.960000      0.0000000000000000E+00  3.8830429769495739E-06  1.0009089624195709E-01  8.4136090545999659E-03  8.1257740914485004E-03  3.7113136501420378E-06
   250   38.500000      0.0000000000000000E+00  4.3774782319945077E-06  1.2059512724581281E-01  8.4931678731177927E-03  8.7269766728464773E-03  3.0619652240116422E-06
   260   40.040000      0.0000000000000000E+00  4.8699025867097344E-06  1.3897722374443391E-01  1.0183991062371436E-02  9.5385714194279412E-03  3.5408061917196211E-06
   270   41.580000      0.0000000000000000E+00  4.4897653381715157E-06  1.6547266232409336E-01  1.3956136605521439E-02  9.9873755976286442E-03  3.0618240421161170E-06
   280   43.120000      0.0000000000000000E+00  4.5403687810128469E-06  1.8706845271560124E-01  1.5595716765637426E-02  9.0574480053165901E-03  3.6785253675413767E-06
   290   44.660000      0.0000000000000000E+00  4.7351784117692776E-06  2.1138858982987574E-01  1.9158097816009211E-02  1.0972046362166444E-02  3.3036156919548237E-06
   300   46.200000      0.0000000000000000E+00  4.8252579545941351E-06  2.4068166335155317E-01  2.0509442366051421E-02  1.0982192607657995E-02  3.7963663540731776E-06
   310   47.740000      0.0000000000000000E+00  4.4692243132396789E-06  2.6947592619792893E-01  2.0877185274216274E-02  1.1800568969247067E-02  3.0299510372169755E-06
   320   49.280000      0.0000000000000000E+00  4.8227435555663060E-06  3.0443781068831072E-01  2.6230700861831546E-02  1.1411874696073611E-02  3.7771423189153777E-06
   330   50.820000      0.0000000000000000E+00  4.6067807413865232E-06  3.3838099777452607E-01  2.5357110189024385E-02  1.1121691185333699E-02  3.2321378338189731E-06
   340   52.360000      0.0000000000000000E+00  4.9185878663984744E-06  3.7755468784487423E-01  2.8028084455692229E-02  1.2697890970908607E-02  3.3897972719598320E-06
   350   53.900000      0.0000000000000000E+00  4.6992508971791010E-06  4.2075286025580033E-01  2.9857315499672528E-02  1.2787163199936644E-02  3.7748103566348238E-06
   360   55.440000      0.0000000000000000E+00  4.8399554277674275E-06  4.6654663987115330E-01  3.2886775731223304E-02  1.2045629854558971E-02  2.9132391770110509E-06
   370   56.980000      0.0000000000000000E+00  4.8562104134371924E-06  5.1264312499211862E-01  3.2706249266018728E-02  1.1538827413839263E-02  3.5785849451564976E-06
   380   58.520000      0.0000000000000000E+00  5.0566899622588795E-06  5.6614587576706366E-01  3.2826541946831628E-02  1.3892225990784539E-02  3.3324577221483096E-06
   390   60.060000      0.0000000000000000E+00  4.8878583804496987E-06  6.2033675081773854E-01  3.6370024738400467E-02  1.1826721480380185E-02  3.6302109508291073E-06
   400   61.600000      0.0000000000000000E+00  4.6528845909051599E-06  6.6870630603388714E-01  3.2985034638273153E-02  1.2177603926140076E-02  3.1780330598621479E-06
   410   63.140000      0.0000000000000000E+00  5.1446775210845018E-06  7.3169753583842601E-01  3.3799391761997116E-02  1.5040452288058951E-02  3.5400504105108156E-06
   420   64.680000      0.0000000000000000E+00  5.3306748769412005E-06  7.8553176137056036E-01  3.1247068925554393E-02  1.0948865960408605E-02  3.0684524904550822E-06
   430   66.220000      0.0000000000000000E+00  4.5962438887767005E-06  8.3775766521872630E-01  2.8448789005414806E-02  1.5303259762658339E-02  3.5116551646892796E-06
   440   67.760000      0.0000000000000000E+00  5.0375570360469776E-06  9.0235756789310939E-01  3.0148206398160168E-02  1.5607455171710754E-02  3.2245115625575506E-06
   450   69.300000      0.0000000000000000E+00  5.6119402432129542E-06  9.4675177469909921E-01  2.5780585821045539E-02  1.3919417089247946E-02  2.9488045672996135E-06
   460   70.840000      0.0000000000000000E+00  5.3885155804497350E-06  1.0011486195967030E+00  2.9102211204888716E-02  1.8839440023714772E-02  3.5482717111730759E-06
   470   72.380000      0.0000000000000000E+00  4.8171163065933708E-06  1.0527243134749718E+00  2.6944694125826781E-02  1.7635372623226977E-02  3.0046270359138799E-06
   480   73.920000      0.0000000000000000E+00  5.4878758318331294E-06  1.0977667698824247E+00  2.6364435353029608E-02  2.1669830536861605E-02  3.7481004645859119E-06
   490   75.460000      0.0000000000000000E+00  5.4984965956667653E-06  1.1469042316789078E+00  2.9549708172416270E-02  2.1827402200545930E-02  3.2738180614727584E-06
   500   77.000000      0.0000000000000000E+00  4.8892976228262035E-06  1.1967225871697116E+00  2.5519608348370443E-02  2.8124429286807091E-02  3.4717252309483254E-06
   510   78.540000      0.0000000000000000E+00  5.9637447927198120E-06  1.2558036960811505E+00  2.7477984868925918E-02  2.8336823989732411E-02  2.8965675438658333E-06
   520   80.080000      0.0000000000000000E+00  5.4764898863986255E-06  1.3125079106392961E+00  2.6525941958403611E-02  3.1882341972610952E-02  3.9869624494704418E-06
   530   81.620000      0.0000000000000000E+00  5.3339788570281756E-06  1.3929443444555685E+00  2.5508944091355228E-02  4.1962817490753639E-02  2.6964428740905559E-06
   540   83.160000      0.0000000000000000E+00  5.2021584226603089E-06  1.4744679753997525E+00  2.6241146855764057E-02  3.7166200197973301E-02  4.2636399154566357E-06
   550   84.700000      0.0000000000000000E+00  5.8140370271758986E-06  1.5616722251903239E+00  2.6789915991625349E-02  4.3651886524954976E-02  2.6607435799528180E-06
   560   86.240000      0.0000000000000000E+00  5.1262222002026698E-06  1.6592083763126859E+00  2.7870080447111242E-02  4.7413106181301845E-02  3.7031086431778480E-06
   570   87.780000      0.0000000000000000E+00  5.3409733576530954E-06  1.7511840064156639E+00  2.8042931653204109E-02  4.2983326173402989E-02  3.0174221306161128E-06
   580   89.320000      0.0000000000000000E+00  5.3923322471321047E-06  1.8311217368990842E+00  3.1220790732969312E-02  4.7086226315945993E-02  3.5967127706916288E-06
   590   90.860000      0.0000000000000000E+00  5.5371902530043946E-06  1.8994152634493826E+00  3.2313032973990206E-02  4.5724617722283568E-02  3.2387536183616529E-06
   600   92.400000      0.0000000000000000E+00  4.9547179272373713E-06  1.9602197421082865E+00  3.3371534378494681E-02  4.3195365289182122E-02  3.2218477730024053E-06
   610   93.940000      0.0000000000000000E+00  5.6828599104692629E-06  2.0031446578492016E+00  3.1864132441762151E-02  4.7058955893001304E-02  3.2663750563753702E-06
   620   95.480000      0.0000000000000000E+00  5.4972256264892175E-06  2.0434784478302053E+00  3.5616214868974906E-02  4.2805093791557926E-02  3.6446661683680889E-06
   630   97.020000      0.0000000000000000E+00  5.3806700207859128E-06  2.0685098838754024E+00  3.5770717743137108E-02  4.4006132940889939E-02  3.2464882578816370E-06
   640   98.560000      0.0000000000000000E+00  5.0785623037196664E-06  2.0986198754270076E+00  3.6030479643373137E-02  4.6343008882377142E-02  3.5681552548184715E-06
   650   100.10000      0.0000000000000000E+00  5.1000171194814334E-06  2.1293346511851015E+00  3.7076451230472429E-02  4.3664844189684082E-02  3.1387971789217273E-06
   660   101.64000      0.0000000000000000E+00  5.8178377411619688E-06  2.1497046224208143E+00  3.7340106654788451E-02  4.3988538040814422E-02  3.4542047663822952E-06
   670   103.18000      0.0000000000000000E+00  5.0434292243201302E-06  2.1750429954672796E+00  3.9554883527767558E-02  4.6217059602701997E-02  3.3662617519584764E-06
   680   104.72000      0.0000000000000000E+00  4.8341656217023376E-06  2.2044870024601777E+00  3.8855146836751724E-02  4.7250832347588041E-02  2.9888769952786874E-06
   690   106.26000      0.0000000000000000E+00  5.4740641615109876E-06  2.2254757067920701E+00  3.9112065894342241E-02  4.4849764871976415E-02  3.5352848999979160E-06
   700   107.80000      0.0000000000000000E+00  4.8289224672155512E-06  2.2493656371214445E+00  4.2780059731449653E-02  4.7836821541899048E-02  3.3942834560239007E-06
   710   109.34000      0.0000000000000000E+00  4.8322513071743702E-06  2.2723042183190083E+00  4.2340357594164518E-02  4.8889382963434029E-02  3.3219681302337429E-06
   720   110.88000      0.0000000000000000E+00  4.8446052599574131E-06  2.2949361851569745E+00  4.3760643561071816E-02  4.9734808428868675E-02  3.0579880162985168E-06
   730   112.42000      0.0000000000000000E+00  4.7663510760053657E-06  2.3126425509924320E+00  4.5557655074074721E-02  4.8442753234801052E-02  3.8326309805009070E-06
   740   113.96000      0.0000000000000000E+00  5.0618467155151406E-06  2.3296867344468364E+00  4.5589690027350090E-02  5.1365600957350495E-02  2.5781625926780321E-06
   750   115.50000      0.0000000000000000E+00  4.6646720609073928E-06  2.3495097746271103E+00  4.4477055860708069E-02  5.1880330024208526E-02  3.5266584938668626E-06
   760   117.04000      0.0000000000000000E+00  4.4720606610983382E-06  2.3596723666434540E+00  4.5686588401963976E-02  4.9699629854291667E-02  3.0651143097896895E-06
   770   118.58000      0.0000000000000000E+00  5.1809190096912293E-06  2.3687007290780153E+00  4.5680508770773023E-02  5.2963710775537992E-02  3.7065414282311442E-06
   780   120.12000      0.0000000000000000E+00  4.3275149862364327E-06  2.3849526543394060E+00  4.4494443137931473E-02  5.3558754838495523E-02  2.9101964930296402E-06
   790   121.66000      0.0000000000000000E+00  4.5135658132266591E-06  2.3930746686176905E+00  4.5035673487745294E-02  5.0951968530095565E-02  3.5328450416842740E-06
   800   123.20000      0.0000000000000000E+00  4.8374455064895827E-06  2.4028739360329014E+00  4.7096140335299602E-02  5.2416628089992437E-02  3.2280221024494875E-06
   810   124.74000      0.0000000000000000E+00  4.6398889346521283E-06  2.4164129397862446E+00  4.5955841688713854E-02  5.5465569060178202E-02  3.1693624412573851E-06
   820   126.28000      0.0000000000000000E+00  4.5375021521518827E-06  2.4271181127966059E+00  4.6823573474568912E-02  5.1508489521274910E-02  3.2540565868802546E-06
   830   127.82000      0.0000000000000000E+00  5.1903722365023507E-06  2.4368802781376715E+00  4.7859189150547578E-02  5.2564429045163896E-02  3.1236068887571708E-06
   840   129.36000      0.0000000000000000E+00  4.7573451158477305E-06  2.4517025310772924E+00  4.6546937164545679E-02  5.3619933131186917E-02  3.1653799315341512E-06
   850   130.90000      0.0000000000000000E+00  4.6928596777099184E-06  2.4677304262228907E+00  4.6862445294594532E-02  5.3334246258805722E-02  3.1290398140475459E-06
   860   132.44000      0.0000000000000000E+00  4.4650587059373761E-06  2.4827956463925194E+00  4.8194751518023535E-02  5.2117639543653699E-02  3.2537312451794630E-06
   870   133.98000      0.0000000000000000E+00  4.4447933419555655E-06  2.5005133633434236E+00  5.0090557961364843E-02  5.3584972252348886E-02  3.0799662510948307E-06
   880   135.52000      0.0000000000000000E+00  4.2399552667244184E-06  2.5300916416469521E+00  4.8464981354261326E-02  5.6102823858023489E-02  3.2338073425671995E-06
   890   137.06000      0.0000000000000000E+00  4.1803629249355204E-06  2.5586177626566764E+00  4.7863560438219308E-02  5.2689525527581493E-02  2.9820772786860003E-06
   900   138.60000      0.0000000000000000E+00  4.6431655160694954E-06  2.5864640042852156E+00  5.0504244582215981E-02  5.4173860035864968E-02  3.5863670801969713E-06
   910   140.14000      0.0000000000000000E+00  4.4799911181830189E-06  2.6262907803708635E+00  5.0516246273892902E-02  5.8151861195789377E-02  2.8053257400654327E-06
   920   141.68000      0.0000000000000000E+00  4.8445297673173308E-06  2.6645389218618072E+00  5.1138912183663190E-02  5.5215128013119980E-02  3.4177707575618050E-06
   930   143.22000      0.0000000000000000E+00  4.6573398186504591E-06  2.7020431653796861E+00  5.1090204978951753E-02  5.5152807023339440E-02  3.1084691984192926E-06
   940   144.76000      0.0000000000000000E+00  4.8563686117891979E-06  2.7497206553482902E+00  5.2310511895892885E-02  6.1183091487736242E-02  3.2710817226946393E-06
   950   146.30000      0.0000000000000000E+00  4.2832621663431342E-06  2.7934736260379287E+00  4.8959162186957041E-02  5.8366688554787993E-02  3.1650035067511941E-06
   960   147.84000      0.0000000000000000E+00  5.2215830115029161E-06  2.8373009331217522E+00  5.0462939877220628E-02  5.9462112162103412E-02  3.2047529373911751E-06
   970   149.38000      0.0000000000000000E+00  4.8545480305085296E-06  2.8858376372216350E+00  4.9646135168235940E-02  6.2561485035296016E-02  3.3290579439631947E-06
   980   150.92000      0.0000000000000000E+00  4.6946272895956599E-06  2.9365026359959332E+00  4.6253529597913096E-02  6.3070286720651875E-02  2.9437418965021895E-06
   990   152.46000      0.0000000000000000E+00  4.9963375770932509E-06  2.9851280698752229E+00  5.0137416258904263E-02  6.1138104803150690E-02  3.1838971459033118E-06
  1000   154.00000      0.0000000000000000E+00  5.1432295617168399E-06  3.0346866112220332E+00  4.7456528363789663E-02  6.5652332021787108E-02  2.8708347375081738E-06
  1010   155.54000      0.0000000000000000E+00  4.5719439585523220E-06  3.0836975623022020E+00  4.6743599765786195E-02  6.6182651657474029E-02  3.8221706764660082E-06
  1020   157.08000      0.0000000000000000E+00  4.9418787453750013E-06  3.1266082821923824E+00  4.7343523788220508E-02  6.3303338516245311E-02  2.7351479904275887E-06
  1030   158.62000      0.0000000000000000E+00  4.6799792571938686E-06  3.1638051937964153E+00  4.3913010857258218E-02  6.7632192119854384E-02  3.3706656710194155E-06
  1040   160.16000      0.0000000000000000E+00  4.5644117091428308E-06  3.1989356580420019E+00  4.5909193789415749E-02  6.6955356783434242E-02  3.2229108710750355E-06
  1050   161.70000      0.0000000000000000E+00  4.9825423728469170E-06  3.2293555359503441E+00  4.5323527902577827E-02  6.7978478046311630E-02  3.1846518978394923E-06
  1060   163.24000      0.0000000000000000E+00  4.9151753443722899E-06  3.2595154931485819E+00  4.4048467539351925E-02  6.8346146030044838E-02  2.8558429009077885E-06
  1070   164.78000      0.0000000000000000E+00  4.4959653825063044E-06  3.2852847758990582E+00  4.4364727442239772E-02  6.8116785818069223E-02  3.5272980194119640E-06
  1080   166.32000      0.0000000000000000E+00  5.0653530839292510E-06  3.3113708440503347E+00  4.2974704744315605E-02  6.9193782863481268E-02  2.7447286090601089E-06
  1090   167.86000      0.0000000000000000E+00  4.7190279276563525E-06  3.3393819925061452E+00  4.1701847073183404E-02  7.1165707378054083E-02  3.6943540367381001E-06
  1100   169.40000      0.0000000000000000E+00  4.6585902039965943E-06  3.3682232246732609E+00  4.1415963590300794E-02  6.9824870668169503E-02  2.8242710194480967E-06
  1110   170.94000      0.0000000000000000E+00  5.0597025792391938E-06  3.4027135073036021E+00  3.9173352932229205E-02  7.1486057314415388E-02  3.5206872440900027E-06
  1120   172.48000      0.0000000000000000E+00  4.7796908977746070E-06  3.4409996669047720E+00  3.9435921176197077E-02  7.1503226817818288E-02  2.9003573675916155E-06
  1130   174.02000      0.0000000000000000E+00  5.1184191422549215E-06  3.4827372769704645E+00  4.0875422416768531E-02  7.3039977044148677E-02  3.4181401908105485E-06
  1140   175.56000      0.0000000000000000E+00  4.9901597069549960E-06  3.5255057761747870E+00  4.0634328160299660E-02  7.2314743529974607E-02  2.7617400112618015E-06
  1150   177.10000      0.0000000000000000E+00  4.8577692687343769E-06  3.5717373824759924E+00  4.1433217706038777E-02  7.5862774646769077E-02  3.5772648414812556E-06
  1160   178.64000      0.0000000000000000E+00  5.1698319449597416E-06  3.6193609489800904E+00  4.1645920820289672E-02  7.1852064212967803E-02  2.7167061217260604E-06
  1170   180.18000      0.0000000000000000E+00  4.8835406820521966E-06  3.6691609829000944E+00  4.1577524995351146E-02  7.7292821041131762E-02  3.4326878782802938E-06
  1180   181.72000      0.0000000000000000E+00  5.1901188564066227E-06  3.7168727346204653E+00  4.2786337112241196E-02  7.4066402229353318E-02  2.7755460081609599E-06
  1190   183.26000      0.0000000000000000E+00  4.7474296285715244E-06  3.7633097466750689E+00  4.4047561699450719E-02  7.7708255887579791E-02  3.4875365045026051E-06
  1200   184.80000      0.0000000000000000E+00  5.2239853625614638E-06  3.8138691055483060E+00  4.4841309312832305E-02  7.8949109280176594E-02  3.1443603991938231E-06
  1210   186.34000      0.0000000000000000E+00  5.1862080736587574E-06  3.8603831757289209E+00  4.1200493948512065E-02  7.7795732122455871E-02  3.0862480669785990E-06
  1220   187.88000      0.0000000000000000E+00  5.3407481829355462E-06  3.9043981780078680E+00  4.6656544814138917E-02  8.1330407515455144E-02  3.2122851031535230E-06
  1230   189.42000      0.0000000000000000E+00  5.0694344102212207E-06  3.9543147964405505E+00  4.5665831324276165E-02  8.4050465785583228E-02  3.3653219170883913E-06
  1240   190.96000      0.0000000000000000E+00  5.2490773614811899E-06  4.0024392762491576E+00  4.4211791323574404E-02  8.2554741619938629E-02  3.1098923936208560E-06
  1250   192.50000      0.0000000000000000E+00  5.7524204070557426E-06  4.0481343469226161E+00  4.7914587523220614E-02  8.6553302093952983E-02  2.7294824716840002E-06
  1260   194.04000      0.0000000000000000E+00  5.2686317680209419E-06  4.1015486800333099E+00  4.6688057022638570E-02  8.6833571589148034E-02  3.7904375770379907E-06
  1270   195.58000      0.0000000000000000E+00  4.7876811657672044E-06  4.1493506093686943E+00  4.7043939435359630E-02  9.0603471214886933E-02  2.7672857347639635E-06
  1280   197.12000      0.0000000000000000E+00  5.7363574754489044E-06  4.1926593529412228E+00  4.8966409765818723E-02  8.6588643442688351E-02  3.2608780381562494E-06
  1290   198.66000      0.0000000000000000E+00  4.8406303123728602E-06  4.2324596322706043E+00  4.8173337046058730E-02  9.4703422572112325E-02  2.9836306464544320E-06
  1300   200.20000      0.0000000000000000E+00  5.2879588356838867E-06  4.2724082445164155E+00  5.0875006109167155E-02  9.1746242106680781E-02  3.4491233464243791E-06
  1310   201.74000      0.0000000000000000E+00  5.1844251381266664E-06  4.3056817570883723E+00  4.8410914325581936E-02  9.2135036718750646E-02  2.7340209042433784E-06
  1320   203.28000      0.0000000000000000E+00  5.6562071068895162E-06  4.3381422915138099E+00  4.8093315914092397E-02  9.9477520417871224E-02  3.4880851894096235E-06
  1330   204.82000      0.0000000000000000E+00  5.3845626092760187E-06  4.3747241700144244E+00  4.6808151439821047E-02  9.5280526014465433E-02  3.0226442517424411E-06
  1340   206.36000      0.0000000000000000E+00  5.0202577264622312E-06  4.4095385559210687E+00  4.5329996149807213E-02  9.8798059545255765E-02  3.0668065098319302E-06
  1350   207.90000      0.0000000000000000E+00  5.1027339582678378E-06  4.4495571672674998E+00  4.7728666494285567E-02  1.0107328780255283E-01  3.0736874487270458E-06
  1360   209.44000      0.0000000000000000E+00  5.1536471640360257E-06  4.4939425784607812E+00  4.5124633024722874E-02  1.0209377307522269E-01  3.5669244599835806E-06
  1370   210.98000      0.0000000000000000E+00  5.1451875365083062E-06  4.5404164965749292E+00  4.7646642192163267E-02  1.0140084902021089E-01  3.1067280104570598E-06
  1380   212.52000      0.0000000000000000E+00  4.9551129423018062E-06  4.5899803535034689E+00  5.0021857080438298E-02  1.0356801786284189E-01  3.0966100140015639E-06
  1390   214.06000      0.0000000000000000E+00  5.1317880499874540E-06  4.6433901249355598E+00  5.1324947652525495E-02  1.0530272815401673E-01  3.3753172510861175E-06
  1400   215.60000      0.0000000000000000E+00  5.6102608601212123E-06  4.7036215981512361E+00  4.9912448781935785E-02  1.0266937925612783E-01  3.1051377511725770E-06
  1410   217.14000      0.0000000000000000E+00  5.3033695235348882E-06  4.7586574616796975E+00  5.2874429522154126E-02  1.0379796635385477E-01  2.9182337516304102E-06
  1420   218.68000      0.0000000000000000E+00  5.3020307259646500E-06  4.8164622147732041E+00  5.0901536241767208E-02  1.0756599695767735E-01  3.3532844685146086E-06
  1430   220.22000      0.0000000000000000E+00  5.7384099986694534E-06  4.8762746957910981E+00  4.8653831336395378E-02  1.0524497951732834E-01  3.0680421562521517E-06
  1440   221.76000      0.0000000000000000E+00  6.0749024404013712E-06  4.9348925140571982E+00  4.9623725798298636E-02  1.0324031462471871E-01  3.1256305708138389E-06
  1450   223.30000      0.0000000000000000E+00  5.0929159528206989E-06  4.9830210761350333E+00  4.7458917881418969E-02  1.0767393801318814E-01  3.2112879038381267E-06
  1460   224.84000      0.0000000000000000E+00  5.9490028815530921E-06  5.0391308008720417E+00  4.9796760090387623E-02  1.0992601553619655E-01  3.2921033469710634E-06
  1470   226.38000      0.0000000000000000E+00  5.8614186769121536E-06  5.0914358015664707E+00  4.9890433289307555E-02  1.0485595757471844E-01  2.8605483775011386E-06
  1480   227.92000      0.0000000000000000E+00  5.5581037272543859E-06  5.1398197594915533E+00  4.9116847903380861E-02  1.1095432623447690E-01  3.2915490012924042E-06
  1490   229.46000      0.0000000000000000E+00  5.4328419312531032E-06  5.1854442871513937E+00  5.3758093051470758E-02  1.0933191922323693E-01  2.9120353866979196E-06
  1500   231.00000      0.0000000000000000E+00  5.6950707840936461E-06  5.2324259889952529E+00  5.1304888164996822E-02  1.1191454571941686E-01  3.2643837853882951E-06
  1510   232.54000      0.0000000000000000E+00  5.6012689670461868E-06  5.2791679756494041E+00  4.9780807192903051E-02  1.1137356223356752E-01  2.7525965322672815E-06
  1520   234.08000      0.0000000000000000E+00  5.9888531813827232E-06  5.3148330656932590E+00  5.1948667874252938E-02  1.1070912184132659E-01  3.2930338119138317E-06
  1530   235.62000      0.0000000000000000E+00  5.8980741651191459E-06  5.3522766440279312E+00  5.1026835966805149E-02  1.1465076241238639E-01  2.5760358692100226E-06
  1540   237.16000      0.0000000000000000E+00  5.1669110489684499E-06  5.3865080677113522E+00  5.2855058520357372E-02  1.1237111202586944E-01  3.2997595318691570E-06
  1550   238.70000      0.0000000000000000E+00  5.5931612823527249E-06  5.4212120893560902E+00  5.0852517801631636E-02  1.1039067835210045E-01  2.6719214228140556E-06
  1560   240.24000      0.0000000000000000E+00  5.4790249606554446E-06  5.4530921172822939E+00  5.0517852113752648E-02  1.1619118429563134E-01  3.4007521214937092E-06
  1570   241.78000      0.0000000000000000E+00  5.3466279138343288E-06  5.4772325915386570E+00  5.7412111590725158E-02  1.1282862136820811E-01  2.6591450627320879E-06
  1580   243.32000      0.0000000000000000E+00  5.5195634321343724E-06  5.5144737334651701E+00  5.2482878869042203E-02  1.1341288646818577E-01  2.8866828814450945E-06
  1590   244.86000      0.0000000000000000E+00  5.3764501143553051E-06  5.5417856256226719E+00  5.5596786882579734E-02  1.1490723824654493E-01  3.2325052356288419E-06
  1600   246.40000      0.0000000000000000E+00  5.5543739395588640E-06  5.5687044777358095E+00  5.8095846170466599E-02  1.1760213764761149E-01  2.9222221980914952E-06
  1610   247.94000      0.0000000000000000E+00  5.2893175191408150E-06  5.5972603549916062E+00  5.8045461522423195E-02  1.1368183953106790E-01  2.6949236889556528E-06
  1620   249.48000      0.0000000000000000E+00  5.5283425271024621E-06  5.6276517878036714E+00  5.9295820813478790E-02  1.1757545762187101E-01  3.2212882704570192E-06
  1630   251.02000      0.0000000000000000E+00  5.4859250620211292E-06  5.6564674154095620E+00  5.9738241262304884E-02  1.1844106822452707E-01  2.7057548805989618E-06
  1640   252.56000      0.0000000000000000E+00  5.9490761356058359E-06  5.6815785079696131E+00  6.5779151819807341E-02  1.1465381178569627E-01  2.9232070874094280E-06
  1650   254.10000      0.0000000000000000E+00  5.5970305839841231E-06  5.7057145985187248E+00  6.3731582712818730E-02  1.1605541548226148E-01  2.8156548667071996E-06
  1660   255.64000      0.0000000000000000E+00  5.3592348456710258E-06  5.7325571147706613E+00  6.2345951668991539E-02  1.2291539008100594E-01  2.9041449566085143E-06
  1670   257.18000      0.0000000000000000E+00  5.7636949831825776E-06  5.7542351744235472E+00  6.6683884878344882E-02  1.1125781627325174E-01  3.0206543348890529E-06
  1680   258.72000      0.0000000000000000E+00  6.3147235160239558E-06  5.7776833320944831E+00  6.7093029256531503E-02  1.2101380421892309E-01  2.9544540472152117E-06
  1690   260.26000      0.0000000000000000E+00  6.1171063273736424E-06  5.7957384820593667E+00  6.6771435668697712E-02  1.1606167242315077E-01  2.8210380413739574E-06
  1700   261.80000      0.0000000000000000E+00  5.4802556273892971E-06  5.8103885490225968E+00  6.7357453018699207E-02  1.2338671860697173E-01  2.7057888653415467E-06
  1710   263.34000      0.0000000000000000E+00  6.0544521144075905E-06  5.8357573688616773E+00  6.6536311143648344E-02  1.1449696571091972E-01  3.2664012501612211E-06
  1720   264.88000      0.0000000000000000E+00  6.1640538479657361E-06  5.8445174157232236E+00  6.7826375287531285E-02  1.2517281420070014E-01  2.9882786744696592E-06
  1730   266.42000      0.0000000000000000E+00  5.5797635821417693E-06  5.8713906718927902E+00  6.7436255712576568E-02  1.2498340772316666E-01  3.2431573142552590E-06
  1740   267.96000      0.0000000000000000E+00  6.1649191952208718E-06  5.8933560496162176E+00  6.5835991415921863E-02  1.2018301697152503E-01  2.4844661300948680E-06
  1750   269.50000      0.0000000000000000E+00  6.4648597338281959E-06  5.9068090744443253E+00  7.0012322301303331E-02  1.2508084196294639E-01  3.2030714869827814E-06
  1760   271.04000      0.0000000000000000E+00  5.2953169465643435E-06  5.9463846984968445E+00  6.6315789836859637E-02  1.3478541158918311E-01  3.0396340320616978E-06
  1770   272.58000      0.0000000000000000E+00  5.8784342430874826E-06  5.9629908906227760E+00  6.6773150328929332E-02  1.2177709623305391E-01  2.8629947101821244E-06
  1780   274.12000      0.0000000000000000E+00  6.1849591551230496E-06  5.9888382652978667E+00  7.1230070163631837E-02  1.2766401461669744E-01  2.3154871433359508E-06
  1790   275.66000      0.0000000000000000E+00  5.4044522732527433E-06  6.0159021387311000E+00  6.8173286596267521E-02  1.4124450498234134E-01  3.7774352533349472E-06
  1800   277.20000      0.0000000000000000E+00  5.8706188906885962E-06  6.0380540486454803E+00  7.1729380370155346E-02  1.2809838232050436E-01  2.8157892344607198E-06
  1810   278.74000      0.0000000000000000E+00  6.1879178339822265E-06  6.0574222891811180E+00  7.0473777454550163E-02  1.3204100704369778E-01  2.7490292405319914E-06
  1820   280.28000      0.0000000000000000E+00  5.6635407749670939E-06  6.0877339688787799E+00  7.1687618573836168E-02  1.4117049068286425E-01  2.7416982040928774E-06
  1830   281.82000      0.0000000000000000E+00  5.8574195980893554E-06  6.1201616216896699E+00  7.1657941653414894E-02  1.4081860154478384E-01  3.2498742465996010E-06
  1840   283.36000      0.0000000000000000E+00  6.5770145570117069E-06  6.1500100348606512E+00  6.9713261931693901E-02  1.3020221895945028E-01  2.8356298588036167E-06
  1850   284.90000      0.0000000000000000E+00  5.6043152766986571E-06  6.1961470293168688E+00  7.6452541689361872E-02  1.4702875688901437E-01  2.3056136552393593E-06
  1860   286.44000      0.0000000000000000E+00  5.5713852714831596E-06  6.2337196560874908E+00  7.1249718532217177E-02  1.4077512827668867E-01  3.2402377032542886E-06
  1870   287.98000      0.0000000000000000E+00  6.4323471229645374E-06  6.2710888553407029E+00  7.2805550296469998E-02  1.3780625338615243E-01  2.9524195430203959E-06
  1880   289.52000      0.0000000000000000E+00  5.7084807386807501E-06  6.3236513781573969E+00  7.5373826866432139E-02  1.4113288591115034E-01  2.7910746115498974E-06
  1890   291.06000      0.0000000000000000E+00  5.5400315900917065E-06  6.3668223983048211E+00  7.0749967976342421E-02  1.5014418903418236E-01  2.6850727805479887E-06
  1900   292.60000      0.0000000000000000E+00  5.3743097970819083E-06  6.4209116558186166E+00  7.4044749306187582E-02  1.3283873509552563E-01  3.1406495122499074E-06
  1910   294.14000      0.0000000000000000E+00  5.9904902614110200E-06  6.4786127631236310E+00  7.4945168212146251E-02  1.4658939779232230E-01  2.7562222118994797E-06
  1920   295.68000      0.0000000000000000E+00  5.4905602498274636E-06  6.5236738027235930E+00  8.1215781402659615E-02  1.4245671663222362E-01  2.5371685918225000E-06
  1930   297.22000      0.0000000000000000E+00  5.7919161680648240E-06  6.5777352395379722E+00  7.8535677091963949E-02  1.3935783523106718E-01  3.0798156426674835E-06
  1940   298.76000      0.0000000000000000E+00  5.9806104442883497E-06  6.6187850025168746E+00  7.4024740988046248E-02  1.4063967006539363E-01  2.6512019759928245E-06
  1950   300.30000      0.0000000000000000E+00  5.5038193460711476E-06  6.6697593660795729E+00  7.8915294891945709E-02  1.4726000895846841E-01  2.8042223256557659E-06
  1960   301.84000      0.0000000000000000E+00  5.5009660858209122E-06  6.6996353380040254E+00  7.1928885135114098E-02  1.3779747996433403E-01  2.5057607901659296E-06
  1970   303.38000      0.0000000000000000E+00  5.4371199093343698E-06  6.7356667595854045E+00  7.4311913294422563E-02  1.3968168600053690E-01  3.1896726794824605E-06
  1980   304.92000      0.0000000000000000E+00  5.2830838060118316E-06  6.7663485337237219E+00  7.5682858200091976E-02  1.5003516320913188E-01  2.5202343074913982E-06
  1990   306.46000      0.0000000000000000E+00  5.2352167771345068E-06  6.7885959122527142E+00  6.7715624570734073E-02  1.3520080968753401E-01  2.9178125956068096E-06
  2000   308.00000      0.0000000000000000E+00  5.9295686668634006E-06  6.8133890260555106E+00  7.4406654552954352E-02  1.4487371184041473E-01  3.1904734675369996E-06
  2010   309.54000      0.0000000000000000E+00  5.4050334236159943E-06  6.8423864976723392E+00  6.7820364449135445E-02  1.4617963809947676E-01  2.4980452983597911E-06
  2020   311.08000      0.0000000000000000E+00  5.0097006624287509E-06  6.8649666902585560E+00  7.6177641532051282E-02  1.4423402835303553E-01  2.8712521355618412E-06
  2030   312.62000      0.0000000000000000E+00  5.9815546239042761E-06  6.8815835515087862E+00  7.1577847972729508E-02  1.3878875650712921E-01  2.9199395863113998E-06
  2040   314.16000      0.0000000000000000E+00  5.3273610082164585E-06  6.9072561267975763E+00  6.7544510857259821E-02  1.5666495499898372E-01  2.9263587551588789E-06
  2050   315.70000      0.0000000000000000E+00  4.7929746644808853E-06  6.9147619936757456E+00  6.9025865051622809E-02  1.4191023126167618E-01  2.5964042814877855E-06
  2060   317.24000      0.0000000000000000E+00  5.2953369747011904E-06  6.9429438142225539E+00  6.9710904935334189E-02  1.4715955137861006E-01  3.1959212458295617E-06
  2070   318.78000      0.0000000000000000E+00  5.7984645567155762E-06  6.9667763171289057E+00  6.5951991214133809E-02  1.5479412518330138E-01  2.7077318537683548E-06
  2080   320.32000      0.0000000000000000E+00  4.9675039941662372E-06  6.9909117048959182E+00  7.4691270262588788E-02  1.4640858445336466E-01  2.8174623437918217E-06
  2090   321.86000      0.0000000000000000E+00  5.4084175343312568E-06  7.0192589033613242E+00  7.0665258711668871E-02  1.4830324797233740E-01  3.1047317492437811E-06
  2100   323.40000      0.0000000000000000E+00  5.5660469737500703E-06  7.0636112101992774E+00  7.0532079049859364E-02  1.5344832421471141E-01  2.5500018104012706E-06
  2110   324.94000      0.0000000000000000E+00  5.5447311528499213E-06  7.0893613089202727E+00  7.0047112568276088E-02  1.5033665671087545E-01  2.9448915385671046E-06
  2120   326.48000      0.0000000000000000E+00  5.4187804517936606E-06  7.1209446165702692E+00  7.3083075693472790E-02  1.4618174042809065E-01  3.0151401054448501E-06
  2130   328.02000      0.0000000000000000E+00  5.4534146854916238E-06  7.1719462764598640E+00  6.5453800978340915E-02  1.5688399201783917E-01  2.7579004132962511E-06
  2140   329.56000      0.0000000000000000E+00  4.9370920321701101E-06  7.2061666341802333E+00  6.8151679271174381E-02  1.5023688368951318E-01  2.5105112158017167E-06
  2150   331.10000      0.0000000000000000E+00  5.2453002979229552E-06  7.2418138638299636E+00  7.1164698509259827E-02  1.4951778427585397E-01  3.3047932168377766E-06
  2160   332.64000      0.0000000000000000E+00  5.4163611058559075E-06  7.2869993742491515E+00  6.0966851887507174E-02  1.5445548674498327E-01  2.8452053556143766E-06
  2170   334.18000      0.0000000000000000E+00  4.7097952778977634E-06  7.3337490230285081E+00  6.2779328663694456E-02  1.5711882507542516E-01  2.9188855432707654E-06
  2180   335.72000      0.0000000000000000E+00  5.6295703440800644E-06  7.3579863171229922E+00  6.9763648382041868E-02  1.4850977471117591E-01  2.5988184572621084E-06
  2190   337.26000      0.0000000000000000E+00  5.8015955830973125E-06  7.4050913060349703E+00  6.4287899151184255E-02  1.5425474436131043E-01  3.5218278757359974E-06
  2200   338.80000      0.0000000000000000E+00  5.3545424574066795E-06  7.4311710603985883E+00  5.9675314179128872E-02  1.6202674679384427E-01  2.6820219735312632E-06
  2210   340.34000      0.0000000000000000E+00  5.3056358299089933E-06  7.4656451763358387E+00  6.3570543830471532E-02  1.5315468125584944E-01  2.6136153580684012E-06
  2220   341.88000      0.0000000000000000E+00  5.6825517318922043E-06  7.4912651009957987E+00  5.9725753395728734E-02  1.5715360849905630E-01  2.9407966959397939E-06
  2230   343.42000      0.0000000000000000E+00  5.7940804326094143E-06  7.5234032924100003E+00  6.0737411695013899E-02  1.6685555020806819E-01  3.0599437800379997E-06
  2240   344.96000      0.0000000000000000E+00  5.0276968816889607E-06  7.5562018761090721E+00  6.1902921094959582E-02  1.5764351359275586E-01  2.6765689724151093E-06
  2250   346.50000      0.0000000000000000E+00  5.7268731197933427E-06  7.5842014154045305E+00  6.4417647236039280E-02  1.6205775217492252E-01  2.6278215468503038E-06
  2260   348.04000      0.0000000000000000E+00  5.8327857342952151E-06  7.6228526009616218E+00  6.6158490901533348E-02  1.7030712361872866E-01  3.0236414211074075E-06
  2270   349.58000      0.0000000000000000E+00  5.2762653675455358E-06  7.6572364615745698E+00  6.5258578137744480E-02  1.6628949389742995E-01  2.7634161587503738E-06
  2280   351.12000      0.0000000000000000E+00  5.7973665317156281E-06  7.6980553679325130E+00  7.1005421739019331E-02  1.5990212484931621E-01  2.4883984829598141E-06
  2290   352.66000      0.0000000000000000E+00  5.8538313965502137E-06  7.7367162035922341E+00  6.5195084741207637E-02  1.7669518818767405E-01  2.7827047786239150E-06
  2300   354.20000      0.0000000000000000E+00  5.5278956731714275E-06  7.7770610740566513E+00  6.4239611442077793E-02  1.7019245212926670E-01  3.0858796369815691E-06
  2310   355.74000      0.0000000000000000E+00  5.7306669129339075E-06  7.8266397534471164E+00  7.2304816275848810E-02  1.6861796530287773E-01  2.2443143575245698E-06
  2320   357.28000      0.0000000000000000E+00  5.3785192285107229E-06  7.8504573740275498E+00  7.0990662467872334E-02  1.7271816168893200E-01  2.9201045495699152E-06
  2330   358.82000      0.0000000000000000E+00  5.5144015727485809E-06  7.9087755828672348E+00  7.5661213584618817E-02  1.8235970115943478E-01  2.7515665134724818E-06
  2340   360.36000      0.0000000000000000E+00  5.4339937748643578E-06  7.9372430286894611E+00  6.7163681210237386E-02  1.6666824541253328E-01  2.4824154817670695E-06
  2350   361.90000      0.0000000000000000E+00  5.5742418777452138E-06  7.9742664266024263E+00  7.2850952128566501E-02  1.7716037901953183E-01  2.5489639464309957E-06
  2360   363.44000      0.0000000000000000E+00  5.5807971138919664E-06  8.0205944558366706E+00  6.2652898146496244E-02  1.8380954424859597E-01  3.2690125339759912E-06
  2370   364.98000      0.0000000000000000E+00  5.3973271359460171E-06  8.0614427307838046E+00  6.4980173139619679E-02  1.6930092815831727E-01  2.8581382332338284E-06
  2380   366.52000      0.0000000000000000E+00  5.5682365706554195E-06  8.1065365581192204E+00  7.1780501950804307E-02  1.7921458325952094E-01  2.3112067763272427E-06
  2390   368.06000      0.0000000000000000E+00  5.6780899397896871E-06  8.1581684411762883E+00  6.6383162188233813E-02  1.7872219226918656E-01  3.6897874135006225E-06
  2400   369.60000      0.0000000000000000E+00  5.3462447306523145E-06  8.2044851291501164E+00  6.3474653658826985E-02  1.7763972860281907E-01  2.8781443327633583E-06
  2410   371.14000      0.0000000000000000E+00  5.9633622902938168E-06  8.2580229048712024E+00  6.7898910837648180E-02  1.7790627088922709E-01  2.2652940428518271E-06
  2420   372.68000      0.0000000000000000E+00  4.9924057959004094E-06  8.3041126749700016E+00  6.5249785400640498E-02  1.7639350934920317E-01  3.2060145289791782E-06
  2430   374.22000      0.0000000000000000E+00  6.0368822242736777E-06  8.3572548710421124E+00  6.7637347355737662E-02  1.8224841671887079E-01  3.1860835883065447E-06
  2440   375.76000      0.0000000000000000E+00  5.5212721795682278E-06  8.4022908551958082E+00  7.1261609685265084E-02  1.8117401304658370E-01  2.0894967248904193E-06
  2450   377.30000      0.0000000000000000E+00  5.1799530363273925E-06  8.4374288220389904E+00  7.2427100268978140E-02  1.7937062985134852E-01  3.1424225517809080E-06
  2460   378.84000      0.0000000000000000E+00  5.4103248035353976E-06  8.4950313015876020E+00  7.1651116396423145E-02  1.7560376976235326E-01  3.3928364278578233E-06
  2470   380.38000      0.0000000000000000E+00  5.7373716467813389E-06  8.5325190242829674E+00  6.9268632315576270E-02  1.9241734530769677E-01  2.5294893611859796E-06
  2480   381.92000      0.0000000000000000E+00  5.5775734913572237E-06  8.5732902029392939E+00  7.9461182326509561E-02  1.7398836040327093E-01  2.2583596146441864E-06
  2490   383.46000      0.0000000000000000E+00  5.3353112978265900E-06  8.6195660488628469E+00  7.2807008856995231E-02  1.8320774170480544E-01  3.8232406502724201E-06
  2500   385.00000      0.0000000000000000E+00  5.6152233159534999E-06  8.6519039162239135E+00  7.7060354364723860E-02  1.8777797604876822E-01  2.6041209284041417E-06
  2510   386.54000      0.0000000000000000E+00  5.9513144063309985E-06  8.6865688032540120E+00  7.5790119477029877E-02  1.8797774417830160E-01  2.3653060428333463E-06
  2520   388.08000      0.0000000000000000E+00  5.4565766865765871E-06  8.7222947447659678E+00  7.1098159282096604E-02  1.7207675509706796E-01  3.2585745453817687E-06
  2530   389.62000      0.0000000000000000E+00  5.7587327546505726E-06  8.7593063285829338E+00  7.5051856445268822E-02  1.9625342877979332E-01  3.2182465736421732E-06
  2540   391.16000      0.0000000000000000E+00  6.1158132319204760E-06  8.7865569218150590E+00  7.3224933164361114E-02  1.9399807665769447E-01  2.3354973712006060E-06
  2550   392.70000      0.0000000000000000E+00  5.5762684936418429E-06  8.8145907529997967E+00  7.3317811638887856E-02  1.7383634567268758E-01  3.1196055659491808E-06
  2560   394.24000      0.0000000000000000E+00  5.2161244302886136E-06  8.8507171155743087E+00  6.9191328862024379E-02  1.9264643486742883E-01  3.3654601808239549E-06
  2570   395.78000      0.0000000000000000E+00  5.5011657474968580E-06  8.8810809916547289E+00  7.7392048585007631E-02  2.0374174749173082E-01  2.0072648997199069E-06
  2580   397.32000      0.0000000000000000E+00  5.3461384404237427E-06  8.9064803167652666E+00  7.1873554739471573E-02  1.7680510414166697E-01  3.4256062573601737E-06
  2590   398.86000      0.0000000000000000E+00  5.4408358354287420E-06  8.9438823880586540E+00  8.2800527607631971E-02  1.9033881578287759E-01  3.4925158389728280E-06
  2600   400.40000      0.0000000000000000E+00  5.6503417374549228E-06  8.9771927153459821E+00  7.2113089437730690E-02  2.0245621179984699E-01  2.7493666984370042E-06
  2610   401.94000      0.0000000000000000E+00  5.4320382617289282E-06  9.0165731385375363E+00  7.9540080807327967E-02  1.9039042765384884E-01  2.8156463087675233E-06
  2620   403.48000      0.0000000000000000E+00  5.5933464510715052E-06  9.0471826165275484E+00  7.6850230228569877E-02  1.7343406530229241E-01  3.9961178751802879E-06
  2630   405.02000      0.0000000000000000E+00  6.0791290031065985E-06  9.0861605587287073E+00  7.7367043903857277E-02  2.2148999732469266E-01  2.1119759290922831E-06
  2640   406.56000      0.0000000000000000E+00  5.8432909904361129E-06  9.1240544670642514E+00  8.2421168783145926E-02  1.8373613296587460E-01  2.8539840219178894E-06
  2650   408.10000      0.0000000000000000E+00  5.3628269677871187E-06  9.1489562336644354E+00  7.7281969524664623E-02  1.8762384882885097E-01  3.3562631146825249E-06
  2660   409.64000      0.0000000000000000E+00  6.2446648902657778E-06  9.1813034061969727E+00  8.4024177826717769E-02  1.9946407686570369E-01  3.3769586017938271E-06
  2670   411.18000      0.0000000000000000E+00  5.6225749112577660E-06  9.2153620923188218E+00  8.8925607544853874E-02  2.0911440952164578E-01  1.7954393875285583E-06
  2680   412.72000      0.0000000000000000E+00  5.6677387196824590E-06  9.2262353358429845E+00  8.1555600013359181E-02  1.7694274964086465E-01  3.6204453321527635E-06
  2690   414.26000      0.0000000000000000E+00  6.3216831680259699E-06  9.2686085467942174E+00  8.6485893011341824E-02  2.1102220973389407E-01  3.1014289720246230E-06
  2700   415.80000      0.0000000000000000E+00  5.3687807204413293E-06  9.3006693294302600E+00  8.2517115616576514E-02  2.0556958281834131E-01  2.2441566069269979E-06
  2710   417.34000      0.0000000000000000E+00  6.1725109936096064E-06  9.3167340231707456E+00  8.5060711747831474E-02  1.9175051408464527E-01  2.7259888292276306E-06
  2720   418.88000      0.0000000000000000E+00  6.0320565930943813E-06  9.3560456872165574E+00  8.9133777312577961E-02  1.9672464293015079E-01  3.4313514159579057E-06
  2730   420.42000      0.0000000000000000E+00  6.1390017662765747E-06  9.3802277021706306E+00  8.2579572412390972E-02  2.2062645343457046E-01  2.3614191115224367E-06
  2740   421.96000      0.0000000000000000E+00  6.2486595530946637E-06  9.4170492204127871E+00  8.7163316618167758E-02  1.9064161972696475E-01  2.3943197925614044E-06
  2750   423.50000      0.0000000000000000E+00  6.0916669414780898E-06  9.4346236897443330E+00  8.4252657528957109E-02  2.0185905688382083E-01  3.2426460518635306E-06
  2760   425.04000      0.0000000000000000E+00  6.0511189377455863E-06  9.4639537410764412E+00  8.5846079774447220E-02  2.1071791922488922E-01  2.9299574603168345E-06
  2770   426.58000      0.0000000000000000E+00  5.8533993573037018E-06  9.4922619868440954E+00  8.4750284903390441E-02  2.0794782029928988E-01  2.1376445241154072E-06
  2780   428.12000      0.0000000000000000E+00  6.2473519260573670E-06  9.4890100589035793E+00  8.5287601503129876E-02  1.9419564356698416E-01  3.0262000145514246E-06
  2790   429.66000      0.0000000000000000E+00  6.4002940627230911E-06  9.5091580186468789E+00  8.7874037779198513E-02  2.1750645161705415E-01  2.9417321610196692E-06
  2800   431.20000      0.0000000000000000E+00  6.1801997358646082E-06  9.5274447213588012E+00  8.0410669333945986E-02  2.0934987559540047E-01  2.5704306902211325E-06
  2810   432.74000      0.0000000000000000E+00  6.5867120543014648E-06  9.5368612935568127E+00  8.7144356344910578E-02  2.0332394189252362E-01  2.2071059899000094E-06
  2820   434.28000      0.0000000000000000E+00  6.2347019884346090E-06  9.5441343219369230E+00  8.5208311330414441E-02  2.0810407436617770E-01  2.9802148491813005E-06
  2830   435.82000      0.0000000000000000E+00  6.3564293204397112E-06  9.5687447539974695E+00  8.1563710163382042E-02  2.2905270635704325E-01  3.1628601787586366E-06
  2840   437.36000      0.0000000000000000E+00  6.5156091450205943E-06  9.5851485032105437E+00  8.6158171550893864E-02  1.9303131813881585E-01  2.0797940546801778E-06
  2850   438.90000      0.0000000000000000E+00  6.3310878133526190E-06  9.5977261213478720E+00  8.7693647904736036E-02  2.2045524757155430E-01  3.1886564179379351E-06
  2860   440.44000      0.0000000000000000E+00  6.2535124454689679E-06  9.6264910231291587E+00  8.4686913700718319E-02  2.2220663523568479E-01  3.0238925447575516E-06
  2870   441.98000      0.0000000000000000E+00  6.3154085424250280E-06  9.6503594652668827E+00  8.9126543730850494E-02  2.0370100105024586E-01  2.7317889871673761E-06
  2880   443.52000      0.0000000000000000E+00  6.6899727773187674E-06  9.6700891902256565E+00  8.9081985667815361E-02  2.1042558577331405E-01  2.4135853225891309E-06
  2890   445.06000      0.0000000000000000E+00  6.5982250925304126E-06  9.6968715570265811E+00  9.3965545678328252E-02  2.2787857486211568E-01  3.3844429914697021E-06
  2900   446.60000      0.0000000000000000E+00  6.0795199485262869E-06  9.7296476494590909E+00  9.3552689975595613E-02  2.0883811642596073E-01  3.0201238764742401E-06
  2910   448.14000      0.0000000000000000E+00  7.4785077912527161E-06  9.7537088387837780E+00  9.0211615156243277E-02  2.1063908175855406E-01  2.2328493478845264E-06
  2920   449.68000      0.0000000000000000E+00  6.4123022857065340E-06  9.7846222963760159E+00  1.0111135710102326E-01  2.2495370520868080E-01  3.0945376110678430E-06
  2930   451.22000      0.0000000000000000E+00  6.3940574200606040E-06  9.8217272025099351E+00  8.9702085479464025E-02  2.2268261638698683E-01  3.4273864331257368E-06
  2940   452.76000      0.0000000000000000E+00  7.5800353075893356E-06  9.8694358236253290E+00  9.2323142747907358E-02  2.0863988462560487E-01  2.2039726401572672E-06
  2950   454.30000      0.0000000000000000E+00  6.6592863058966772E-06  9.9029114796521522E+00  1.0432217785568700E-01  2.2493568389586122E-01  2.5131060589867619E-06
  2960   455.84000      0.0000000000000000E+00  6.3074214168235521E-06  9.9468989275427955E+00  9.3391633091026022E-02  2.2891900748617211E-01  3.4050155719484489E-06
  2970   457.38000      0.0000000000000000E+00  7.0501940502662225E-06  1.0001134243472812E+01  9.6175923525234061E-02  2.1154076642086667E-01  2.6830013853676392E-06
  2980   458.92000      0.0000000000000000E+00  6.2637845697337367E-06  1.0033579727628961E+01  9.3654055127573466E-02  2.2051942357217874E-01  2.2832270237899475E-06
  2990   460.46000      0.0000000000000000E+00  6.3399158589003577E-06  1.0070273121389350E+01  9.6357448554312899E-02  2.3554164952472648E-01  3.3926516715309320E-06
  3000   462.00000      0.0000000000000000E+00  6.9570791963487203E-06  1.0128823973120785E+01  8.3950306977794736E-02  2.1781741128490639E-01  3.0024119533208534E-06
  3010   463.54000      0.0000000000000000E+00  6.6232715361569982E-06  1.0169844671654202E+01  9.0157848308530131E-02  2.2069381739686650E-01  1.9328472952078700E-06
  3020   465.08000      0.0000000000000000E+00  6.1335544167654949E-06  1.0204350639603359E+01  9.6217579036245227E-02  2.2811908656872368E-01  3.4655640720006586E-06
  3030   466.62000      0.0000000000000000E+00  6.6140179086077375E-06  1.0253230942224858E+01  9.3746569272396427E-02  2.3079008011070049E-01  3.0603916598616717E-06
  3040   468.16000      0.0000000000000000E+00  6.6923168024491274E-06  1.0290109601370405E+01  8.9344556772062461E-02  2.1523815041770566E-01  2.2931649591730839E-06
  3050   469.70000      0.0000000000000000E+00  6.5947555755493528E-06  1.0318008573609516E+01  9.4718157401491004E-02  2.3619795012094572E-01  3.1776848810710798E-06
  3060   471.24000      0.0000000000000000E+00  6.1833227153869908E-06  1.0347511304575409E+01  9.3623647296822696E-02  2.2845884354835178E-01  3.0231497733617770E-06
  3070   472.78000      0.0000000000000000E+00  6.4877646345109703E-06  1.0388525488681395E+01  9.3396652462211044E-02  2.2850140065844776E-01  2.5397004261000440E-06
  3080   474.32000      0.0000000000000000E+00  6.0702047703243891E-06  1.0410820155860565E+01  9.1821680899003277E-02  2.2312998024472402E-01  2.9389107264995539E-06
  3090   475.86000      0.0000000000000000E+00  5.5208250054065755E-06  1.0431906636334078E+01  9.1695169166905857E-02  2.3738180665603092E-01  3.5257404484031290E-06
  3100   477.40000      0.0000000000000000E+00  6.4916167338330682E-06  1.0460078469399761E+01  9.3183728544662739E-02  2.3234477358473823E-01  2.2249598362147329E-06
  3110   478.94000      0.0000000000000000E+00  6.1926594351629576E-06  1.0493377931296981E+01  9.3268336232725374E-02  2.2506705482281247E-01  2.4823301730849667E-06
  3120   480.48000      0.0000000000000000E+00  5.9153132188288592E-06  1.0504832860832119E+01  9.5098015339859121E-02  2.3303953859768611E-01  3.6756240878398520E-06
  3130   482.02000      0.0000000000000000E+00  6.1683276470095578E-06  1.0534251306929182E+01  8.8073419045954199E-02  2.3694113741372963E-01  2.4672182251112885E-06
  3140   483.56000      0.0000000000000000E+00  6.5636600527812455E-06  1.0568611073995060E+01  8.7384687886908910E-02  2.2483234218565420E-01  2.4678272403428252E-06
  3150   485.10000      0.0000000000000000E+00  6.3266539409526682E-06  1.0579689078145458E+01  9.1611774464626317E-02  2.3106166915677734E-01  3.5146311548547934E-06
  3160   486.64000      0.0000000000000000E+00  6.2856325927636503E-06  1.0592896532010183E+01  1.0070498258984861E-01  2.3894340637086758E-01  2.5575690054173365E-06
  3170   488.18000      0.0000000000000000E+00  6.6399180018582444E-06  1.0612559216929714E+01  8.5714656004197087E-02  2.2731806229129403E-01  2.5242564961498773E-06
  3180   489.72000      0.0000000000000000E+00  6.3112112811447668E-06  1.0636702863038092E+01  8.8922994311414122E-02  2.3697691595015236E-01  3.1313317799173707E-06
  3190   491.26000      0.0000000000000000E+00  5.9178037221307591E-06  1.0639568688090781E+01  9.0875243961712746E-02  2.2825497528687239E-01  2.6197048476678664E-06
  3200   492.80000      0.0000000000000000E+00  6.2738668180708347E-06  1.0661843215884110E+01  9.4776159246813013E-02  2.4686478585708443E-01  1.9682175080135754E-06
  3210   494.34000      0.0000000000000000E+00  6.3591531327998548E-06  1.0703791118539154E+01  8.9912907319178642E-02  2.3295610670021058E-01  3.8752278472406604E-06
  3220   495.88000      0.0000000000000000E+00  6.3962015736900883E-06  1.0736451863182824E+01  9.0627719603525086E-02  2.2793738856475687E-01  2.4827895549976381E-06
  3230   497.42000      0.0000000000000000E+00  5.7995140423559817E-06  1.0753426507216577E+01  9.4981895581975881E-02  2.5506930030847080E-01  2.2656861832679336E-06
  3240   498.96000      0.0000000000000000E+00  6.5320874628213765E-06  1.0809371096247393E+01  9.0107796616208879E-02  2.3485167075342386E-01  3.3055030135883899E-06
  3250   500.50000      0.0000000000000000E+00  6.6142160517659922E-06  1.0837497514521262E+01  9.2301733326269828E-02  2.3211526060696114E-01  3.4245978350390564E-06
  3260   502.04000      0.0000000000000000E+00  6.2222733348882197E-06  1.0865291610005857E+01  9.4431751650799728E-02  2.4609252245108754E-01  2.5588300076747258E-06
  3270   503.58000      0.0000000000000000E+00  6.5075803130099232E-06  1.0901948376474273E+01  9.5949822596368306E-02  2.4878696809317077E-01  2.2130820623783726E-06
  3280   505.12000      0.0000000000000000E+00  7.1925579499130611E-06  1.0945486784581380E+01  8.9203434346991503E-02  2.3750308514780674E-01  3.6695720062949372E-06
  3290   506.66000      0.0000000000000000E+00  6.1472321887855194E-06  1.0966343283626529E+01  9.7821171069017984E-02  2.4374550516884044E-01  3.3080023185907221E-06
  3300   508.20000      0.0000000000000000E+00  6.8663893622630319E-06  1.0999933016039185E+01  8.8202822094327768E-02  2.5631097887882337E-01  1.9066184233750062E-06
  3310   509.74000      0.0000000000000000E+00  7.4065476498339629E-06  1.1047711871001880E+01  8.9588492093849337E-02  2.3922107402577153E-01  3.0684527311796702E-06
  3320   511.28000      0.0000000000000000E+00  7.1183074922979334E-06  1.1063739713947253E+01  8.4754511062440516E-02  2.4569706537304026E-01  3.9937590917959049E-06
  3330   512.82000      0.0000000000000000E+00  6.6694783775046538E-06  1.1108897897430552E+01  8.5696985832163869E-02  2.5611507554325702E-01  2.4305476508535675E-06
  3340   514.36000      0.0000000000000000E+00  6.7254387099194760E-06  1.1153683735889310E+01  7.8024667592244329E-02  2.4756637821383276E-01  2.4363459674690710E-06
  3350   515.90000      0.0000000000000000E+00  6.4628458882363415E-06  1.1192843596329983E+01  8.2434632511079242E-02  2.4770349903503200E-01  3.8473467384175401E-06
  3360   517.44000      0.0000000000000000E+00  6.5142097204640562E-06  1.1239633988981462E+01  7.9623840058846096E-02  2.5158446026794495E-01  3.4228256347010927E-06
  3370   518.98000      0.0000000000000000E+00  6.4697433160110174E-06  1.1284443462250691E+01  8.2561440520706464E-02  2.6198581955596312E-01  1.9642947877532611E-06
  3380   520.52000      0.0000000000000000E+00  6.0623469392167825E-06  1.1318360286410066E+01  7.9919480497238696E-02  2.4339059321094531E-01  3.4239819653825352E-06
  3390   522.06000      0.0000000000000000E+00  6.2258560750251348E-06  1.1357122806088380E+01  8.5464654862575304E-02  2.5652997061331995E-01  3.9203549152070180E-06
  3400   523.60000      0.0000000000000000E+00  6.3118788236034902E-06  1.1396323870990898E+01  7.8712122076993032E-02  2.5944662151164616E-01  2.5075985053908230E-06
  3410   525.14000      0.0000000000000000E+00  6.4038479852212335E-06  1.1450105792507198E+01  8.8624229687540232E-02  2.5401403467397377E-01  2.6177741206381566E-06
  3420   526.68000      0.0000000000000000E+00  6.3788213468334660E-06  1.1487263204579083E+01  8.8304397957304284E-02  2.4722451973899218E-01  4.3236074791130104E-06
  3430   528.22000      0.0000000000000000E+00  6.5900461908510467E-06  1.1538824833541090E+01  8.6600693114484720E-02  2.7219371925587232E-01  2.4823207018987286E-06
  3440   529.76000      0.0000000000000000E+00  6.7183821163000333E-06  1.1592514851637244E+01  8.8819101665426906E-02  2.5196465544925406E-01  2.5374087349672165E-06
  3450   531.30000      0.0000000000000000E+00  6.1446631801255638E-06  1.1627520196305101E+01  9.2456830919612626E-02  2.5286586317222171E-01  3.7903379177368938E-06
  3460   532.84000      0.0000000000000000E+00  6.6541025420297153E-06  1.1675171994261504E+01  8.6248412243261602E-02  2.6628713173934804E-01  2.8269960447346595E-06
  3470   534.38000      0.0000000000000000E+00  7.1689033882681953E-06  1.1717841805650988E+01  9.2547677130391220E-02  2.6485188536836640E-01  1.8978973940222896E-06
  3480   535.92000      0.0000000000000000E+00  6.5957345948915057E-06  1.1762858643284510E+01  8.8145276833748107E-02  2.4816991869166866E-01  3.9779923873213900E-06
  3490   537.46000      0.0000000000000000E+00  6.3961116315113004E-06  1.1803306535823918E+01  9.3235317713122101E-02  2.7194129451835297E-01  3.0031822055690097E-06
  3500   539.00000      0.0000000000000000E+00  7.1984454347127128E-06  1.1845477840724463E+01  9.3235672172849643E-02  2.6178922706466939E-01  1.9751884468944015E-06
  3510   540.54000      0.0000000000000000E+00  6.9478218884220320E-06  1.1894036200358865E+01  9.3257949138041918E-02  2.6251691501452218E-01  3.5197481075388841E-06
  3520   542.08000      0.0000000000000000E+00  6.3763115204595998E-06  1.1937066477945288E+01  9.9591484132949853E-02  2.6345664335241209E-01  3.5978150315318051E-06
  3530   543.62000      0.0000000000000000E+00  7.1968759378129821E-06  1.1975170694984577E+01  9.3344094548779011E-02  2.7020074579880693E-01  1.9190602231463620E-06
  3540   545.16000      0.0000000000000000E+00  6.6795312930419248E-06  1.2028670491777911E+01  9.7824187178970276E-02  2.6537117188355025E-01  3.0972813652716600E-06
  3550   546.70000      0.0000000000000000E+00  6.3300859805126770E-06  1.2066739062120339E+01  9.4969805159608095E-02  2.6397833008824473E-01  3.7463333836326998E-06
  3560   548.24000      0.0000000000000000E+00  6.8389706272700929E-06  1.2102025334151014E+01  1.0047137963475139E-01  2.6921409088540660E-01  2.3701996344787468E-06
  3570   549.78000      0.0000000000000000E+00  6.5568566199725422E-06  1.2141601611831716E+01  1.0204737115487646E-01  2.7323149756208898E-01  3.0499002348336562E-06
  3580   551.32000      0.0000000000000000E+00  6.7417876026048274E-06  1.2172699289863756E+01  9.7482785457394042E-02  2.6309082951659118E-01  3.6539641830481041E-06
  3590   552.86000      0.0000000000000000E+00  6.5683949448733883E-06  1.2205253311646583E+01  9.8986371262947806E-02  2.7058159778701862E-01  1.9158612373038049E-06
  3600   554.40000      0.0000000000000000E+00  6.7689826846093277E-06  1.2238871382707547E+01  1.0384498766933316E-01  2.7248318701489466E-01  3.3196489649618073E-06
  3610   555.94000      0.0000000000000000E+00  6.4713108909767295E-06  1.2266313501685669E+01  1.0155356784167166E-01  2.7245250546646915E-01  3.8821467772173023E-06
  3620   557.48000      0.0000000000000000E+00  6.4497002855486609E-06  1.2312324406971310E+01  8.8625227224213676E-02  2.7331238824905080E-01  2.5334598429021106E-06
  3630   559.02000      0.0000000000000000E+00  7.0704904330935868E-06  1.2328252341185195E+01  9.8049901579883691E-02  2.7005855504568849E-01  2.6024704967620249E-06
  3640   560.56000      0.0000000000000000E+00  6.8728979681150009E-06  1.2355161240599974E+01  1.0198936216872226E-01  2.8810992424765752E-01  4.5039854006639408E-06
  3650   562.10000      0.0000000000000000E+00  6.7947358210256581E-06  1.2389573462412917E+01  9.3166271943143059E-02  2.5680120920298799E-01  2.6249395341350815E-06
  3660   563.64000      0.0000000000000000E+00  6.6967761189204918E-06  1.2397756374194751E+01  9.6350915357417799E-02  2.8838565054349946E-01  2.0427159879381195E-06
  3670   565.18000      0.0000000000000000E+00  6.7579238625805095E-06  1.2433193812233467E+01  9.3287003499506138E-02  2.7021471132316499E-01  4.0265166409143091E-06
  3680   566.72000      0.0000000000000000E+00  6.8369075839955337E-06  1.2458775420163979E+01  9.0686914672699362E-02  2.8056335427478907E-01  3.7885072640036248E-06
  3690   568.26000      0.0000000000000000E+00  6.9712134894633867E-06  1.2485283125759503E+01  8.9534410449383081E-02  2.7248464095602937E-01  2.0104749289538105E-06
  3700   569.80000      0.0000000000000000E+00  6.7391641938661732E-06  1.2520970914849878E+01  9.1497370630358676E-02  2.8635463034727893E-01  2.7586054388743250E-06
  3710   571.34000      0.0000000000000000E+00  6.6003515342096831E-06  1.2546952664338384E+01  9.4302795297052364E-02  2.6732656392788318E-01  4.6406582387609869E-06
  3720   572.88000      0.0000000000000000E+00  7.2607648211734556E-06  1.2576349249013861E+01  8.4675687919383028E-02  2.8495195223832470E-01  2.0147411443480959E-06
  3730   574.42000      0.0000000000000000E+00  6.7976998958500377E-06  1.2602384964637210E+01  9.3052332399344559E-02  2.7869672695180686E-01  2.5303776605891273E-06
  3740   575.96000      0.0000000000000000E+00  6.9534013878640264E-06  1.2634403627748622E+01  8.9187268302343539E-02  2.8074758822189616E-01  4.1004454323508684E-06
  3750   577.50000      0.0000000000000000E+00  7.3931646060574529E-06  1.2662679903510586E+01  9.2394788116947277E-02  2.7861514007321708E-01  2.9373307487278664E-06
  3760   579.04000      0.0000000000000000E+00  7.1233581612235502E-06  1.2705324039521964E+01  9.3759008903899127E-02  2.8260029049554591E-01  1.9664921055572983E-06
  3770   580.58000      0.0000000000000000E+00  7.2423260984159657E-06  1.2739242638395377E+01  9.5503704489167091E-02  2.7874773364010791E-01  3.8458919232529515E-06
  3780   582.12000      0.0000000000000000E+00  7.5925673551467089E-06  1.2777453098976515E+01  9.0756084926330999E-02  2.8433071941236182E-01  3.4485861089924896E-06
  3790   583.66000      0.0000000000000000E+00  7.0445320035712223E-06  1.2811145854736685E+01  9.6961125477436488E-02  2.7698178297500092E-01  2.1593533862202634E-06
  3800   585.20000      0.0000000000000000E+00  7.4037477496431795E-06  1.2858332461143693E+01  9.7285777773102350E-02  2.9489572447364343E-01  2.9211216369242768E-06
  3810   586.74000      0.0000000000000000E+00  7.0395798388798862E-06  1.2896885746796240E+01  9.1661922557989273E-02  2.6811433220776804E-01  3.9558490949328449E-06
  3820   588.28000      0.0000000000000000E+00  7.1869591363368861E-06  1.2933873310826677E+01  1.0025135294854373E-01  2.9421704596832232E-01  2.3264323973264981E-06
  3830   589.82000      0.0000000000000000E+00  6.9011062503385653E-06  1.2991393706425690E+01  9.9692257749541019E-02  2.8398048902310652E-01  2.7251374816968975E-06
  3840   591.36000      0.0000000000000000E+00  7.2614125194251163E-06  1.3022288358199836E+01  9.5869615615508413E-02  2.8124718552170003E-01  3.6841513109220386E-06
  3850   592.90000      0.0000000000000000E+00  6.6577775861600806E-06  1.3084770421393801E+01  1.0913499622553921E-01  2.8640493110142534E-01  2.8992465926655135E-06
  3860   594.44000      0.0000000000000000E+00  7.4679854924037838E-06  1.3109375429128288E+01  1.0230871443138692E-01  2.8489355884695067E-01  2.0653535871925730E-06
  3870   595.98000      0.0000000000000000E+00  7.0471803754624975E-06  1.3160780109255708E+01  1.0733052286465998E-01  2.9757153188167718E-01  3.3528260898833495E-06
  3880   597.52000      0.0000000000000000E+00  7.1816354794199586E-06  1.3176392968890156E+01  1.0520472179908821E-01  2.6996609036761171E-01  3.3196497580414875E-06
  3890   599.06000      0.0000000000000000E+00  7.7707865579713668E-06  1.3215067857328876E+01  1.1094032735004067E-01  3.0233538257266684E-01  1.9275835780989270E-06
  3900   600.60000      0.0000000000000000E+00  7.7375072575356115E-06  1.3225791423051735E+01  1.0864755897593241E-01  2.9548383885949248E-01  2.7573062344417686E-06
  3910   602.14000      0.0000000000000000E+00  7.2361518104549462E-06  1.3240871947855183E+01  1.0797027893927308E-01  2.7731120558739891E-01  3.2814666190946237E-06
  3920   603.68000      0.0000000000000000E+00  8.0730093176403385E-06  1.3258736823583249E+01  1.0325559968915336E-01  3.0383242903248392E-01  2.4033806351182855E-06
  3930   605.22000      0.0000000000000000E+00  8.3417986893911693E-06  1.3275763383410059E+01  1.0952787134154097E-01  2.9591890242135072E-01  2.3146169942308701E-06
  3940   606.76000      0.0000000000000000E+00  8.1009828806001294E-06  1.3283650553733128E+01  1.1063493820601371E-01  2.9277840969705254E-01  3.4935400923423947E-06
  3950   608.30000      0.0000000000000000E+00  8.1346108268867199E-06  1.3314307248417489E+01  1.1142766031585620E-01  2.9235003177507329E-01  2.4799416612082244E-06
  3960   609.84000      0.0000000000000000E+00  8.0013963402523049E-06  1.3330795713944978E+01  1.0679999285588541E-01  3.0812315384420380E-01  2.2581365166233543E-06
  3970   611.38000      0.0000000000000000E+00  8.3869568396237645E-06  1.3340010356910089E+01  1.1529661076832129E-01  2.9210847965840342E-01  3.4530662652814063E-06
  3980   612.92000      0.0000000000000000E+00  8.0827905594260365E-06  1.3387684214742785E+01  1.0639823720314398E-01  2.9545968583307891E-01  3.4554708584015260E-06
  3990   614.46000      0.0000000000000000E+00  8.0722341911455207E-06  1.3402288672752260E+01  1.1464177440909487E-01  3.0488344971626535E-01  1.8441017615900048E-06
  4000   616.00000      0.0000000000000000E+00  8.3949197006781123E-06  1.3423669369238553E+01  1.1148991680592830E-01  3.0368038288834298E-01  3.5025793408974921E-06
  4010   617.54000      0.0000000000000000E+00  8.7146046700206885E-06  1.3471831614521106E+01  1.1186438085217776E-01  2.8765091605728860E-01  3.6378972100008108E-06
  4020   619.08000      0.0000000000000000E+00  8.5182104762848999E-06  1.3493146880976310E+01  1.1352417624675074E-01  3.2028212726350103E-01  1.8441715305674724E-06
  4030   620.62000      0.0000000000000000E+00  9.0432020819375294E-06  1.3527326564681426E+01  1.1369418644009577E-01  2.9259058843030339E-01  3.0830781295556929E-06
  4040   622.16000      0.0000000000000000E+00  7.7699568166693925E-06  1.3569176450614993E+01  1.0846434817110782E-01  3.0279242155617325E-01  4.0406661478551740E-06
  4050   623.70000      0.0000000000000000E+00  8.7423637509991316E-06  1.3605318696800968E+01  1.1609949945046849E-01  3.0615815617786057E-01  2.0479738664770375E-06
  4060   625.24000      0.0000000000000000E+00  7.9559262126312574E-06  1.3635686644632436E+01  1.1233318621713792E-01  3.0571084919258235E-01  2.7084909428151942E-06
  4070   626.78000      0.0000000000000000E+00  7.8859103506330824E-06  1.3670333463308545E+01  1.1342829854195284E-01  3.0327788935091105E-01  4.2100263689116915E-06
  4080   628.32000      0.0000000000000000E+00  8.3593149164293924E-06  1.3706933549191087E+01  1.0437463149241751E-01  3.0483485282411399E-01  2.3104061963438966E-06
  4090   629.86000      0.0000000000000000E+00  8.1132263695223059E-06  1.3744364512124703E+01  1.1643610006101660E-01  3.1390078981568087E-01  2.5130323554600910E-06
  4100   631.40000      0.0000000000000000E+00  7.8031276118220389E-06  1.3776340309048861E+01  1.0768789666614884E-01  2.9303126404357377E-01  3.8106392623495975E-06
  4110   632.94000      0.0000000000000000E+00  8.0901837059955590E-06  1.3812303229357440E+01  1.1065316098475173E-01  3.2043667421253869E-01  2.7923094593751573E-06
  4120   634.48000      0.0000000000000000E+00  8.1284738843482905E-06  1.3837965138975179E+01  1.0634290145452995E-01  3.0406088715669100E-01  2.0594070636286234E-06
  4130   636.02000      0.0000000000000000E+00  8.4300235920557964E-06  1.3862823423949802E+01  1.0761750447306830E-01  3.0252248921969571E-01  3.7564386316999959E-06
  4140   637.56000      0.0000000000000000E+00  7.5357961945430204E-06  1.3887465160187894E+01  1.0543844744111221E-01  3.1502444538912699E-01  3.1100169730982087E-06
  4150   639.10000      0.0000000000000000E+00  8.3713825425472438E-06  1.3903097837348241E+01  1.0736215111495701E-01  3.1154402261140407E-01  1.8048248031954130E-06
  4160   640.64000      0.0000000000000000E+00  8.2977839824241070E-06  1.3937478727314897E+01  1.0842718043895914E-01  2.9931410681319431E-01  3.6819056543743613E-06
  4170   642.18000      0.0000000000000000E+00  8.1700773512147631E-06  1.3949651789040804E+01  1.0999946452176376E-01  3.2064334913118997E-01  3.1346639898566001E-06
  4180   643.72000      0.0000000000000000E+00  8.4659030535042875E-06  1.3985860720122471E+01  1.1584269971999328E-01  3.0878000577487180E-01  1.8423007571019267E-06
  4190   645.26000      0.0000000000000000E+00  7.9413116986795969E-06  1.4016705883575932E+01  1.1282967547368752E-01  3.0326661246989262E-01  3.4765798512375451E-06
  4200   646.80000      0.0000000000000000E+00  8.5976941007525710E-06  1.4032714203080577E+01  1.1013266173986964E-01  3.2027823286505325E-01  3.5738570154194929E-06
  4210   648.34000      0.0000000000000000E+00  8.2583454325681709E-06  1.4075297246734387E+01  1.1625946265678706E-01  3.1517715669425062E-01  1.6956034771820919E-06
  4220   649.88000      0.0000000000000000E+00  8.0865939389482894E-06  1.4093095010039624E+01  1.1120728568810440E-01  3.0995236955431332E-01  3.2847989828993654E-06
  4230   651.42000      0.0000000000000000E+00  8.0625037472767515E-06  1.4118303623949588E+01  1.1175854775346535E-01  3.0960994985592172E-01  3.6506405147740391E-06
  4240   652.96000      0.0000000000000000E+00  8.3374261676763115E-06  1.4165696443354266E+01  1.1423671298063674E-01  3.2522785979570507E-01  2.3525809941581500E-06
  4250   654.50000      0.0000000000000000E+00  7.6153924357325875E-06  1.4187047835498941E+01  1.0827867283880976E-01  3.0761358550450096E-01  2.7384212317423146E-06
  4260   656.04000      0.0000000000000000E+00  8.3003302420142481E-06  1.4229192572032209E+01  1.1268404626885989E-01  3.1110224964346467E-01  3.8101620558757411E-06
  4270   657.58000      0.0000000000000000E+00  7.4181505733640502E-06  1.4260628039025050E+01  1.0683415860442864E-01  3.2308826985635997E-01  2.1492064824396500E-06
  4280   659.12000      0.0000000000000000E+00  8.6441289294106036E-06  1.4287094136193645E+01  1.1208147412553476E-01  3.0753654428340393E-01  2.5634191365711753E-06
  4290   660.66000      0.0000000000000000E+00  7.8864075337215354E-06  1.4314754037279309E+01  1.1210649837864681E-01  3.0825967953654909E-01  3.9368686172654622E-06
  4300   662.20000      0.0000000000000000E+00  7.4649956947735397E-06  1.4349013825622801E+01  1.0198562863960482E-01  3.2752560277885595E-01  2.5790595646544624E-06
  4310   663.74000      0.0000000000000000E+00  8.4274238259842882E-06  1.4371146548772263E+01  1.0960803161844759E-01  3.0941627700035523E-01  2.2057861144847141E-06
  4320   665.28000      0.0000000000000000E+00  8.3585997289417606E-06  1.4394320927344280E+01  1.0552758827670844E-01  3.0868299274282501E-01  3.3867930139045404E-06
  4330   666.82000      0.0000000000000000E+00  7.9131658722706954E-06  1.4409113315692508E+01  1.0267360155549021E-01  3.2436971886769084E-01  3.1812338980730118E-06
  4340   668.36000      0.0000000000000000E+00  8.6276394479645366E-06  1.4444606567291121E+01  1.0831068194222311E-01  3.1699151581928625E-01  1.7043721949608730E-06
  4350   669.90000      0.0000000000000000E+00  7.9256068006153712E-06  1.4435019516182129E+01  1.0428372217691972E-01  2.9857107942180389E-01  2.9066333836396135E-06
  4360   671.44000      0.0000000000000000E+00  8.6945747925449986E-06  1.4474543141776826E+01  1.0786499354179022E-01  3.3771026088352352E-01  3.4974590481817949E-06
  4370   672.98000      0.0000000000000000E+00  7.5248722071977011E-06  1.4475033598175685E+01  1.0714269184219290E-01  3.1059039032626290E-01  2.2885453641027197E-06
  4380   674.52000      0.0000000000000000E+00  8.3672287316009947E-06  1.4492109604713479E+01  1.0771127722210933E-01  3.1576664261716336E-01  2.0639740277780569E-06
  4390   676.06000      0.0000000000000000E+00  8.1066973286274078E-06  1.4508406923257279E+01  1.1428809478638334E-01  3.2659748210784151E-01  3.7898783271923791E-06
  4400   677.60000      0.0000000000000000E+00  8.1048574483995843E-06  1.4531268163164587E+01  1.0765605395095848E-01  3.2729536040380058E-01  2.7493415051301612E-06
  4410   679.14000      0.0000000000000000E+00  8.4388200778723917E-06  1.4571412900208413E+01  1.1532535854710051E-01  3.0827208376056592E-01  1.9196357070281967E-06
  4420   680.68000      0.0000000000000000E+00  8.0508897558747136E-06  1.4583522842091980E+01  1.0379008415584462E-01  3.2936394637005323E-01  2.8132043384578284E-06
  4430   682.22000      0.0000000000000000E+00  8.1122504175670346E-06  1.4635197671263938E+01  1.1036399839408594E-01  3.4187934338679277E-01  3.7427510372638416E-06
  4440   683.76000      0.0000000000000000E+00  8.4773040999607673E-06  1.4664616557336279E+01  1.0003500997691527E-01  3.0834798635747029E-01  1.7208484179283872E-06
  4450   685.30000      0.0000000000000000E+00  8.2210029320548130E-06  1.4706628064793346E+01  1.1389427613785834E-01  3.3151031810200282E-01  2.3812670536090597E-06
  4460   686.84000      0.0000000000000000E+00  8.4003182852192079E-06  1.4756919447545467E+01  1.0621045026995955E-01  3.3891707769938517E-01  3.2441779621833565E-06
  4470   688.38000      0.0000000000000000E+00  8.2299032781621458E-06  1.4796649300884832E+01  1.0646679315441315E-01  3.2688164483420606E-01  2.5910870772597220E-06
  4480   689.92000      0.0000000000000000E+00  8.0220408309564058E-06  1.4840926646252049E+01  1.0576295660737303E-01  3.1926736791153520E-01  2.0011435796242408E-06
  4490   691.46000      0.0000000000000000E+00  8.1373861325530696E-06  1.4892489516044680E+01  1.0523444560738990E-01  3.5334090881699753E-01  3.1239003640093774E-06
  4500   693.00000      0.0000000000000000E+00  8.1472116187170296E-06  1.4929488764496632E+01  1.1195883991131234E-01  3.3142671411298846E-01  2.7256750034861017E-06
  4510   694.54000      0.0000000000000000E+00  8.8700298033488992E-06  1.4995183133344071E+01  1.0669082984359064E-01  3.2038282873120055E-01  1.8161484818010232E-06
  4520   696.08000      0.0000000000000000E+00  8.7812519261196506E-06  1.5039996134257656E+01  1.0608061639543229E-01  3.4791205168621664E-01  2.6657583922994899E-06
  4530   697.62000      0.0000000000000000E+00  8.8791516598554496E-06  1.5088665514939418E+01  1.1082920586413690E-01  3.4206271085377327E-01  2.8681701513723038E-06
  4540   699.16000      0.0000000000000000E+00  8.6768062489437856E-06  1.5152430718612852E+01  1.0869769060579175E-01  3.2991983258735635E-01  2.0568159081079387E-06
  4550   700.70000      0.0000000000000000E+00  8.9092243646829271E-06  1.5189749390113846E+01  1.1074071144420466E-01  3.3581755090029897E-01  2.3214928058527646E-06
  4560   702.24000      0.0000000000000000E+00  8.0689505162975252E-06  1.5239385223686313E+01  1.1459693948281496E-01  3.5430643684439311E-01  3.5640297297033980E-06
  4570   703.78000      0.0000000000000000E+00  8.6098611639579148E-06  1.5274408463807713E+01  1.0366663846289052E-01  3.2356722737140764E-01  1.7604545386764710E-06
  4580   705.32000      0.0000000000000000E+00  8.4267531470748912E-06  1.5323095279974089E+01  1.1161767093182452E-01  3.4288010807490638E-01  2.2913971571338447E-06
  4590   706.86000      0.0000000000000000E+00  8.4077379901155505E-06  1.5366307502092750E+01  1.0561278860956425E-01  3.5247092996279983E-01  3.0554775629951633E-06
  4600   708.40000      0.0000000000000000E+00  8.9732587370390845E-06  1.5408350910997397E+01  1.1257610289701757E-01  3.3273041124756808E-01  2.2141967026159374E-06
  4610   709.94000      0.0000000000000000E+00  8.6533317683275255E-06  1.5438347773102352E+01  1.0528843123519128E-01  3.3710017171891865E-01  1.6929336713786085E-06
  4620   711.48000      0.0000000000000000E+00  8.6024563541506322E-06  1.5478715050214596E+01  1.0988197526507286E-01  3.5197764797274994E-01  3.3513000092768268E-06
  4630   713.02000      0.0000000000000000E+00  8.8634067628512354E-06  1.5499112042347686E+01  1.0522298075067146E-01  3.3326261873849139E-01  2.1611978318352516E-06
  4640   714.56000      0.0000000000000000E+00  8.5023965684793380E-06  1.5528001236088310E+01  1.1163675156761910E-01  3.4069312208957675E-01  1.7764033901432395E-06
  4650   716.10000      0.0000000000000000E+00  8.3365372169922043E-06  1.5541312985896873E+01  1.0408414778614919E-01  3.4568659953591263E-01  3.2647787966403559E-06
  4660   717.64000      0.0000000000000000E+00  9.0222287757840167E-06  1.5579546149138658E+01  1.0761254464481940E-01  3.4761536472302057E-01  2.7295191990688517E-06
  4670   719.18000      0.0000000000000000E+00  8.4112720554403040E-06  1.5589986951186445E+01  1.0449646250798804E-01  3.2859666470087096E-01  1.7208173379468967E-06
  4680   720.72000      0.0000000000000000E+00  8.5868139608955539E-06  1.5603477787025057E+01  9.9997933458969929E-02  3.5305197972665181E-01  3.0482899888998393E-06
  4690   722.26000      0.0000000000000000E+00  8.6745287534474902E-06  1.5644524905517571E+01  1.0629952034877180E-01  3.4738824856802247E-01  2.6718353842070471E-06
  4700   723.80000      0.0000000000000000E+00  7.9537548094702454E-06  1.5659434361225395E+01  1.0151042910253767E-01  3.2975899935826342E-01  1.8828673236144902E-06
  4710   725.34000      0.0000000000000000E+00  8.7894597790595212E-06  1.5695169477561091E+01  1.0492176002295782E-01  3.5648788125268627E-01  2.7633960758634568E-06
  4720   726.88000      0.0000000000000000E+00  8.8510083624455936E-06  1.5735390842999088E+01  1.1010563522061570E-01  3.4214749494788466E-01  3.1484983966701747E-06
  4730   728.42000      0.0000000000000000E+00  8.6152963888347717E-06  1.5775673690395980E+01  1.0986293603130715E-01  3.4563040024328495E-01  1.8709979435712951E-06
  4740   729.96000      0.0000000000000000E+00  8.8487181609133238E-06  1.5800738811265298E+01  1.1156113305584237E-01  3.3634041675084980E-01  2.6146173306999917E-06
  4750   731.50000      0.0000000000000000E+00  8.8248935456537017E-06  1.5843855829711480E+01  1.1148348786639525E-01  3.6867237045817114E-01  3.1916257104086904E-06
  4760   733.04000      0.0000000000000000E+00  9.4850137998433073E-06  1.5879049331353583E+01  1.1687549059827620E-01  3.2691997019088370E-01  1.8790862082872529E-06
  4770   734.58000      0.0000000000000000E+00  8.7897127228701308E-06  1.5900791889647836E+01  1.1425840125148404E-01  3.5596608999397844E-01  2.6954884129780090E-06
  4780   736.12000      0.0000000000000000E+00  9.1311143758027889E-06  1.5943015315971207E+01  1.1286585866421225E-01  3.4839509069824681E-01  3.4744340917114825E-06
  4790   737.66000      0.0000000000000000E+00  9.3236812063087435E-06  1.5975249583331143E+01  1.1267870679781616E-01  3.5963522937936171E-01  1.9737670858703945E-06
  4800   739.20000      0.0000000000000000E+00  8.9172613123842976E-06  1.5999234337276144E+01  1.1256809870368230E-01  3.2613359058777597E-01  2.1692333888875846E-06
  4810   740.74000      0.0000000000000000E+00  8.8951335517444031E-06  1.6035626497573098E+01  1.1270541135182501E-01  3.7302444652052408E-01  3.9128556349574005E-06
  4820   742.28000      0.0000000000000000E+00  9.3923765686860058E-06  1.6066052110483756E+01  1.1235392563543849E-01  3.4340763404621061E-01  2.2413750981731957E-06
  4830   743.82000      0.0000000000000000E+00  9.0717995776839077E-06  1.6096383966475209E+01  1.0995256356107827E-01  3.3411800210537851E-01  2.0774238371025882E-06
  4840   745.36000      0.0000000000000000E+00  8.9755401184341085E-06  1.6133712196772269E+01  1.0983062626587262E-01  3.6668013405157712E-01  3.4551945962186271E-06
  4850   746.90000      0.0000000000000000E+00  9.4075242864619298E-06  1.6166925371210340E+01  1.1153241872534062E-01  3.5364435326938193E-01  3.3535168452925209E-06
  4860   748.44000      0.0000000000000000E+00  8.3526916224580661E-06  1.6202394724940984E+01  1.0494451040056210E-01  3.4012667663979068E-01  2.0129225594055259E-06
  4870   749.98000      0.0000000000000000E+00  8.8056862439611058E-06  1.6238857795356523E+01  1.0950957878293169E-01  3.5301964665462005E-01  2.6364318714179048E-06
  4880   751.52000      0.0000000000000000E+00  8.4791498009164355E-06  1.6265101143810639E+01  1.1296649978760673E-01  3.7201049786770962E-01  3.5420460450984216E-06
  4890   753.06000      0.0000000000000000E+00  9.1140929421200488E-06  1.6295849627928174E+01  1.0529743934767992E-01  3.3638832361231485E-01  2.2980488364453847E-06
  4900   754.60000      0.0000000000000000E+00  9.2917311169083134E-06  1.6339476187668208E+01  1.0712038493083015E-01  3.5858969369206600E-01  1.9896425017236680E-06
  4910   756.14000      0.0000000000000000E+00  8.5372672751759224E-06  1.6350132788140542E+01  1.0631400603652727E-01  3.6910591110396862E-01  3.5970958085031535E-06
  4920   757.68000      0.0000000000000000E+00  9.2216318762581773E-06  1.6394044767272895E+01  1.1217206053592139E-01  3.5118440153066893E-01  3.0079058033037880E-06
  4930   759.22000      0.0000000000000000E+00  9.2723566150308864E-06  1.6442733996000982E+01  1.1084728932543564E-01  3.5895779988332277E-01  1.8201094833483236E-06
  4940   760.76000      0.0000000000000000E+00  9.5169661264815304E-06  1.6467729131919651E+01  1.1263555233635551E-01  3.6749773001031022E-01  2.6472483957614624E-06
  4950   762.30000      0.0000000000000000E+00  9.1349114829336898E-06  1.6501216470681189E+01  1.1258690811583158E-01  3.7150438361157123E-01  3.6001731113369051E-06
  4960   763.84000      0.0000000000000000E+00  9.1549169544470620E-06  1.6538191620190261E+01  1.0441765182141897E-01  3.5424098143340843E-01  2.1095417251595466E-06
  4970   765.38000      0.0000000000000000E+00  9.5522457263039720E-06  1.6573754853890513E+01  1.1036300491651535E-01  3.7786878198942653E-01  2.1491120390614946E-06
  4980   766.92000      0.0000000000000000E+00  9.0169734787048355E-06  1.6603057451145474E+01  1.0370582414554243E-01  3.6987985578100935E-01  3.3684842078375830E-06
  4990   768.46000      0.0000000000000000E+00  9.2697814326713195E-06  1.6662162115672988E+01  1.1640266506175120E-01  3.6871087127504892E-01  2.5314334951178749E-06
  5000   770.00000      0.0000000000000000E+00  9.1213325324552574E-06  1.6708264946260794E+01  1.0280408505313308E-01  3.6964392977803018E-01  1.9943455489879091E-06
  5010   771.54000      0.0000000000000000E+00  9.3622216578299805E-06  1.6767897212291722E+01  1.1772161147461242E-01  3.8035828890214035E-01  3.3711965686291090E-06
  5020   773.08000      0.0000000000000000E+00  8.2101014812566655E-06  1.6814830229603658E+01  1.1015432395474060E-01  3.7146903440813250E-01  2.9055609332388343E-06
  5030   774.62000      0.0000000000000000E+00  9.4908689081135536E-06  1.6886539783655167E+01  1.0747790233166146E-01  3.6963281903476025E-01  1.9527525271112481E-06
  5040   776.16000      0.0000000000000000E+00  9.2177656187842319E-06  1.6940630772590307E+01  1.0766778744632136E-01  3.8647947051340281E-01  3.3315346065523165E-06
  5050   777.70000      0.0000000000000000E+00  8.4964860783493185E-06  1.6989519722878470E+01  1.1581943300474255E-01  3.6475804446388260E-01  3.0790761766453602E-06
  5060   779.24000      0.0000000000000000E+00  9.8429407271271086E-06  1.7042555710072765E+01  1.0901332721556604E-01  3.9295187350481997E-01  1.6384273439084175E-06
  5070   780.78000      0.0000000000000000E+00  9.2646121118481313E-06  1.7107230977424418E+01  1.0612142650838007E-01  3.6235798972502625E-01  2.6194217642942775E-06
  5080   782.32000      0.0000000000000000E+00  9.0533458676416535E-06  1.7125371969330171E+01  1.1367179268053854E-01  3.9000452279327191E-01  3.6707733349797525E-06
  5090   783.86000      0.0000000000000000E+00  9.4392004260930642E-06  1.7160018103504925E+01  1.1147734832998279E-01  3.7748951445036422E-01  1.8277346912365821E-06
  5100   785.40000      0.0000000000000000E+00  9.6145019263745034E-06  1.7204513402481069E+01  1.0799225555874849E-01  3.8138055681225735E-01  2.2705673313100235E-06
  5110   786.94000      0.0000000000000000E+00  9.5583836132565108E-06  1.7202965691503053E+01  1.1545725505134111E-01  3.6802978838205525E-01  3.6539862773751807E-06
  5120   788.48000      0.0000000000000000E+00  9.5180479609275414E-06  1.7222097395632883E+01  1.1678048507580542E-01  3.9409262479600915E-01  2.3375285537567856E-06
  5130   790.02000      0.0000000000000000E+00  8.8224162860127390E-06  1.7259104035681986E+01  1.0445623961078898E-01  3.7462488836255881E-01  2.0554289835064313E-06
  5140   791.56000      0.0000000000000000E+00  8.6657143357394105E-06  1.7269316109069834E+01  1.1901099587411298E-01  3.8007924743410942E-01  3.4748569004243448E-06
  5150   793.10000      0.0000000000000000E+00  9.6124497434488514E-06  1.7274722170939853E+01  1.0771892565243898E-01  3.8106290981443186E-01  2.9907327446071276E-06
  5160   794.64000      0.0000000000000000E+00  8.7236974427133380E-06  1.7314192700100023E+01  1.2142763154552207E-01  3.8961151488395879E-01  1.7951579572553165E-06
  5170   796.18000      0.0000000000000000E+00  8.9575476180820444E-06  1.7321182830882943E+01  1.0896124550875885E-01  3.6743975702911003E-01  3.2526163241638559E-06
  5180   797.72000      0.0000000000000000E+00  9.3568067128322079E-06  1.7338200993420958E+01  1.1815982282041101E-01  3.9118961708767153E-01  3.5853523839314480E-06
  5190   799.26000      0.0000000000000000E+00  9.2624480463857715E-06  1.7368304808421048E+01  1.1974569056716815E-01  3.7957924479591909E-01  1.8735200932596790E-06
