! Kinetic energy for species "ions"
  Iter        Time          Total Par.             Kin. Energy
     0   0.0000000             997839  3.2361374925988088E+01
    10   1.5400000             999772  3.2430574960963135E+01
    20   3.0800000            1001705  3.2524591410892583E+01
    30   4.6200000            1003638  3.2601099465590963E+01
    40   6.1600000            1005571  3.2613286228599470E+01
    50   7.7000000            1007503  3.2650374282784895E+01
    60   9.2400000            1009436  3.2773325455635458E+01
    70   10.780000            1011369  3.2866302583360962E+01
    80   12.320000            1013302  3.2875318366425184E+01
    90   13.860000            1015235  3.2910843149314573E+01
   100   15.400000            1017168  3.3005905230322526E+01
   110   16.940000            1019101  3.3090612740743289E+01
   120   18.480000            1021034  3.3153187165917537E+01
   130   20.020000            1022967  3.3202658056479507E+01
   140   21.560000            1024900  3.3237580417141068E+01
   150   23.100000            1026833  3.3317204284868019E+01
   160   24.640000            1028766  3.3442738406243116E+01
   170   26.180000            1030698  3.3499007468621727E+01
   180   27.720000            1032631  3.3491727926343486E+01
   190   29.260000            1034564  3.3555291383648125E+01
   200   30.800000            1036497  3.3667981727168453E+01
   210   32.340000            1038430  3.3718413311416413E+01
   220   33.880000            1040363  3.3728932966711966E+01
   230   35.420000            1042296  3.3760191038923992E+01
   240   36.960000            1044229  3.3810508698241058E+01
   250   38.500000            1046162  3.3875284209710124E+01
   260   40.040000            1048095  3.3937980840613442E+01
   270   41.580000            1050028  3.3944730880215033E+01
   280   43.120000            1051961  3.3937080903659613E+01
   290   44.660000            1053894  3.4012793961755655E+01
   300   46.200000            1055826  3.4103185481542951E+01
   310   47.740000            1057759  3.4099006720367008E+01
   320   49.280000            1059692  3.4084130565888813E+01
   330   50.820000            1061625  3.4126411279836375E+01
   340   52.360000            1063558  3.4177551004389272E+01
   350   53.900000            1065491  3.4198394872733083E+01
   360   55.440000            1067424  3.4204537692609627E+01
   370   56.980000            1069357  3.4192933417548225E+01
   380   58.520000            1071290  3.4204974683192162E+01
   390   60.060000            1073223  3.4271115292053828E+01
   400   61.600000            1075156  3.4302821782821148E+01
   410   63.140000            1077089  3.4269599365498628E+01
   420   64.680000            1079022  3.4265851718410644E+01
   430   66.220000            1080954  3.4340789466076643E+01
   440   67.760000            1082887  3.4391242500760505E+01
   450   69.300000            1084820  3.4370581342318467E+01
   460   70.840000            1086753  3.4378469505615534E+01
   470   72.380000            1088686  3.4410345529915041E+01
   480   73.920000            1090619  3.4448223365615782E+01
   490   75.460000            1092552  3.4500991161196843E+01
   500   77.000000            1094485  3.4508726959680331E+01
   510   78.540000            1096418  3.4485139474065875E+01
   520   80.080000            1098351  3.4506714375789031E+01
   530   81.620000            1100284  3.4568998838905770E+01
   540   83.160000            1102217  3.4548781667152227E+01
   550   84.700000            1104149  3.4470896082664581E+01
   560   86.240000            1106082  3.4451893998104083E+01
   570   87.780000            1108015  3.4468680594026203E+01
   580   89.320000            1109948  3.4460609951490333E+01
   590   90.860000            1111881  3.4449290219925189E+01
   600   92.400000            1113814  3.4439897517944203E+01
   610   93.940000            1115747  3.4449340857269149E+01
   620   95.480000            1117680  3.4511622505536131E+01
   630   97.020000            1119613  3.4582718811564781E+01
   640   98.560000            1121546  3.4588072415586751E+01
   650   100.10000            1123479  3.4585890081988481E+01
   660   101.64000            1125412  3.4664672328641217E+01
   670   103.18000            1127345  3.4752294907556980E+01
   680   104.72000            1129277  3.4768776447615323E+01
   690   106.26000            1131210  3.4777757108173027E+01
   700   107.80000            1133143  3.4827020298061420E+01
   710   109.34000            1135076  3.4886308626797749E+01
   720   110.88000            1137009  3.4951366910396601E+01
   730   112.42000            1138942  3.5003055404956910E+01
   740   113.96000            1140875  3.5017179697755310E+01
   750   115.50000            1142808  3.5067150767748863E+01
   760   117.04000            1144741  3.5182341188817823E+01
   770   118.58000            1146674  3.5265296724069096E+01
   780   120.12000            1148607  3.5278842446932003E+01
   790   121.66000            1150540  3.5321489356169494E+01
   800   123.20000            1152472  3.5421921683827499E+01
   810   124.74000            1154405  3.5501497964462125E+01
   820   126.28000            1156338  3.5546515461873881E+01
   830   127.82000            1158271  3.5590065359335057E+01
   840   129.36000            1160204  3.5636598857267828E+01
   850   130.90000            1162137  3.5705022667963263E+01
   860   132.44000            1164070  3.5798613599098644E+01
   870   133.98000            1166003  3.5833277490890168E+01
   880   135.52000            1167936  3.5829210510292974E+01
   890   137.06000            1169869  3.5884735262292665E+01
   900   138.60000            1171802  3.5970917064249420E+01
   910   140.14000            1173735  3.5999906313105129E+01
   920   141.68000            1175668  3.5993034232632851E+01
   930   143.22000            1177600  3.6020543417411275E+01
   940   144.76000            1179533  3.6069995665108294E+01
   950   146.30000            1181466  3.6116938133417904E+01
   960   147.84000            1183399  3.6154352585852145E+01
   970   149.38000            1185332  3.6156444581455965E+01
   980   150.92000            1187265  3.6156849065536711E+01
   990   152.46000            1189198  3.6218573439917868E+01
  1000   154.00000            1191131  3.6277341563046654E+01
  1010   155.54000            1193064  3.6272875354081677E+01
  1020   157.08000            1194997  3.6269621934703487E+01
  1030   158.62000            1196930  3.6335191274756774E+01
  1040   160.16000            1198863  3.6408571148376019E+01
  1050   161.70000            1200796  3.6444333003779875E+01
  1060   163.24000            1202728  3.6473000613017561E+01
  1070   164.78000            1204661  3.6512910337554771E+01
  1080   166.32000            1206594  3.6566961502129189E+01
  1090   167.86000            1208527  3.6653843371798068E+01
  1100   169.40000            1210460  3.6706224842740546E+01
  1110   170.94000            1212393  3.6701094110744165E+01
  1120   172.48000            1214326  3.6724784592790165E+01
  1130   174.02000            1216259  3.6802049267206982E+01
  1140   175.56000            1218192  3.6847032055903810E+01
  1150   177.10000            1220125  3.6833478559126462E+01
  1160   178.64000            1222058  3.6838414530714360E+01
  1170   180.18000            1223991  3.6882599397982553E+01
  1180   181.72000            1225923  3.6916503408223299E+01
  1190   183.26000            1227856  3.6943126773314596E+01
  1200   184.80000            1229789  3.6953362049494075E+01
  1210   186.34000            1231722  3.6947679498367698E+01
  1220   187.88000            1233655  3.6985041245455946E+01
  1230   189.42000            1235588  3.7053661289617402E+01
  1240   190.96000            1237521  3.7062363554848297E+01
  1250   192.50000            1239454  3.7031840776390609E+01
  1260   194.04000            1241387  3.7060160738935757E+01
  1270   195.58000            1243320  3.7119674824979789E+01
  1280   197.12000            1245253  3.7140465779114173E+01
  1290   198.66000            1247186  3.7146979896340326E+01
  1300   200.20000            1249119  3.7169122856740493E+01
  1310   201.74000            1251051  3.7201460786716908E+01
  1320   203.28000            1252984  3.7262664618160770E+01
  1330   204.82000            1254917  3.7321895316219184E+01
  1340   206.36000            1256850  3.7320854975718980E+01
  1350   207.90000            1258783  3.7323245884980572E+01
  1360   209.44000            1260716  3.7384361378147176E+01
  1370   210.98000            1262649  3.7438633553064584E+01
  1380   212.52000            1264582  3.7428701133134780E+01
  1390   214.06000            1266515  3.7416000470924843E+01
  1400   215.60000            1268448  3.7437580923738281E+01
  1410   217.14000            1270381  3.7474633897969895E+01
  1420   218.68000            1272314  3.7494779085784195E+01
  1430   220.22000            1274246  3.7504585488435062E+01
  1440   221.76000            1276179  3.7500752549101954E+01
  1450   223.30000            1278112  3.7521552749584465E+01
  1460   224.84000            1280045  3.7583840906145909E+01
  1470   226.38000            1281978  3.7614265069812753E+01
  1480   227.92000            1283911  3.7591262705225304E+01
  1490   229.46000            1285844  3.7608460363106595E+01
  1500   231.00000            1287777  3.7668990654167331E+01
  1510   232.54000            1289710  3.7712080763053542E+01
  1520   234.08000            1291643  3.7725528447045825E+01
  1530   235.62000            1293576  3.7746708301899027E+01
  1540   237.16000            1295509  3.7785012754177345E+01
  1550   238.70000            1297442  3.7835555771810263E+01
  1560   240.24000            1299374  3.7893955087559306E+01
  1570   241.78000            1301307  3.7914250153056500E+01
  1580   243.32000            1303240  3.7913834503025072E+01
  1590   244.86000            1305173  3.7964243548021692E+01
  1600   246.40000            1307106  3.8043322693400377E+01
  1610   247.94000            1309039  3.8071232847498834E+01
  1620   249.48000            1310972  3.8075255092257628E+01
  1630   251.02000            1312905  3.8114944612293030E+01
  1640   252.56000            1314838  3.8175429234299088E+01
  1650   254.10000            1316771  3.8229070512400206E+01
  1660   255.64000            1318704  3.8265271765023066E+01
  1670   257.18000            1320637  3.8290589389371881E+01
  1680   258.72000            1322569  3.8328777267589444E+01
  1690   260.26000            1324502  3.8412116036158245E+01
  1700   261.80000            1326435  3.8482512949068351E+01
  1710   263.34000            1328368  3.8513762389138989E+01
  1720   264.88000            1330301  3.8543220898105645E+01
  1730   266.42000            1332234  3.8618618911499397E+01
  1740   267.96000            1334167  3.8691000072554857E+01
  1750   269.50000            1336100  3.8729613891488739E+01
  1760   271.04000            1338033  3.8755125316981513E+01
  1770   272.58000            1339966  3.8795195451418010E+01
  1780   274.12000            1341899  3.8850605996581407E+01
  1790   275.66000            1343832  3.8915756888560672E+01
  1800   277.20000            1345765  3.8968420495286118E+01
  1810   278.74000            1347697  3.8980651787841296E+01
  1820   280.28000            1349630  3.9013491380939520E+01
  1830   281.82000            1351563  3.9098004381302431E+01
  1840   283.36000            1353496  3.9135790311286918E+01
  1850   284.90000            1355429  3.9125228135247845E+01
  1860   286.44000            1357362  3.9159382543247688E+01
  1870   287.98000            1359295  3.9212457520480100E+01
  1880   289.52000            1361228  3.9242226730714009E+01
  1890   291.06000            1363161  3.9271788350636577E+01
  1900   292.60000            1365094  3.9287999264317413E+01
  1910   294.14000            1367027  3.9280414869971622E+01
  1920   295.68000            1368960  3.9321425313661734E+01
  1930   297.22000            1370893  3.9390313636714453E+01
  1940   298.76000            1372825  3.9399955641042055E+01
  1950   300.30000            1374758  3.9401517627525919E+01
  1960   301.84000            1376691  3.9457383225579107E+01
  1970   303.38000            1378624  3.9542218263337801E+01
  1980   304.92000            1380557  3.9577357558758820E+01
  1990   306.46000            1382490  3.9615238810139672E+01
  2000   308.00000            1384423  3.9676639475652493E+01
  2010   309.54000            1386356  3.9716289675691087E+01
  2020   311.08000            1388289  3.9780587217848748E+01
  2030   312.62000            1390222  3.9850725618448287E+01
  2040   314.16000            1392155  3.9864169308106796E+01
  2050   315.70000            1394088  3.9902540499386852E+01
  2060   317.24000            1396020  3.9979521564100224E+01
  2070   318.78000            1397953  4.0047683626024700E+01
  2080   320.32000            1399886  4.0067472911583181E+01
  2090   321.86000            1401819  4.0084771892665970E+01
  2100   323.40000            1403752  4.0143703028062106E+01
  2110   324.94000            1405685  4.0197475546316959E+01
  2120   326.48000            1407618  4.0236584194942694E+01
  2130   328.02000            1409551  4.0256834427363493E+01
  2140   329.56000            1411484  4.0274527668927540E+01
  2150   331.10000            1413417  4.0318824672960041E+01
  2160   332.64000            1415350  4.0372317759227478E+01
  2170   334.18000            1417283  4.0414200770589019E+01
  2180   335.72000            1419216  4.0421732386748367E+01
  2190   337.26000            1421148  4.0445009078223023E+01
  2200   338.80000            1423081  4.0524711981077004E+01
  2210   340.34000            1425014  4.0583723304989867E+01
  2220   341.88000            1426947  4.0596253920433675E+01
  2230   343.42000            1428880  4.0631380862075162E+01
  2240   344.96000            1430813  4.0679490068551750E+01
  2250   346.50000            1432746  4.0716404536028449E+01
  2260   348.04000            1434679  4.0773475428503616E+01
  2270   349.58000            1436612  4.0791275741024371E+01
  2280   351.12000            1438545  4.0797728800806645E+01
  2290   352.66000            1440478  4.0836106718396458E+01
  2300   354.20000            1442411  4.0897117603129836E+01
  2310   355.74000            1444343  4.0908111391423553E+01
  2320   357.28000            1446276  4.0908149732324901E+01
  2330   358.82000            1448209  4.0950116471471731E+01
  2340   360.36000            1450142  4.1007544874917826E+01
  2350   361.90000            1452075  4.1040404935543307E+01
  2360   363.44000            1454008  4.1074055101828684E+01
  2370   364.98000            1455941  4.1095382250508834E+01
  2380   366.52000            1457874  4.1122449881642027E+01
  2390   368.06000            1459807  4.1161081713787325E+01
  2400   369.60000            1461740  4.1218065361945847E+01
  2410   371.14000            1463673  4.1212863160045082E+01
  2420   372.68000            1465606  4.1202962296283083E+01
  2430   374.22000            1467539  4.1261087025239974E+01
  2440   375.76000            1469471  4.1299672597200363E+01
  2450   377.30000            1471404  4.1297943959376624E+01
  2460   378.84000            1473337  4.1302535562844710E+01
  2470   380.38000            1475270  4.1334599128911357E+01
  2480   381.92000            1477203  4.1365765268407806E+01
  2490   383.46000            1479136  4.1405187838790241E+01
  2500   385.00000            1481069  4.1447510138564922E+01
  2510   386.54000            1483002  4.1458746368597495E+01
  2520   388.08000            1484935  4.1491051265414157E+01
  2530   389.62000            1486868  4.1559453729615697E+01
  2540   391.16000            1488801  4.1617381267119150E+01
  2550   392.70000            1490734  4.1621797867794143E+01
  2560   394.24000            1492667  4.1661236843201728E+01
  2570   395.78000            1494599  4.1720047606173203E+01
  2580   397.32000            1496532  4.1772211889915880E+01
  2590   398.86000            1498465  4.1788744166469783E+01
  2600   400.40000            1500398  4.1820660790483927E+01
  2610   401.94000            1502331  4.1852862818618760E+01
  2620   403.48000            1504264  4.1882592588299467E+01
  2630   405.02000            1506197  4.1933527739626612E+01
  2640   406.56000            1508130  4.1967126268585119E+01
  2650   408.10000            1510063  4.1978771709652548E+01
  2660   409.64000            1511996  4.2008779700763924E+01
  2670   411.18000            1513929  4.2085453704809048E+01
  2680   412.72000            1515862  4.2117441361979445E+01
  2690   414.26000            1517794  4.2110041311561744E+01
  2700   415.80000            1519727  4.2160764903544155E+01
  2710   417.34000            1521660  4.2208473099404188E+01
  2720   418.88000            1523593  4.2253666222526967E+01
  2730   420.42000            1525526  4.2297763146840424E+01
  2740   421.96000            1527459  4.2336651925028399E+01
  2750   423.50000            1529392  4.2367994097724065E+01
  2760   425.04000            1531325  4.2423547516983895E+01
  2770   426.58000            1533258  4.2495220043862311E+01
  2780   428.12000            1535191  4.2547777153764024E+01
  2790   429.66000            1537124  4.2587798274914874E+01
  2800   431.20000            1539057  4.2659869245347807E+01
  2810   432.74000            1540990  4.2739126723100384E+01
  2820   434.28000            1542922  4.2796418033924901E+01
  2830   435.82000            1544855  4.2837781938777198E+01
  2840   437.36000            1546788  4.2896895695267098E+01
  2850   438.90000            1548721  4.2958170155690915E+01
  2860   440.44000            1550654  4.3011364261184703E+01
  2870   441.98000            1552587  4.3064232623179471E+01
  2880   443.52000            1554520  4.3086587231435622E+01
  2890   445.06000            1556453  4.3133790659929581E+01
  2900   446.60000            1558386  4.3180883800211042E+01
  2910   448.14000            1560319  4.3233015823573822E+01
  2920   449.68000            1562252  4.3255438046920361E+01
  2930   451.22000            1564185  4.3273823840006685E+01
  2940   452.76000            1566117  4.3321571805643941E+01
  2950   454.30000            1568050  4.3346543557472593E+01
  2960   455.84000            1569983  4.3385831404165863E+01
  2970   457.38000            1571916  4.3403337293977685E+01
  2980   458.92000            1573849  4.3440358677795786E+01
  2990   460.46000            1575782  4.3481189501947540E+01
  3000   462.00000            1577715  4.3526915514613947E+01
  3010   463.54000            1579648  4.3545307536522216E+01
  3020   465.08000            1581581  4.3559261662584674E+01
  3030   466.62000            1583514  4.3584057775411509E+01
  3040   468.16000            1585447  4.3639008648140603E+01
  3050   469.70000            1587380  4.3678888774111087E+01
  3060   471.24000            1589313  4.3707818804928394E+01
  3070   472.78000            1591245  4.3750630168954316E+01
  3080   474.32000            1593178  4.3797213835073705E+01
  3090   475.86000            1595111  4.3862685913493635E+01
  3100   477.40000            1597044  4.3904492901436782E+01
  3110   478.94000            1598977  4.3942439392280058E+01
  3120   480.48000            1600910  4.3985175326807237E+01
  3130   482.02000            1602843  4.4053681123286729E+01
  3140   483.56000            1604776  4.4104816461746019E+01
  3150   485.10000            1606709  4.4161090893643120E+01
  3160   486.64000            1608642  4.4201792868221311E+01
  3170   488.18000            1610575  4.4265992801137031E+01
  3180   489.72000            1612508  4.4323828979494579E+01
  3190   491.26000            1614440  4.4382859036200898E+01
  3200   492.80000            1616373  4.4422164457599365E+01
  3210   494.34000            1618306  4.4436229240354642E+01
  3220   495.88000            1620239  4.4469554202986792E+01
  3230   497.42000            1622172  4.4542176214555631E+01
  3240   498.96000            1624105  4.4562851698153921E+01
  3250   500.50000            1626038  4.4573606345085643E+01
  3260   502.04000            1627971  4.4620393517143839E+01
  3270   503.58000            1629904  4.4680045980431771E+01
  3280   505.12000            1631837  4.4715192954646376E+01
  3290   506.66000            1633770  4.4744003581642851E+01
  3300   508.20000            1635703  4.4798196382270270E+01
  3310   509.74000            1637636  4.4841136349147760E+01
  3320   511.28000            1639568  4.4889141068246857E+01
  3330   512.82000            1641501  4.4943036924378262E+01
  3340   514.36000            1643434  4.4981922648723199E+01
  3350   515.90000            1645367  4.4990262579725531E+01
  3360   517.44000            1647300  4.5039658183048424E+01
  3370   518.98000            1649233  4.5085413476042177E+01
  3380   520.52000            1651166  4.5111226281730367E+01
  3390   522.06000            1653099  4.5132616544767970E+01
  3400   523.60000            1655032  4.5165288684755986E+01
  3410   525.14000            1656965  4.5207940780664849E+01
  3420   526.68000            1658898  4.5218736920567281E+01
  3430   528.22000            1660831  4.5231178562301494E+01
  3440   529.76000            1662764  4.5256432736429360E+01
  3450   531.30000            1664696  4.5273101951042669E+01
  3460   532.84000            1666629  4.5312198879431605E+01
  3470   534.38000            1668562  4.5335857770803806E+01
  3480   535.92000            1670495  4.5353176221122446E+01
  3490   537.46000            1672428  4.5372520485415620E+01
  3500   539.00000            1674361  4.5407516335295327E+01
  3510   540.54000            1676294  4.5447396050810553E+01
  3520   542.08000            1678227  4.5451797500481781E+01
  3530   543.62000            1680160  4.5476881621313282E+01
  3540   545.16000            1682093  4.5504374949943262E+01
  3550   546.70000            1684026  4.5529639756565317E+01
  3560   548.24000            1685959  4.5558599320458434E+01
  3570   549.78000            1687891  4.5591894345307395E+01
  3580   551.32000            1689824  4.5612837437004828E+01
  3590   552.86000            1691757  4.5655978634404576E+01
  3600   554.40000            1693690  4.5709586620752710E+01
  3610   555.94000            1695623  4.5723994915123306E+01
  3620   557.48000            1697556  4.5760520279310732E+01
  3630   559.02000            1699489  4.5797116591577939E+01
  3640   560.56000            1701422  4.5853135183992386E+01
  3650   562.10000            1703355  4.5915507120410503E+01
  3660   563.64000            1705288  4.5957616564881228E+01
  3670   565.18000            1707221  4.6006286483075385E+01
  3680   566.72000            1709154  4.6072616958804517E+01
  3690   568.26000            1711087  4.6114279809880138E+01
  3700   569.80000            1713019  4.6154334431275501E+01
  3710   571.34000            1714952  4.6196341557510948E+01
  3720   572.88000            1716885  4.6234047802891126E+01
  3730   574.42000            1718818  4.6283595849916701E+01
  3740   575.96000            1720751  4.6332159113121072E+01
  3750   577.50000            1722684  4.6368862893063763E+01
  3760   579.04000            1724617  4.6376948615428617E+01
  3770   580.58000            1726550  4.6416655120652621E+01
  3780   582.12000            1728483  4.6459719919190306E+01
  3790   583.66000            1730416  4.6475992711310575E+01
  3800   585.20000            1732349  4.6511770514094302E+01
  3810   586.74000            1734282  4.6542582455152740E+01
  3820   588.28000            1736214  4.6570963990063902E+01
  3830   589.82000            1738147  4.6587897331961059E+01
  3840   591.36000            1740080  4.6606333282920403E+01
  3850   592.90000            1742013  4.6620154148774560E+01
  3860   594.44000            1743946  4.6636998210908587E+01
  3870   595.98000            1745879  4.6678190291576442E+01
  3880   597.52000            1747812  4.6706304808020803E+01
  3890   599.06000            1749745  4.6744852576329613E+01
  3900   600.60000            1751678  4.6799943074908953E+01
  3910   602.14000            1753611  4.6861097833810760E+01
  3920   603.68000            1755544  4.6927481139349496E+01
  3930   605.22000            1757477  4.6971330385821233E+01
  3940   606.76000            1759410  4.7033613906281253E+01
  3950   608.30000            1761342  4.7076750895674991E+01
  3960   609.84000            1763275  4.7127142295318549E+01
  3970   611.38000            1765208  4.7188074597477055E+01
  3980   612.92000            1767141  4.7234232084804120E+01
  3990   614.46000            1769074  4.7270378970047993E+01
  4000   616.00000            1771007  4.7322558626428624E+01
  4010   617.54000            1772940  4.7362944995970651E+01
  4020   619.08000            1774873  4.7404939168804233E+01
  4030   620.62000            1776806  4.7434093836473828E+01
  4040   622.16000            1778739  4.7466635738174801E+01
  4050   623.70000            1780672  4.7495687705864292E+01
  4060   625.24000            1782605  4.7542736893832824E+01
  4070   626.78000            1784538  4.7593630585790542E+01
  4080   628.32000            1786470  4.7635492913353048E+01
  4090   629.86000            1788403  4.7661127022601406E+01
  4100   631.40000            1790336  4.7720769279228335E+01
  4110   632.94000            1792269  4.7755140689945037E+01
  4120   634.48000            1794202  4.7804208682732728E+01
  4130   636.02000            1796135  4.7849687221241545E+01
  4140   637.56000            1798068  4.7897847819348009E+01
  4150   639.10000            1800001  4.7947516164267867E+01
  4160   640.64000            1801934  4.7994022455319438E+01
  4170   642.18000            1803867  4.8038071244463630E+01
  4180   643.72000            1805800  4.8055724317728846E+01
  4190   645.26000            1807733  4.8105001717475609E+01
  4200   646.80000            1809665  4.8149327723356194E+01
  4210   648.34000            1811598  4.8179294081848596E+01
  4220   649.88000            1813531  4.8223746194091390E+01
  4230   651.42000            1815464  4.8269604477050052E+01
  4240   652.96000            1817397  4.8300518914609938E+01
  4250   654.50000            1819330  4.8364772623919535E+01
  4260   656.04000            1821263  4.8394736164687501E+01
  4270   657.58000            1823196  4.8431831687119129E+01
  4280   659.12000            1825129  4.8478587495624801E+01
  4290   660.66000            1827062  4.8531372338940237E+01
  4300   662.20000            1828995  4.8558958697241678E+01
  4310   663.74000            1830928  4.8616164246008388E+01
  4320   665.28000            1832861  4.8667755836928912E+01
  4330   666.82000            1834793  4.8722559917010628E+01
  4340   668.36000            1836726  4.8775584735088081E+01
  4350   669.90000            1838659  4.8853639083385382E+01
  4360   671.44000            1840592  4.8891519088033903E+01
  4370   672.98000            1842525  4.8953093106091636E+01
  4380   674.52000            1844458  4.9020862684881678E+01
  4390   676.06000            1846391  4.9061517040180902E+01
  4400   677.60000            1848324  4.9113379606082603E+01
  4410   679.14000            1850257  4.9150130757200358E+01
  4420   680.68000            1852190  4.9212390615582670E+01
  4430   682.22000            1854123  4.9243694960984229E+01
  4440   683.76000            1856056  4.9280863032136068E+01
  4450   685.30000            1857988  4.9300727750340471E+01
  4460   686.84000            1859921  4.9337373526837240E+01
  4470   688.38000            1861854  4.9359188773349153E+01
  4480   689.92000            1863787  4.9387961501596642E+01
  4490   691.46000            1865720  4.9421802652902741E+01
  4500   693.00000            1867653  4.9437852114921505E+01
  4510   694.54000            1869586  4.9440611904267740E+01
  4520   696.08000            1871519  4.9468426908023709E+01
  4530   697.62000            1873452  4.9489380652668267E+01
  4540   699.16000            1875385  4.9487243905867217E+01
  4550   700.70000            1877318  4.9521462119241036E+01
  4560   702.24000            1879251  4.9557949857395165E+01
  4570   703.78000            1881184  4.9595565684345026E+01
  4580   705.32000            1883116  4.9625261215571633E+01
  4590   706.86000            1885049  4.9658376792638862E+01
  4600   708.40000            1886982  4.9693189871047657E+01
  4610   709.94000            1888915  4.9736659088883698E+01
  4620   711.48000            1890848  4.9771576783128353E+01
  4630   713.02000            1892781  4.9807492207076564E+01
  4640   714.56000            1894714  4.9867573472828802E+01
  4650   716.10000            1896647  4.9901237111349822E+01
  4660   717.64000            1898580  4.9943769243418672E+01
  4670   719.18000            1900513  5.0004526348654068E+01
  4680   720.72000            1902446  5.0063158874836532E+01
  4690   722.26000            1904379  5.0094802336443550E+01
  4700   723.80000            1906312  5.0154945274465028E+01
  4710   725.34000            1908244  5.0188953207124094E+01
  4720   726.88000            1910177  5.0208795033060255E+01
  4730   728.42000            1912110  5.0231996211005757E+01
  4740   729.96000            1914043  5.0281345968539057E+01
  4750   731.50000            1915976  5.0289693873679767E+01
  4760   733.04000            1917909  5.0328905730977908E+01
  4770   734.58000            1919842  5.0378861202194244E+01
  4780   736.12000            1921775  5.0397837978470569E+01
  4790   737.66000            1923708  5.0441794520750136E+01
  4800   739.20000            1925641  5.0496720079880106E+01
  4810   740.74000            1927574  5.0531041684312839E+01
  4820   742.28000            1929507  5.0571056442904293E+01
  4830   743.82000            1931439  5.0623582437492225E+01
  4840   745.36000            1933372  5.0664202667992669E+01
  4850   746.90000            1935305  5.0703346921266771E+01
  4860   748.44000            1937238  5.0744760260599840E+01
  4870   749.98000            1939171  5.0787266970166868E+01
  4880   751.52000            1941104  5.0829083565621239E+01
  4890   753.06000            1943037  5.0868907162542044E+01
  4900   754.60000            1944970  5.0908635152641835E+01
  4910   756.14000            1946903  5.0961351038014932E+01
  4920   757.68000            1948836  5.0980754367309537E+01
  4930   759.22000            1950769  5.1004794493800730E+01
  4940   760.76000            1952702  5.1053733190890902E+01
  4950   762.30000            1954635  5.1090422988331952E+01
  4960   763.84000            1956567  5.1127383002155888E+01
  4970   765.38000            1958500  5.1166463409228690E+01
  4980   766.92000            1960433  5.1199599039327801E+01
  4990   768.46000            1962366  5.1220516855058996E+01
  5000   770.00000            1964299  5.1226616940176712E+01
  5010   771.54000            1966232  5.1245233152036356E+01
  5020   773.08000            1968165  5.1260297444268396E+01
  5030   774.62000            1970098  5.1261899265779206E+01
  5040   776.16000            1972031  5.1271215100961385E+01
  5050   777.70000            1973964  5.1304347742110814E+01
  5060   779.24000            1975897  5.1304265671497170E+01
  5070   780.78000            1977830  5.1327371465021557E+01
  5080   782.32000            1979762  5.1373609570560440E+01
  5090   783.86000            1981695  5.1415850561235438E+01
  5100   785.40000            1983628  5.1446265146330319E+01
  5110   786.94000            1985561  5.1515062258402146E+01
  5120   788.48000            1987494  5.1570360789428904E+01
  5130   790.02000            1989427  5.1606031801867886E+01
  5140   791.56000            1991360  5.1665154619441516E+01
  5150   793.10000            1993293  5.1729042117039612E+01
  5160   794.64000            1995226  5.1774493536538365E+01
  5170   796.18000            1997159  5.1827061806238092E+01
  5180   797.72000            1999092  5.1894754140930900E+01
  5190   799.26000            2001025  5.1924828076983204E+01
