! Kinetic energy for species "electrons"
  Iter        Time          Total Par.             Kin. Energy
     0   0.0000000             997839  3.2403221621075309E+00
    10   1.5400000             999772  3.2604357652030087E+00
    20   3.0800000            1001705  3.2506172378585632E+00
    30   4.6200000            1003638  3.2265104252913313E+00
    40   6.1600000            1005571  3.2757799029104224E+00
    50   7.7000000            1007503  3.3163447258746706E+00
    60   9.2400000            1009436  3.2632125120131636E+00
    70   10.780000            1011369  3.2439984072692249E+00
    80   12.320000            1013302  3.3083174277730212E+00
    90   13.860000            1015235  3.3255151615950318E+00
   100   15.400000            1017168  3.2935401097985597E+00
   110   16.940000            1019101  3.3034508913807099E+00
   120   18.480000            1021034  3.3150425997299009E+00
   130   20.020000            1022967  3.3091161907191609E+00
   140   21.560000            1024900  3.3429536203775396E+00
   150   23.100000            1026833  3.3536698484856471E+00
   160   24.640000            1028766  3.2949112420270783E+00
   170   26.180000            1030698  3.2957761475101304E+00
   180   27.720000            1032631  3.3652486179668926E+00
   190   29.260000            1034564  3.3559698412033656E+00
   200   30.800000            1036497  3.3011162342315457E+00
   210   32.340000            1038430  3.3276376124810514E+00
   220   33.880000            1040363  3.3628697403340873E+00
   230   35.420000            1042296  3.3583841237528764E+00
   240   36.960000            1044229  3.3696532522584084E+00
   250   38.500000            1046162  3.3777321657783199E+00
   260   40.040000            1048095  3.3550955398548874E+00
   270   41.580000            1050028  3.3718126531562587E+00
   280   43.120000            1051961  3.4337445104147202E+00
   290   44.660000            1053894  3.4059220664793126E+00
   300   46.200000            1055826  3.3546232091723782E+00
   310   47.740000            1057759  3.4053201127027384E+00
   320   49.280000            1059692  3.4396466644488770E+00
   330   50.820000            1061625  3.4202229047921247E+00
   340   52.360000            1063558  3.4136624873741295E+00
   350   53.900000            1065491  3.4329151024762985E+00
   360   55.440000            1067424  3.4267468221823716E+00
   370   56.980000            1069357  3.4483926406853334E+00
   380   58.520000            1071290  3.4699925604300796E+00
   390   60.060000            1073223  3.4233535256110370E+00
   400   61.600000            1075156  3.4063717913664560E+00
   410   63.140000            1077089  3.4432498264814448E+00
   420   64.680000            1079022  3.4632296714946471E+00
   430   66.220000            1080954  3.4063424120989048E+00
   440   67.760000            1082887  3.3739319719448773E+00
   450   69.300000            1084820  3.4284139132060654E+00
   460   70.840000            1086753  3.4100025299848458E+00
   470   72.380000            1088686  3.3959349876003646E+00
   480   73.920000            1090619  3.4079111826101647E+00
   490   75.460000            1092552  3.3740523038060779E+00
   500   77.000000            1094485  3.3703395038909103E+00
   510   78.540000            1096418  3.4041402031555226E+00
   520   80.080000            1098351  3.4052222687907436E+00
   530   81.620000            1100284  3.3310956512334018E+00
   540   83.160000            1102217  3.3431943794702468E+00
   550   84.700000            1104149  3.3996895797330056E+00
   560   86.240000            1106082  3.3744798424629154E+00
   570   87.780000            1108015  3.3431283337972157E+00
   580   89.320000            1109948  3.3580257284202202E+00
   590   90.860000            1111881  3.3601743344448822E+00
   600   92.400000            1113814  3.3560598778170561E+00
   610   93.940000            1115747  3.3842528211690377E+00
   620   95.480000            1117680  3.3637224390868727E+00
   630   97.020000            1119613  3.3277582217901331E+00
   640   98.560000            1121546  3.3562926848402848E+00
   650   100.10000            1123479  3.3968697060069433E+00
   660   101.64000            1125412  3.3635701703752190E+00
   670   103.18000            1127345  3.3271341296417534E+00
   680   104.72000            1129277  3.3620159642866208E+00
   690   106.26000            1131210  3.3856280135305976E+00
   700   107.80000            1133143  3.3659127073270412E+00
   710   109.34000            1135076  3.3736206207488895E+00
   720   110.88000            1137009  3.3661566953444737E+00
   730   112.42000            1138942  3.3463879987313989E+00
   740   113.96000            1140875  3.3791230375289256E+00
   750   115.50000            1142808  3.3918433014397005E+00
   760   117.04000            1144741  3.3386682842028943E+00
   770   118.58000            1146674  3.3173740456235397E+00
   780   120.12000            1148607  3.3604406708855663E+00
   790   121.66000            1150540  3.3688900690852028E+00
   800   123.20000            1152472  3.3252048642561745E+00
   810   124.74000            1154405  3.3225586007273824E+00
   820   126.28000            1156338  3.3391575341364672E+00
   830   127.82000            1158271  3.3318864298647730E+00
   840   129.36000            1160204  3.3423709836714535E+00
   850   130.90000            1162137  3.3472576168353019E+00
   860   132.44000            1164070  3.3057126018684189E+00
   870   133.98000            1166003  3.3114353189264190E+00
   880   135.52000            1167936  3.3580381982762284E+00
   890   137.06000            1169869  3.3441130068944522E+00
   900   138.60000            1171802  3.2995380993418957E+00
   910   140.14000            1173735  3.3109695534774670E+00
   920   141.68000            1175668  3.3431708828907749E+00
   930   143.22000            1177600  3.3304017380563655E+00
   940   144.76000            1179533  3.3105085742786171E+00
   950   146.30000            1181466  3.3124771278421337E+00
   960   147.84000            1183399  3.2896701890153954E+00
   970   149.38000            1185332  3.2933237015659778E+00
   980   150.92000            1187265  3.3245613544676802E+00
   990   152.46000            1189198  3.2882356063315599E+00
  1000   154.00000            1191131  3.2494394934448994E+00
  1010   155.54000            1193064  3.2769852067227316E+00
  1020   157.08000            1194997  3.3012762121465653E+00
  1030   158.62000            1196930  3.2642143215137804E+00
  1040   160.16000            1198863  3.2371513480927194E+00
  1050   161.70000            1200796  3.2523116718625809E+00
  1060   163.24000            1202728  3.2472306396948500E+00
  1070   164.78000            1204661  3.2412443640527742E+00
  1080   166.32000            1206594  3.2500309633774931E+00
  1090   167.86000            1208527  3.2130041980172686E+00
  1100   169.40000            1210460  3.1895875585956608E+00
  1110   170.94000            1212393  3.2297152778980194E+00
  1120   172.48000            1214326  3.2399592768424461E+00
  1130   174.02000            1216259  3.1898690877977702E+00
  1140   175.56000            1218192  3.1805957981597159E+00
  1150   177.10000            1220125  3.2179390860702197E+00
  1160   178.64000            1222058  3.2191175710099067E+00
  1170   180.18000            1223991  3.1943906600035255E+00
  1180   181.72000            1225923  3.2017078819855640E+00
  1190   183.26000            1227856  3.1962733136409263E+00
  1200   184.80000            1229789  3.1853111806375818E+00
  1210   186.34000            1231722  3.2194956037564717E+00
  1220   187.88000            1233655  3.2139268441398743E+00
  1230   189.42000            1235588  3.1658798578796312E+00
  1240   190.96000            1237521  3.1779405432760601E+00
  1250   192.50000            1239454  3.2266454785711947E+00
  1260   194.04000            1241387  3.2076094190320132E+00
  1270   195.58000            1243320  3.1744032205871360E+00
  1280   197.12000            1245253  3.1925269392393321E+00
  1290   198.66000            1247186  3.2074257844883496E+00
  1300   200.20000            1249119  3.1960957862062314E+00
  1310   201.74000            1251051  3.2125188707628434E+00
  1320   203.28000            1252984  3.2034991053287527E+00
  1330   204.82000            1254917  3.1701801134612060E+00
  1340   206.36000            1256850  3.1997478173167471E+00
  1350   207.90000            1258783  3.2269894231050378E+00
  1360   209.44000            1260716  3.1950379428721360E+00
  1370   210.98000            1262649  3.1640128407291774E+00
  1380   212.52000            1264582  3.1983897005350852E+00
  1390   214.06000            1266515  3.2146551868109814E+00
  1400   215.60000            1268448  3.1955858741417402E+00
  1410   217.14000            1270381  3.1865737363630133E+00
  1420   218.68000            1272314  3.1905587256830161E+00
  1430   220.22000            1274246  3.1766933292166200E+00
  1440   221.76000            1276179  3.1844582335710672E+00
  1450   223.30000            1278112  3.1995373049320079E+00
  1460   224.84000            1280045  3.1523009862844376E+00
  1470   226.38000            1281978  3.1343641612787101E+00
  1480   227.92000            1283911  3.1791716623445323E+00
  1490   229.46000            1285844  3.1768027830782133E+00
  1500   231.00000            1287777  3.1407475120132333E+00
  1510   232.54000            1289710  3.1336999656492921E+00
  1520   234.08000            1291643  3.1541647990127744E+00
  1530   235.62000            1293576  3.1473080047356508E+00
  1540   237.16000            1295509  3.1435944608142794E+00
  1550   238.70000            1297442  3.1463090783903560E+00
  1560   240.24000            1299374  3.1253207225834601E+00
  1570   241.78000            1301307  3.1316337086284110E+00
  1580   243.32000            1303240  3.1695926943231076E+00
  1590   244.86000            1305173  3.1639708272009899E+00
  1600   246.40000            1307106  3.1245588333101479E+00
  1610   247.94000            1309039  3.1439144955842799E+00
  1620   249.48000            1310972  3.1738045294490673E+00
  1630   251.02000            1312905  3.1616745570865223E+00
  1640   252.56000            1314838  3.1503597741156537E+00
  1650   254.10000            1316771  3.1575516178311585E+00
  1660   255.64000            1318704  3.1588273309819135E+00
  1670   257.18000            1320637  3.1625129247084782E+00
  1680   258.72000            1322569  3.1813083669674587E+00
  1690   260.26000            1324502  3.1591710082045807E+00
  1700   261.80000            1326435  3.1395174730767073E+00
  1710   263.34000            1328368  3.1516394203183493E+00
  1720   264.88000            1330301  3.1829400868371280E+00
  1730   266.42000            1332234  3.1462487513598436E+00
  1740   267.96000            1334167  3.1309041902736001E+00
  1750   269.50000            1336100  3.1530292281405772E+00
  1760   271.04000            1338033  3.1474441259326191E+00
  1770   272.58000            1339966  3.1525735175355960E+00
  1780   274.12000            1341899  3.1496217637679571E+00
  1790   275.66000            1343832  3.1383742183081065E+00
  1800   277.20000            1345765  3.1187840408718328E+00
  1810   278.74000            1347697  3.1542504363459356E+00
  1820   280.28000            1349630  3.1640370675429361E+00
  1830   281.82000            1351563  3.1210258112636549E+00
  1840   283.36000            1353496  3.1268847929372079E+00
  1850   284.90000            1355429  3.1549402369904165E+00
  1860   286.44000            1357362  3.1493264490348540E+00
  1870   287.98000            1359295  3.1266279324728932E+00
  1880   289.52000            1361228  3.1240682968653011E+00
  1890   291.06000            1363161  3.1280468604264446E+00
  1900   292.60000            1365094  3.1105010726948521E+00
  1910   294.14000            1367027  3.1281113023415070E+00
  1920   295.68000            1368960  3.1195313045852764E+00
  1930   297.22000            1370893  3.0704062108071652E+00
  1940   298.76000            1372825  3.0887888974424276E+00
  1950   300.30000            1374758  3.0992541279291128E+00
  1960   301.84000            1376691  3.0906679580535821E+00
  1970   303.38000            1378624  3.0395660637608541E+00
  1980   304.92000            1380557  3.0495768603902538E+00
  1990   306.46000            1382490  3.0625270460096607E+00
  2000   308.00000            1384423  3.0283134280998345E+00
  2010   309.54000            1386356  3.0419586929362028E+00
  2020   311.08000            1388289  3.0275363838409586E+00
  2030   312.62000            1390222  3.0110631232331135E+00
  2040   314.16000            1392155  3.0325211407245400E+00
  2050   315.70000            1394088  3.0605164645062541E+00
  2060   317.24000            1396020  3.0265888478625307E+00
  2070   318.78000            1397953  3.0110073956836008E+00
  2080   320.32000            1399886  3.0268557095977928E+00
  2090   321.86000            1401819  3.0506894346064839E+00
  2100   323.40000            1403752  3.0139368802020137E+00
  2110   324.94000            1405685  3.0128336335683485E+00
  2120   326.48000            1407618  3.0170132757321597E+00
  2130   328.02000            1409551  3.0126529032976306E+00
  2140   329.56000            1411484  3.0203005117199559E+00
  2150   331.10000            1413417  3.0170101456355543E+00
  2160   332.64000            1415350  3.0057910197937914E+00
  2170   334.18000            1417283  2.9779350393517667E+00
  2180   335.72000            1419216  3.0081484639271103E+00
  2190   337.26000            1421148  3.0136910849211036E+00
  2200   338.80000            1423081  2.9826290154085866E+00
  2210   340.34000            1425014  2.9612903601451372E+00
  2220   341.88000            1426947  2.9964448528725307E+00
  2230   343.42000            1428880  2.9896516005601508E+00
  2240   344.96000            1430813  2.9721156376876019E+00
  2250   346.50000            1432746  2.9907819071356432E+00
  2260   348.04000            1434679  2.9602145124632808E+00
  2270   349.58000            1436612  2.9697797745960415E+00
  2280   351.12000            1438545  2.9853183181132716E+00
  2290   352.66000            1440478  2.9900049955157888E+00
  2300   354.20000            1442411  2.9621519493115991E+00
  2310   355.74000            1444343  2.9595629242264909E+00
  2320   357.28000            1446276  3.0038243423749469E+00
  2330   358.82000            1448209  2.9646460905633392E+00
  2340   360.36000            1450142  2.9599706030225796E+00
  2350   361.90000            1452075  2.9595075980567525E+00
  2360   363.44000            1454008  2.9579589763758798E+00
  2370   364.98000            1455941  2.9546560934153856E+00
  2380   366.52000            1457874  2.9467418675131256E+00
  2390   368.06000            1459807  2.9431921065832327E+00
  2400   369.60000            1461740  2.9119101061649086E+00
  2410   371.14000            1463673  2.9206977961480822E+00
  2420   372.68000            1465606  2.9586315605267544E+00
  2430   374.22000            1467539  2.9175838927296316E+00
  2440   375.76000            1469471  2.9007094615008775E+00
  2450   377.30000            1471404  2.9394642845058483E+00
  2460   378.84000            1473337  2.9441107260508277E+00
  2470   380.38000            1475270  2.9396066064130402E+00
  2480   381.92000            1477203  2.9350143331035010E+00
  2490   383.46000            1479136  2.9334155283683487E+00
  2500   385.00000            1481069  2.9160956877965800E+00
  2510   386.54000            1483002  2.9354473545237818E+00
  2520   388.08000            1484935  2.9473956478740728E+00
  2530   389.62000            1486868  2.9121971122898764E+00
  2540   391.16000            1488801  2.8945212265866358E+00
  2550   392.70000            1490734  2.9324595359267751E+00
  2560   394.24000            1492667  2.9259221234090287E+00
  2570   395.78000            1494599  2.8963987648236245E+00
  2580   397.32000            1496532  2.9026728984192713E+00
  2590   398.86000            1498465  2.9066445786238466E+00
  2600   400.40000            1500398  2.9160591089437089E+00
  2610   401.94000            1502331  2.9029779384210608E+00
  2620   403.48000            1504264  2.9257223357265310E+00
  2630   405.02000            1506197  2.9027130737615474E+00
  2640   406.56000            1508130  2.8933439356312656E+00
  2650   408.10000            1510063  2.9290955978888293E+00
  2660   409.64000            1511996  2.9332779771689612E+00
  2670   411.18000            1513929  2.8885331858729932E+00
  2680   412.72000            1515862  2.9230926834307347E+00
  2690   414.26000            1517794  2.9513296592462903E+00
  2700   415.80000            1519727  2.9366473445863992E+00
  2710   417.34000            1521660  2.9443637456540905E+00
  2720   418.88000            1523593  2.9313386122962393E+00
  2730   420.42000            1525526  2.9373264461010815E+00
  2740   421.96000            1527459  2.9187224558910332E+00
  2750   423.50000            1529392  2.9476082299526376E+00
  2760   425.04000            1531325  2.9358702824299825E+00
  2770   426.58000            1533258  2.9074279285952676E+00
  2780   428.12000            1535191  2.9216299243487045E+00
  2790   429.66000            1537124  2.9335453499170594E+00
  2800   431.20000            1539057  2.9131821795498558E+00
  2810   432.74000            1540990  2.8941377804145749E+00
  2820   434.28000            1542922  2.9063264516419300E+00
  2830   435.82000            1544855  2.9052019954034440E+00
  2840   437.36000            1546788  2.8905638799657893E+00
  2850   438.90000            1548721  2.8913522915520247E+00
  2860   440.44000            1550654  2.8898120470093565E+00
  2870   441.98000            1552587  2.8710519523898856E+00
  2880   443.52000            1554520  2.8962779814283213E+00
  2890   445.06000            1556453  2.8908355403813522E+00
  2900   446.60000            1558386  2.8816798990856580E+00
  2910   448.14000            1560319  2.8796528186218819E+00
  2920   449.68000            1562252  2.8858533217883986E+00
  2930   451.22000            1564185  2.9055027470289829E+00
  2940   452.76000            1566117  2.8738702891053691E+00
  2950   454.30000            1568050  2.8858328624653744E+00
  2960   455.84000            1569983  2.8815247930729906E+00
  2970   457.38000            1571916  2.8712065276181034E+00
  2980   458.92000            1573849  2.8720755995957221E+00
  2990   460.46000            1575782  2.8693121793038494E+00
  3000   462.00000            1577715  2.8439387393951812E+00
  3010   463.54000            1579648  2.8485420277835578E+00
  3020   465.08000            1581581  2.8625315041748913E+00
  3030   466.62000            1583514  2.8608382082004589E+00
  3040   468.16000            1585447  2.8424752457820839E+00
  3050   469.70000            1587380  2.8436906358767366E+00
  3060   471.24000            1589313  2.8542681097581788E+00
  3070   472.78000            1591245  2.8351298984019926E+00
  3080   474.32000            1593178  2.8383378075193324E+00
  3090   475.86000            1595111  2.8315352484893648E+00
  3100   477.40000            1597044  2.8255576137479093E+00
  3110   478.94000            1598977  2.8144864901881661E+00
  3120   480.48000            1600910  2.8372614158703042E+00
  3130   482.02000            1602843  2.8160185468175634E+00
  3140   483.56000            1604776  2.8015825051437369E+00
  3150   485.10000            1606709  2.7975762801283643E+00
  3160   486.64000            1608642  2.8064338159097661E+00
  3170   488.18000            1610575  2.8022398293808330E+00
  3180   489.72000            1612508  2.7863601165627445E+00
  3190   491.26000            1614440  2.8034473268936511E+00
  3200   492.80000            1616373  2.8000169937111608E+00
  3210   494.34000            1618306  2.8093373318375474E+00
  3220   495.88000            1620239  2.8218079097071458E+00
  3230   497.42000            1622172  2.8016763480280646E+00
  3240   498.96000            1624105  2.7955363010633851E+00
  3250   500.50000            1626038  2.8209276795949458E+00
  3260   502.04000            1627971  2.8165799367997995E+00
  3270   503.58000            1629904  2.7889532908414134E+00
  3280   505.12000            1631837  2.7856543086829908E+00
  3290   506.66000            1633770  2.7991010182301013E+00
  3300   508.20000            1635703  2.7873874205245301E+00
  3310   509.74000            1637636  2.7641788512772210E+00
  3320   511.28000            1639568  2.7778076428204344E+00
  3330   512.82000            1641501  2.7518712359243604E+00
  3340   514.36000            1643434  2.7381318849604250E+00
  3350   515.90000            1645367  2.7536099528447489E+00
  3360   517.44000            1647300  2.7366669877603198E+00
  3370   518.98000            1649233  2.7111705936732982E+00
  3380   520.52000            1651166  2.7240443522411897E+00
  3390   522.06000            1653099  2.7272809061564844E+00
  3400   523.60000            1655032  2.7311554712412769E+00
  3410   525.14000            1656965  2.6963116866284205E+00
  3420   526.68000            1658898  2.7240088252892218E+00
  3430   528.22000            1660831  2.7249542348820199E+00
  3440   529.76000            1662764  2.7116291700754869E+00
  3450   531.30000            1664696  2.7303696875564039E+00
  3460   532.84000            1666629  2.7212883092411424E+00
  3470   534.38000            1668562  2.7166350672669450E+00
  3480   535.92000            1670495  2.7258133956075161E+00
  3490   537.46000            1672428  2.7312891370075549E+00
  3500   539.00000            1674361  2.7259850783415120E+00
  3510   540.54000            1676294  2.7078813414407623E+00
  3520   542.08000            1678227  2.7226879990646888E+00
  3530   543.62000            1680160  2.7343998453828857E+00
  3540   545.16000            1682093  2.7173006959215908E+00
  3550   546.70000            1684026  2.7297969707885996E+00
  3560   548.24000            1685959  2.7335541043610294E+00
  3570   549.78000            1687891  2.7192202206021743E+00
  3580   551.32000            1689824  2.7453933522275653E+00
  3590   552.86000            1691757  2.7411791505304164E+00
  3600   554.40000            1693690  2.7194271472162819E+00
  3610   555.94000            1695623  2.7445202599479384E+00
  3620   557.48000            1697556  2.7470031684284648E+00
  3630   559.02000            1699489  2.7524336631849606E+00
  3640   560.56000            1701422  2.7354245148277014E+00
  3650   562.10000            1703355  2.7240583702850882E+00
  3660   563.64000            1705288  2.7363926940706373E+00
  3670   565.18000            1707221  2.7216882386681278E+00
  3680   566.72000            1709154  2.7059484744909850E+00
  3690   568.26000            1711087  2.7107666450319616E+00
  3700   569.80000            1713019  2.7041302238422658E+00
  3710   571.34000            1714952  2.6989524405349785E+00
  3720   572.88000            1716885  2.7136700695399707E+00
  3730   574.42000            1718818  2.6958931934449244E+00
  3740   575.96000            1720751  2.6933418093267196E+00
  3750   577.50000            1722684  2.6938492381312251E+00
  3760   579.04000            1724617  2.7103986610630741E+00
  3770   580.58000            1726550  2.7032023313361555E+00
  3780   582.12000            1728483  2.6990795571662289E+00
  3790   583.66000            1730416  2.7169522952172076E+00
  3800   585.20000            1732349  2.6949422520808417E+00
  3810   586.74000            1734282  2.7057001609905611E+00
  3820   588.28000            1736214  2.7008866686272004E+00
  3830   589.82000            1738147  2.6981009097348592E+00
  3840   591.36000            1740080  2.7226867521905262E+00
  3850   592.90000            1742013  2.7020221387879708E+00
  3860   594.44000            1743946  2.7384775849333005E+00
  3870   595.98000            1745879  2.7087141776267738E+00
  3880   597.52000            1747812  2.7419914222434105E+00
  3890   599.06000            1749745  2.7244559446580752E+00
  3900   600.60000            1751678  2.7306748400568175E+00
  3910   602.14000            1753611  2.7246824542645784E+00
  3920   603.68000            1755544  2.7163918106212908E+00
  3930   605.22000            1757477  2.7205991010512247E+00
  3940   606.76000            1759410  2.7134570013253980E+00
  3950   608.30000            1761342  2.7134380148781343E+00
  3960   609.84000            1763275  2.7194634612121349E+00
  3970   611.38000            1765208  2.7117819125706268E+00
  3980   612.92000            1767141  2.7008438138822886E+00
  3990   614.46000            1769074  2.7056541855891645E+00
  4000   616.00000            1771007  2.7098993904666968E+00
  4010   617.54000            1772940  2.6870530115471061E+00
  4020   619.08000            1774873  2.6947337855115046E+00
  4030   620.62000            1776806  2.7025979596605705E+00
  4040   622.16000            1778739  2.7017966030625677E+00
  4050   623.70000            1780672  2.6961096140885310E+00
  4060   625.24000            1782605  2.6961139243954255E+00
  4070   626.78000            1784538  2.6789781668544750E+00
  4080   628.32000            1786470  2.6781543804400147E+00
  4090   629.86000            1788403  2.6704453491093241E+00
  4100   631.40000            1790336  2.6606777837696676E+00
  4110   632.94000            1792269  2.6561498768465848E+00
  4120   634.48000            1794202  2.6547115073710712E+00
  4130   636.02000            1796135  2.6543607316450730E+00
  4140   637.56000            1798068  2.6500682947709175E+00
  4150   639.10000            1800001  2.6562465832122282E+00
  4160   640.64000            1801934  2.6424110125681119E+00
  4170   642.18000            1803867  2.6544211902710004E+00
  4180   643.72000            1805800  2.6649737272971188E+00
  4190   645.26000            1807733  2.6565302994095132E+00
  4200   646.80000            1809665  2.6687482694193485E+00
  4210   648.34000            1811598  2.6601208919044734E+00
  4220   649.88000            1813531  2.6702750881554662E+00
  4230   651.42000            1815464  2.6708410312587012E+00
  4240   652.96000            1817397  2.6604349766273532E+00
  4250   654.50000            1819330  2.6485107790251345E+00
  4260   656.04000            1821263  2.6464375833057519E+00
  4270   657.58000            1823196  2.6497096896824863E+00
  4280   659.12000            1825129  2.6471091373387234E+00
  4290   660.66000            1827062  2.6344034163758909E+00
  4300   662.20000            1828995  2.6519108867121775E+00
  4310   663.74000            1830928  2.6348393935247425E+00
  4320   665.28000            1832861  2.6372468572522654E+00
  4330   666.82000            1834793  2.6368857456852446E+00
  4340   668.36000            1836726  2.6176003550817706E+00
  4350   669.90000            1838659  2.6233054781587173E+00
  4360   671.44000            1840592  2.6102315043979303E+00
  4370   672.98000            1842525  2.6180956210474005E+00
  4380   674.52000            1844458  2.6010858421301992E+00
  4390   676.06000            1846391  2.6131662028731317E+00
  4400   677.60000            1848324  2.6124243093787807E+00
  4410   679.14000            1850257  2.5951060521665692E+00
  4420   680.68000            1852190  2.6045551308847670E+00
  4430   682.22000            1854123  2.5835018611778966E+00
  4440   683.76000            1856056  2.5960038398012770E+00
  4450   685.30000            1857988  2.5927635329962850E+00
  4460   686.84000            1859921  2.5829937927847664E+00
  4470   688.38000            1861854  2.5897720073757697E+00
  4480   689.92000            1863787  2.5855238000174428E+00
  4490   691.46000            1865720  2.5728283318871883E+00
  4500   693.00000            1867653  2.5803313048558696E+00
  4510   694.54000            1869586  2.5891183352635161E+00
  4520   696.08000            1871519  2.5853030217138415E+00
  4530   697.62000            1873452  2.5820433173740618E+00
  4540   699.16000            1875385  2.5878191281220837E+00
  4550   700.70000            1877318  2.5893656236607940E+00
  4560   702.24000            1879251  2.5681317623163822E+00
  4570   703.78000            1881184  2.5752425890380297E+00
  4580   705.32000            1883116  2.5587758149260487E+00
  4590   706.86000            1885049  2.5557875129871275E+00
  4600   708.40000            1886982  2.5455489029136755E+00
  4610   709.94000            1888915  2.5487959397248785E+00
  4620   711.48000            1890848  2.5396996150329292E+00
  4630   713.02000            1892781  2.5564126180614233E+00
  4640   714.56000            1894714  2.5310133726986139E+00
  4650   716.10000            1896647  2.5617160263517209E+00
  4660   717.64000            1898580  2.5446570812315237E+00
  4670   719.18000            1900513  2.5510975698311391E+00
  4680   720.72000            1902446  2.5498850463297034E+00
  4690   722.26000            1904379  2.5417088363773308E+00
  4700   723.80000            1906312  2.5386697830282472E+00
  4710   725.34000            1908244  2.5395390002104694E+00
  4720   726.88000            1910177  2.5410066802228388E+00
  4730   728.42000            1912110  2.5469390054154433E+00
  4740   729.96000            1914043  2.5433997182184962E+00
  4750   731.50000            1915976  2.5595539180618019E+00
  4760   733.04000            1917909  2.5490111392335346E+00
  4770   734.58000            1919842  2.5521357274167760E+00
  4780   736.12000            1921775  2.5611262395894299E+00
  4790   737.66000            1923708  2.5506109635250112E+00
  4800   739.20000            1925641  2.5473772731174353E+00
  4810   740.74000            1927574  2.5479426425060643E+00
  4820   742.28000            1929507  2.5459975494858793E+00
  4830   743.82000            1931439  2.5369358878924220E+00
  4840   745.36000            1933372  2.5288421919386366E+00
  4850   746.90000            1935305  2.5236273949637775E+00
  4860   748.44000            1937238  2.5237488929704091E+00
  4870   749.98000            1939171  2.5121490064893011E+00
  4880   751.52000            1941104  2.5088059429597216E+00
  4890   753.06000            1943037  2.5164320447937829E+00
  4900   754.60000            1944970  2.4983591929192093E+00
  4910   756.14000            1946903  2.5084024134809835E+00
  4920   757.68000            1948836  2.5075533935837249E+00
  4930   759.22000            1950769  2.5020601789598862E+00
  4940   760.76000            1952702  2.4999351129039540E+00
  4950   762.30000            1954635  2.4992712336261489E+00
  4960   763.84000            1956567  2.4976712307279985E+00
  4970   765.38000            1958500  2.4886644771140447E+00
  4980   766.92000            1960433  2.5054392433133010E+00
  4990   768.46000            1962366  2.4793910189108699E+00
  5000   770.00000            1964299  2.5089227690047853E+00
  5010   771.54000            1966232  2.4864416404074889E+00
  5020   773.08000            1968165  2.5041401532533785E+00
  5030   774.62000            1970098  2.4970592403476877E+00
  5040   776.16000            1972031  2.5049549288199797E+00
  5050   777.70000            1973964  2.4894646400170934E+00
  5060   779.24000            1975897  2.5058777084699688E+00
  5070   780.78000            1977830  2.4929961170251023E+00
  5080   782.32000            1979762  2.4936136105918782E+00
  5090   783.86000            1981695  2.4837514460700323E+00
  5100   785.40000            1983628  2.4880407866798859E+00
  5110   786.94000            1985561  2.4801091389116832E+00
  5120   788.48000            1987494  2.4765949156368245E+00
  5130   790.02000            1989427  2.4829193227401629E+00
  5140   791.56000            1991360  2.4693727806693140E+00
  5150   793.10000            1993293  2.4839294645135741E+00
  5160   794.64000            1995226  2.4552016073079055E+00
  5170   796.18000            1997159  2.4760471055864102E+00
  5180   797.72000            1999092  2.4546953907115370E+00
  5190   799.26000            2001025  2.4640999552687806E+00
