! Kinetic energy for species "electrons"
  Iter        Time          Total Par.             Kin. Energy
     0   0.0000000             997839  3.2374496504670907E+00
    10   1.5400000             999772  3.2426549862248839E+00
    20   3.0800000            1001705  3.2480059403250885E+00
    30   4.6200000            1003638  3.2552558565282630E+00
    40   6.1600000            1005571  3.2625293910693767E+00
    50   7.7000000            1007503  3.2678974380082240E+00
    60   9.2400000            1009436  3.2731706031696515E+00
    70   10.780000            1011369  3.2803987052397088E+00
    80   12.320000            1013302  3.2877854223961434E+00
    90   13.860000            1015235  3.2931109626866326E+00
   100   15.400000            1017168  3.2982938611985215E+00
   110   16.940000            1019101  3.3055235896589301E+00
   120   18.480000            1021034  3.3129231931142114E+00
   130   20.020000            1022967  3.3181951152745834E+00
   140   21.560000            1024900  3.3235849574454570E+00
   150   23.100000            1026833  3.3310503162975396E+00
   160   24.640000            1028766  3.3382520091196493E+00
   170   26.180000            1030698  3.3434864057480942E+00
   180   27.720000            1032631  3.3491227505527088E+00
   190   29.260000            1034564  3.3564669104919527E+00
   200   30.800000            1036497  3.3634859937569863E+00
   210   32.340000            1038430  3.3688676996354934E+00
   220   33.880000            1040363  3.3746733508660087E+00
   230   35.420000            1042296  3.3818664979836468E+00
   240   36.960000            1044229  3.3882683035088510E+00
   250   38.500000            1046162  3.3921312102492207E+00
   260   40.040000            1048095  3.3930244721793912E+00
   270   41.580000            1050028  3.3946790324543121E+00
   280   43.120000            1051961  3.4093586373148188E+00
   290   44.660000            1053894  3.4074629046301901E+00
   300   46.200000            1055826  3.4259050720009139E+00
   310   47.740000            1057759  3.4393920271441778E+00
   320   49.280000            1059692  3.4467979809618994E+00
   330   50.820000            1061625  3.4382843073474660E+00
   340   52.360000            1063558  3.4213375940433681E+00
   350   53.900000            1065491  3.4422938653874411E+00
   360   55.440000            1067424  3.4533383996569045E+00
   370   56.980000            1069357  3.4619622443724998E+00
   380   58.520000            1071290  3.4854489500929615E+00
   390   60.060000            1073223  3.4999173544960360E+00
   400   61.600000            1075156  3.5104017357456647E+00
   410   63.140000            1077089  3.5147052880381704E+00
   420   64.680000            1079022  3.5372977841524871E+00
   430   66.220000            1080954  3.5411900965564942E+00
   440   67.760000            1082887  3.5550300876148846E+00
   450   69.300000            1084820  3.5686318740262095E+00
   460   70.840000            1086753  3.5637255630196680E+00
   470   72.380000            1088686  3.5865954737190964E+00
   480   73.920000            1090619  3.6051299887277719E+00
   490   75.460000            1092552  3.6146190687606063E+00
   500   77.000000            1094485  3.6219376500363047E+00
   510   78.540000            1096418  3.6217589563922616E+00
   520   80.080000            1098351  3.6285810509873864E+00
   530   81.620000            1100284  3.6418587140289596E+00
   540   83.160000            1102217  3.6510553858488803E+00
   550   84.700000            1104149  3.6605651394164940E+00
   560   86.240000            1106082  3.6886444530069511E+00
   570   87.780000            1108015  3.7296755523291614E+00
   580   89.320000            1109948  3.7725357536472899E+00
   590   90.860000            1111881  3.7795551034261390E+00
   600   92.400000            1113814  3.7955748159592639E+00
   610   93.940000            1115747  3.8022918021321983E+00
   620   95.480000            1117680  3.8262378308112330E+00
   630   97.020000            1119613  3.8541152930696700E+00
   640   98.560000            1121546  3.9133174550353562E+00
   650   100.10000            1123479  3.9340821984661947E+00
   660   101.64000            1125412  3.9758140118729641E+00
   670   103.18000            1127345  3.9927264059307266E+00
   680   104.72000            1129277  4.0121193700486213E+00
   690   106.26000            1131210  4.0283360223976121E+00
   700   107.80000            1133143  4.0328980878645426E+00
   710   109.34000            1135076  4.0616298250529645E+00
   720   110.88000            1137009  4.0763471058978009E+00
   730   112.42000            1138942  4.0847654580059487E+00
   740   113.96000            1140875  4.1138784845220284E+00
   750   115.50000            1142808  4.1184497258411383E+00
   760   117.04000            1144741  4.1815246840239748E+00
   770   118.58000            1146674  4.1932797582259962E+00
   780   120.12000            1148607  4.2161869094408759E+00
   790   121.66000            1150540  4.2958568703804438E+00
   800   123.20000            1152472  4.3203618367097469E+00
   810   124.74000            1154405  4.3410990481892142E+00
   820   126.28000            1156338  4.3778168143477725E+00
   830   127.82000            1158271  4.3599526019871488E+00
   840   129.36000            1160204  4.3808525333622743E+00
   850   130.90000            1162137  4.4115685458434903E+00
   860   132.44000            1164070  4.4403621133621858E+00
   870   133.98000            1166003  4.5081346531223607E+00
   880   135.52000            1167936  4.5304146847224693E+00
   890   137.06000            1169869  4.5440818322062704E+00
   900   138.60000            1171802  4.5768441366819692E+00
   910   140.14000            1173735  4.5856879683118557E+00
   920   141.68000            1175668  4.5688065929858919E+00
   930   143.22000            1177600  4.6268367181374899E+00
   940   144.76000            1179533  4.6818039863921541E+00
   950   146.30000            1181466  4.6808680020993698E+00
   960   147.84000            1183399  4.7433189032730034E+00
   970   149.38000            1185332  4.7850025169303541E+00
   980   150.92000            1187265  4.8314180455920805E+00
   990   152.46000            1189198  4.9073141878970858E+00
  1000   154.00000            1191131  4.9022839713914719E+00
  1010   155.54000            1193064  4.9251038938359608E+00
  1020   157.08000            1194997  5.0223525575502146E+00
  1030   158.62000            1196930  5.0623407883480622E+00
  1040   160.16000            1198863  5.0605256353914667E+00
  1050   161.70000            1200796  5.1105429958405129E+00
  1060   163.24000            1202728  5.1334511282907540E+00
  1070   164.78000            1204661  5.1824472163382564E+00
  1080   166.32000            1206594  5.2179046133469011E+00
  1090   167.86000            1208527  5.2356404076451781E+00
  1100   169.40000            1210460  5.2978593939557026E+00
  1110   170.94000            1212393  5.3354037636596647E+00
  1120   172.48000            1214326  5.3757449010353113E+00
  1130   174.02000            1216259  5.4554029313704735E+00
  1140   175.56000            1218192  5.4961335346806823E+00
  1150   177.10000            1220125  5.5855742201773682E+00
  1160   178.64000            1222058  5.6849470182867208E+00
  1170   180.18000            1223991  5.7336690396582881E+00
  1180   181.72000            1225923  5.7640931601706287E+00
  1190   183.26000            1227856  5.7661650728479836E+00
  1200   184.80000            1229789  5.7828287557567473E+00
  1210   186.34000            1231722  5.7485665324333510E+00
  1220   187.88000            1233655  5.7922524522655880E+00
  1230   189.42000            1235588  5.8578503250480329E+00
  1240   190.96000            1237521  5.8744610323337003E+00
  1250   192.50000            1239454  5.9298064987208452E+00
  1260   194.04000            1241387  6.0187892185221514E+00
  1270   195.58000            1243320  6.0570914984662956E+00
  1280   197.12000            1245253  6.0547571796332917E+00
  1290   198.66000            1247186  6.0917770434308292E+00
  1300   200.20000            1249119  6.1103459131500513E+00
  1310   201.74000            1251051  6.1340277048922109E+00
  1320   203.28000            1252984  6.1436333129000973E+00
  1330   204.82000            1254917  6.1859953490009802E+00
  1340   206.36000            1256850  6.2306652167498759E+00
  1350   207.90000            1258783  6.1982181665066305E+00
  1360   209.44000            1260716  6.1877384264392195E+00
  1370   210.98000            1262649  6.2055491883739506E+00
  1380   212.52000            1264582  6.2161723333031960E+00
  1390   214.06000            1266515  6.2772638133908831E+00
  1400   215.60000            1268448  6.3085920605660606E+00
  1410   217.14000            1270381  6.3638045711659368E+00
  1420   218.68000            1272314  6.3590024980353128E+00
  1430   220.22000            1274246  6.4178154071757865E+00
  1440   221.76000            1276179  6.4444097896655839E+00
  1450   223.30000            1278112  6.4033255594923304E+00
  1460   224.84000            1280045  6.4085705573115277E+00
  1470   226.38000            1281978  6.4123405180504900E+00
  1480   227.92000            1283911  6.3501893695632239E+00
  1490   229.46000            1285844  6.3404607643477728E+00
  1500   231.00000            1287777  6.4058510000837519E+00
  1510   232.54000            1289710  6.4069391584293758E+00
  1520   234.08000            1291643  6.5068276197620136E+00
  1530   235.62000            1293576  6.5576407997926163E+00
  1540   237.16000            1295509  6.6266244434064934E+00
  1550   238.70000            1297442  6.6947263731287867E+00
  1560   240.24000            1299374  6.7172660658457604E+00
  1570   241.78000            1301307  6.7043425658675595E+00
  1580   243.32000            1303240  6.7243772178700709E+00
  1590   244.86000            1305173  6.7506563186999955E+00
  1600   246.40000            1307106  6.7207481491333159E+00
  1610   247.94000            1309039  6.7082766734195562E+00
  1620   249.48000            1310972  6.7459284258121581E+00
  1630   251.02000            1312905  6.7753242183371789E+00
  1640   252.56000            1314838  6.7730557251268309E+00
  1650   254.10000            1316771  6.8409006451545498E+00
  1660   255.64000            1318704  6.8782973973363548E+00
  1670   257.18000            1320637  6.8970602870037752E+00
  1680   258.72000            1322569  6.9195939125655777E+00
  1690   260.26000            1324502  6.9908981444590381E+00
  1700   261.80000            1326435  6.9903633818947180E+00
  1710   263.34000            1328368  7.0238971912620736E+00
  1720   264.88000            1330301  7.0958486152822466E+00
  1730   266.42000            1332234  7.1722831218188086E+00
  1740   267.96000            1334167  7.1494569526872169E+00
  1750   269.50000            1336100  7.1910355434063042E+00
  1760   271.04000            1338033  7.2322380401404551E+00
  1770   272.58000            1339966  7.2208691772202833E+00
  1780   274.12000            1341899  7.2423113603036082E+00
  1790   275.66000            1343832  7.2348335400069885E+00
  1800   277.20000            1345765  7.2738313914361550E+00
  1810   278.74000            1347697  7.2906588785858064E+00
  1820   280.28000            1349630  7.3114230323252745E+00
  1830   281.82000            1351563  7.2673532528652336E+00
  1840   283.36000            1353496  7.3628377672379033E+00
  1850   284.90000            1355429  7.4719469648160404E+00
  1860   286.44000            1357362  7.4839642455939961E+00
  1870   287.98000            1359295  7.5300689825284541E+00
  1880   289.52000            1361228  7.6464437867788746E+00
  1890   291.06000            1363161  7.7187217751454966E+00
  1900   292.60000            1365094  7.6860919429459127E+00
  1910   294.14000            1367027  7.7493465352227968E+00
  1920   295.68000            1368960  7.8695657928181326E+00
  1930   297.22000            1370893  7.8630503067845874E+00
  1940   298.76000            1372825  7.9131601678433334E+00
  1950   300.30000            1374758  7.9309267337387332E+00
  1960   301.84000            1376691  7.9748662641426833E+00
  1970   303.38000            1378624  7.9415473165330637E+00
  1980   304.92000            1380557  7.9123428949593535E+00
  1990   306.46000            1382489  7.8840804181006661E+00
  2000   308.00000            1384421  7.8139374612520633E+00
  2010   309.54000            1386353  7.8155269549554971E+00
  2020   311.08000            1388286  7.7829396185630726E+00
  2030   312.62000            1390218  7.7365525067278913E+00
  2040   314.16000            1392150  7.7794733122062567E+00
  2050   315.70000            1394083  7.8212226545226589E+00
  2060   317.24000            1396015  7.8177314378946852E+00
  2070   318.78000            1397947  7.8104564735993254E+00
  2080   320.32000            1399879  7.8640755081977121E+00
  2090   321.86000            1401812  7.8744105465326326E+00
  2100   323.40000            1403745  7.8638374691057598E+00
  2110   324.94000            1405678  7.9318443417350641E+00
  2120   326.48000            1407611  7.9651750437884772E+00
  2130   328.02000            1409544  8.0505018723865653E+00
  2140   329.56000            1411477  8.1059786971419214E+00
  2150   331.10000            1413410  8.2171996289654761E+00
  2160   332.64000            1415343  8.2386538131363807E+00
  2170   334.18000            1417276  8.2874500729412368E+00
  2180   335.72000            1419209  8.3474384591616122E+00
  2190   337.26000            1421141  8.3246561524643816E+00
  2200   338.80000            1423073  8.3652629987428071E+00
  2210   340.34000            1425006  8.4439184424136045E+00
  2220   341.88000            1426938  8.4669345734493771E+00
  2230   343.42000            1428870  8.4893493062432075E+00
  2240   344.96000            1430802  8.5732649268221159E+00
  2250   346.50000            1432735  8.6092453566411411E+00
  2260   348.04000            1434668  8.5730234413899833E+00
  2270   349.58000            1436599  8.6088920867502914E+00
  2280   351.12000            1438530  8.6584298353070395E+00
  2290   352.66000            1440458  8.6558549071243274E+00
  2300   354.20000            1442386  8.7019548962103617E+00
  2310   355.74000            1444313  8.7718114682540538E+00
  2320   357.28000            1446237  8.8362869320394264E+00
  2330   358.82000            1448162  8.8906337452777784E+00
  2340   360.36000            1450088  8.9210713493643183E+00
  2350   361.90000            1452014  8.9737616542404730E+00
  2360   363.44000            1453925  8.9761641218479085E+00
  2370   364.98000            1455833  9.0117324436381576E+00
  2380   366.52000            1457720  9.0284618205906000E+00
  2390   368.06000            1459615  9.0076956025307418E+00
  2400   369.60000            1461491  8.9561952538434433E+00
  2410   371.14000            1463392  8.9645699382085819E+00
  2420   372.68000            1465301  9.0667013056802155E+00
  2430   374.22000            1467218  9.0638508333346497E+00
  2440   375.76000            1469138  9.1005403634200199E+00
  2450   377.30000            1471036  9.1275458007415313E+00
  2460   378.84000            1472923  9.1113594608869999E+00
  2470   380.38000            1474738  9.1501443505680449E+00
  2480   381.92000            1476581  9.1704343979226532E+00
  2490   383.46000            1478443  9.1803074279092023E+00
  2500   385.00000            1480325  9.1894720686305984E+00
  2510   386.54000            1482222  9.3150558221344184E+00
  2520   388.08000            1484114  9.3877325302805144E+00
  2530   389.62000            1485972  9.3462030830810807E+00
  2540   391.16000            1487807  9.3722613538013473E+00
  2550   392.70000            1489646  9.4191204317409802E+00
  2560   394.24000            1491489  9.4411737668508415E+00
  2570   395.78000            1493391  9.4339817638902339E+00
  2580   397.32000            1495286  9.4600608646375761E+00
  2590   398.86000            1497170  9.4596848800341267E+00
  2600   400.40000            1499034  9.4767947290212309E+00
  2610   401.94000            1500908  9.4175712277298356E+00
  2620   403.48000            1502790  9.3648949766362914E+00
  2630   405.02000            1504676  9.3961193190893582E+00
  2640   406.56000            1506583  9.4253128541484923E+00
  2650   408.10000            1508493  9.4026094919961221E+00
  2660   409.64000            1510368  9.3903177778248299E+00
  2670   411.18000            1512246  9.4418937377623813E+00
  2680   412.72000            1514091  9.4980516811947737E+00
  2690   414.26000            1515974  9.5358941823712335E+00
  2700   415.80000            1517737  9.5985086162339304E+00
  2710   417.34000            1519423  9.6328954315464053E+00
  2720   418.88000            1521253  9.6466030617695235E+00
  2730   420.42000            1523112  9.6507171257107824E+00
  2740   421.96000            1524947  9.6755980427925614E+00
  2750   423.50000            1526817  9.6738997787542083E+00
  2760   425.04000            1528458  9.6590608694410083E+00
  2770   426.58000            1530050  9.6540848212626020E+00
  2780   428.12000            1531909  9.6428468581169753E+00
  2790   429.66000            1533588  9.6095400807736819E+00
  2800   431.20000            1535400  9.6517110027726805E+00
  2810   432.74000            1537130  9.6380916156933001E+00
  2820   434.28000            1538960  9.5950305574976849E+00
  2830   435.82000            1540480  9.6199409251515000E+00
  2840   437.36000            1541602  9.6528179172685675E+00
  2850   438.90000            1542968  9.6648202230373812E+00
  2860   440.44000            1544852  9.6645227071866895E+00
  2870   441.98000            1546731  9.6830230132929067E+00
  2880   443.52000            1548583  9.7422153828369513E+00
  2890   445.06000            1550295  9.8053869070887245E+00
  2900   446.60000            1551920  9.8145500285493146E+00
  2910   448.14000            1553427  9.8066300046296391E+00
  2920   449.68000            1554964  9.9429122079014896E+00
  2930   451.22000            1556478  1.0070125633398264E+01
  2940   452.76000            1558189  1.0042331330578619E+01
  2950   454.30000            1560073  1.0045373409827144E+01
  2960   455.84000            1561763  1.0117816567961452E+01
  2970   457.38000            1563152  1.0177571650980289E+01
  2980   458.92000            1564669  1.0126575641336865E+01
  2990   460.46000            1566294  1.0093120833938421E+01
  3000   462.00000            1568191  1.0110892472467974E+01
  3010   463.54000            1570073  1.0186470222589715E+01
  3020   465.08000            1571568  1.0174930986876241E+01
  3030   466.62000            1573071  1.0135113577245971E+01
  3040   468.16000            1574872  1.0136383481374926E+01
  3050   469.70000            1576569  1.0213783013137814E+01
  3060   471.24000            1578396  1.0232112176565018E+01
  3070   472.78000            1580133  1.0208109137190139E+01
  3080   474.32000            1581710  1.0202346390240468E+01
  3090   475.86000            1583247  1.0263593717413558E+01
  3100   477.40000            1584842  1.0273970414705326E+01
  3110   478.94000            1586544  1.0231674858656016E+01
  3120   480.48000            1588321  1.0195658547486856E+01
  3130   482.02000            1590133  1.0219852960849433E+01
  3140   483.56000            1591919  1.0255205348628465E+01
  3150   485.10000            1593439  1.0267598847906820E+01
  3160   486.64000            1595026  1.0255928768797098E+01
  3170   488.18000            1596624  1.0234876998640404E+01
  3180   489.72000            1598173  1.0221709946957199E+01
  3190   491.26000            1599776  1.0311287883575108E+01
  3200   492.80000            1601594  1.0370657607410502E+01
  3210   494.34000            1603469  1.0277358415807756E+01
  3220   495.88000            1605329  1.0270883006614321E+01
  3230   497.42000            1606954  1.0357871147520234E+01
  3240   498.96000            1608401  1.0426722803759471E+01
  3250   500.50000            1609978  1.0396301888065562E+01
  3260   502.04000            1611618  1.0397746433603309E+01
  3270   503.58000            1613373  1.0418922574271912E+01
  3280   505.12000            1615112  1.0459686050251404E+01
  3290   506.66000            1616737  1.0488925957364810E+01
  3300   508.20000            1618436  1.0488185619010579E+01
  3310   509.74000            1620297  1.0485523658469718E+01
  3320   511.28000            1621804  1.0442840317446249E+01
  3330   512.82000            1623357  1.0526448114530526E+01
  3340   514.36000            1625045  1.0539069002822577E+01
  3350   515.90000            1626752  1.0520814850630767E+01
  3360   517.44000            1628366  1.0535399646453634E+01
  3370   518.98000            1630026  1.0573868398662501E+01
  3380   520.52000            1631848  1.0530452503590475E+01
  3390   522.06000            1633594  1.0514332112003398E+01
  3400   523.60000            1635235  1.0480455404027477E+01
  3410   525.14000            1636657  1.0500707783799479E+01
  3420   526.68000            1638300  1.0505609431361419E+01
  3430   528.22000            1639983  1.0564930672362498E+01
  3440   529.76000            1641510  1.0583963474405230E+01
  3450   531.30000            1643309  1.0577056159543501E+01
  3460   532.84000            1645078  1.0631992144468860E+01
  3470   534.38000            1646825  1.0661211840510378E+01
  3480   535.92000            1648429  1.0580308835503544E+01
  3490   537.46000            1650052  1.0504357354576223E+01
  3500   539.00000            1651754  1.0564304777167084E+01
  3510   540.54000            1653289  1.0560109496750590E+01
  3520   542.08000            1654975  1.0551384679563444E+01
  3530   543.62000            1656811  1.0572358127749283E+01
  3540   545.16000            1658604  1.0577061966784390E+01
  3550   546.70000            1660277  1.0587498316822860E+01
  3560   548.24000            1661777  1.0591832708037085E+01
  3570   549.78000            1663451  1.0574964374278650E+01
  3580   551.32000            1665203  1.0568659800129055E+01
  3590   552.86000            1666868  1.0603768702325318E+01
  3600   554.40000            1668647  1.0612854126806681E+01
  3610   555.94000            1670484  1.0626313906563038E+01
  3620   557.48000            1672247  1.0666092475924474E+01
  3630   559.02000            1673797  1.0694863297324105E+01
  3640   560.56000            1675366  1.0756648028789355E+01
  3650   562.10000            1677081  1.0734519603884975E+01
  3660   563.64000            1678855  1.0745897308293420E+01
  3670   565.18000            1680576  1.0771731380343827E+01
  3680   566.72000            1682315  1.0801350099835407E+01
  3690   568.26000            1684091  1.0823202743370590E+01
  3700   569.80000            1685685  1.0826609814190981E+01
  3710   571.34000            1687184  1.0847501332019444E+01
  3720   572.88000            1688867  1.0839152363533051E+01
  3730   574.42000            1690671  1.0891919000916694E+01
  3740   575.96000            1692450  1.0931677790414998E+01
  3750   577.50000            1694121  1.0922451026771672E+01
  3760   579.04000            1695910  1.0968863264837690E+01
  3770   580.58000            1697575  1.1001423925267142E+01
  3780   582.12000            1699168  1.1016670011007374E+01
  3790   583.66000            1700894  1.1058869194010493E+01
  3800   585.20000            1702595  1.1114679227729974E+01
  3810   586.74000            1704293  1.1116313471430367E+01
  3820   588.28000            1706077  1.1135945519599614E+01
  3830   589.82000            1707807  1.1190324398622096E+01
  3840   591.36000            1709455  1.1254003509461548E+01
  3850   592.90000            1711085  1.1313515810655820E+01
  3860   594.44000            1712746  1.1358172444649842E+01
  3870   595.98000            1714302  1.1354263444381926E+01
  3880   597.52000            1715983  1.1358589887942031E+01
  3890   599.06000            1717613  1.1383624421177641E+01
  3900   600.60000            1719339  1.1445941370732415E+01
  3910   602.14000            1720988  1.1451636390855004E+01
  3920   603.68000            1722566  1.1434531549735429E+01
  3930   605.22000            1724226  1.1504614866739800E+01
  3940   606.76000            1725886  1.1561070596426148E+01
  3950   608.30000            1727536  1.1609155136911030E+01
  3960   609.84000            1729265  1.1623099297155996E+01
  3970   611.38000            1731031  1.1667837412903788E+01
  3980   612.92000            1732640  1.1736076318073332E+01
  3990   614.46000            1734240  1.1799706715241783E+01
  4000   616.00000            1735969  1.1824203439967214E+01
  4010   617.54000            1737583  1.1800958459212868E+01
  4020   619.08000            1739196  1.1796614192628503E+01
  4030   620.62000            1740803  1.1835320131243185E+01
  4040   622.16000            1742435  1.1871313487627383E+01
  4050   623.70000            1744074  1.1852855205066847E+01
  4060   625.24000            1745722  1.1857767082194332E+01
  4070   626.78000            1747476  1.1906097027035525E+01
  4080   628.32000            1749165  1.1946325931907875E+01
  4090   629.86000            1750883  1.2024442195373791E+01
  4100   631.40000            1752544  1.2093469736728405E+01
  4110   632.94000            1754109  1.2116614394617864E+01
  4120   634.48000            1755741  1.2092794048781238E+01
  4130   636.02000            1757483  1.2134979266440704E+01
  4140   637.56000            1759062  1.2165792276094459E+01
  4150   639.10000            1760576  1.2176717650148900E+01
  4160   640.64000            1762242  1.2131395147038615E+01
  4170   642.18000            1763936  1.2133796881716139E+01
  4180   643.72000            1765518  1.2147582518775163E+01
  4190   645.26000            1767237  1.2145428723942326E+01
  4200   646.80000            1768945  1.2096605634334940E+01
  4210   648.34000            1770565  1.2094772924969595E+01
  4220   649.88000            1772235  1.2128508887315247E+01
  4230   651.42000            1773820  1.2147694925434971E+01
  4240   652.96000            1775414  1.2104960117433167E+01
  4250   654.50000            1777049  1.2107826525492325E+01
  4260   656.04000            1778621  1.2178017232665081E+01
  4270   657.58000            1780265  1.2184597201572707E+01
  4280   659.12000            1781809  1.2131980799678749E+01
  4290   660.66000            1783359  1.2141047759966266E+01
  4300   662.20000            1784982  1.2181471699363826E+01
  4310   663.74000            1786538  1.2197328156587011E+01
  4320   665.28000            1788142  1.2158320767134967E+01
  4330   666.82000            1789838  1.2139375756839218E+01
  4340   668.36000            1791526  1.2114732643094946E+01
  4350   669.90000            1793206  1.2102943023693992E+01
  4360   671.44000            1794854  1.2080921831922815E+01
  4370   672.98000            1796491  1.2056017395689357E+01
  4380   674.52000            1798094  1.2084115870700092E+01
  4390   676.06000            1799676  1.2118405926489032E+01
  4400   677.60000            1801305  1.2163752009818925E+01
  4410   679.14000            1802987  1.2210039609548192E+01
  4420   680.68000            1804621  1.2271605355290433E+01
  4430   682.22000            1806210  1.2311010581197309E+01
  4440   683.76000            1807758  1.2313447018176475E+01
  4450   685.30000            1809394  1.2325599562147433E+01
  4460   686.84000            1810994  1.2291373700883220E+01
  4470   688.38000            1812589  1.2330947939106363E+01
  4480   689.92000            1814223  1.2360316177661119E+01
  4490   691.46000            1815846  1.2345937104000159E+01
  4500   693.00000            1817384  1.2361800254668923E+01
  4510   694.54000            1818988  1.2423299279633888E+01
  4520   696.08000            1820632  1.2412025205914547E+01
  4530   697.62000            1822261  1.2359385321370109E+01
  4540   699.16000            1823888  1.2393079507608798E+01
  4550   700.70000            1825344  1.2447191208459856E+01
  4560   702.24000            1826839  1.2415748462615943E+01
  4570   703.78000            1828355  1.2380602810680786E+01
  4580   705.32000            1829922  1.2399186405793637E+01
  4590   706.86000            1831401  1.2417863223065472E+01
  4600   708.40000            1832942  1.2394796191107575E+01
  4610   709.94000            1834492  1.2378122030046068E+01
  4620   711.48000            1835999  1.2412318821882286E+01
  4630   713.02000            1837544  1.2451279172464066E+01
  4640   714.56000            1839051  1.2452888514056323E+01
  4650   716.10000            1840620  1.2469903266872130E+01
  4660   717.64000            1842141  1.2527415148512091E+01
  4670   719.18000            1843722  1.2533015999843780E+01
  4680   720.72000            1845301  1.2511602577103153E+01
  4690   722.26000            1846839  1.2508966487220796E+01
  4700   723.80000            1848288  1.2539374208200263E+01
  4710   725.34000            1849697  1.2565303457597743E+01
  4720   726.88000            1851142  1.2557809859752695E+01
  4730   728.42000            1852551  1.2569862020624981E+01
  4740   729.96000            1854123  1.2615966453122381E+01
  4750   731.50000            1855441  1.2649378631397381E+01
  4760   733.04000            1856922  1.2659256427316134E+01
  4770   734.58000            1858247  1.2705197784761882E+01
  4780   736.12000            1859739  1.2765835478023558E+01
  4790   737.66000            1861063  1.2766054931661651E+01
  4800   739.20000            1862395  1.2758316771452783E+01
  4810   740.74000            1863662  1.2778082507128884E+01
  4820   742.28000            1864848  1.2787898899333005E+01
  4830   743.82000            1866044  1.2759737181192630E+01
  4840   745.36000            1867389  1.2740191276595798E+01
  4850   746.90000            1868679  1.2736113465804952E+01
  4860   748.44000            1869955  1.2739923614538174E+01
  4870   749.98000            1871212  1.2729317174878167E+01
  4880   751.52000            1872469  1.2685922370822453E+01
  4890   753.06000            1873797  1.2699733466740945E+01
  4900   754.60000            1875077  1.2721291540891164E+01
  4910   756.14000            1876384  1.2708174559878570E+01
  4920   757.68000            1877737  1.2715067449539362E+01
  4930   759.22000            1879132  1.2722613057012341E+01
  4940   760.76000            1880516  1.2746439594459469E+01
  4950   762.30000            1881928  1.2751774812936844E+01
  4960   763.84000            1883357  1.2752181152092136E+01
  4970   765.38000            1884879  1.2753840460157232E+01
  4980   766.92000            1886327  1.2742924789396517E+01
  4990   768.46000            1887821  1.2759447727449182E+01
  5000   770.00000            1889254  1.2762443263614117E+01
  5010   771.54000            1890512  1.2757020878423363E+01
  5020   773.08000            1891822  1.2772856473021211E+01
  5030   774.62000            1893009  1.2802069104003067E+01
  5040   776.16000            1894254  1.2837537263828022E+01
  5050   777.70000            1895724  1.2876347949604511E+01
  5060   779.24000            1897098  1.2923436835330282E+01
  5070   780.78000            1898094  1.2934557572860728E+01
  5080   782.32000            1899398  1.2941333335204916E+01
  5090   783.86000            1900732  1.2942421809929753E+01
  5100   785.40000            1902041  1.2923392133182523E+01
  5110   786.94000            1903365  1.2910457602708050E+01
  5120   788.48000            1904692  1.2920142055115361E+01
  5130   790.02000            1905926  1.2910671701906196E+01
  5140   791.56000            1907245  1.2889322245754213E+01
  5150   793.10000            1908538  1.2904808023852308E+01
  5160   794.64000            1909414  1.2928331067969280E+01
  5170   796.18000            1910389  1.2899805895269610E+01
  5180   797.72000            1911411  1.2899268052160840E+01
  5190   799.26000            1912458  1.2928331125735433E+01
