! EM field energy per field component
  Iter        Time                          B1                      B2                      B3                      E1                      E2                      E3
     0   0.0000000      0.0000000000000000E+00  0.0000000000000000E+00  0.0000000000000000E+00  0.0000000000000000E+00  0.0000000000000000E+00  0.0000000000000000E+00
    20   1.9200000      0.0000000000000000E+00  1.3756229093370355E-06  2.6741880221828546E-06  8.8046161957699898E-01  3.1565104348761441E-04  5.7471225967149350E-07
    40   3.8400000      0.0000000000000000E+00  9.2080967189452521E-07  2.1366698053912027E-04  3.8608610046774394E-01  1.3322321282182087E-02  7.5300371158199204E-07
    60   5.7600000      0.0000000000000000E+00  1.1038085612463987E-06  1.0108277201616328E-03  2.8242404629740997E-01  4.3825403318874037E-03  7.3693024497155802E-07
    80   7.6800000      0.0000000000000000E+00  1.0281215952827068E-06  2.7976140056657297E-04  8.9852158201637911E-01  1.2949692388558056E-02  1.0173124153260634E-06
   100   9.6000000      0.0000000000000000E+00  1.2046839904314449E-06  7.6468528011553946E-04  3.0508683842220014E-02  1.0406937643640020E-02  8.6237763731225952E-07
   120   11.520000      0.0000000000000000E+00  9.8492675343015895E-07  1.5888802526428459E-03  7.4572477906330414E-01  4.5435157426692102E-02  9.2341898243666428E-07
   140   13.440000      0.0000000000000000E+00  1.1430878231016720E-06  1.4609928220595014E-03  4.5485909104965871E-01  2.8552030381128513E-02  1.0058775671667584E-06
   160   15.360000      0.0000000000000000E+00  1.0992569084274092E-06  1.4317964418679558E-03  1.9154696080059860E-01  4.1356153638713146E-03  1.0056958077626764E-06
   180   17.280000      0.0000000000000000E+00  1.1612993080854566E-06  2.4293006805952613E-03  8.2627617213554738E-01  1.2453614848716424E-01  9.7856872215850239E-07
   200   19.200000      0.0000000000000000E+00  1.0753273532537708E-06  4.9999129231902617E-03  8.0373658229715303E-02  1.1109735317479212E-02  1.0325211899808177E-06
   220   21.120000      0.0000000000000000E+00  1.1819810282336628E-06  1.5568368336694889E-03  5.7185521808867379E-01  6.8950257656561001E-02  9.5076182341063762E-07
   240   23.040000      0.0000000000000000E+00  1.2073897628629506E-06  3.6912634305853735E-03  4.7072790566924433E-01  1.4805518270941956E-01  9.1702370253468867E-07
   260   24.960000      0.0000000000000000E+00  1.2246078393111477E-06  6.4960769914036822E-03  1.1364689156511970E-01  2.7631462598218255E-02  8.9893647105301276E-07
   280   26.880000      0.0000000000000000E+00  1.2101608390542946E-06  3.0813778144333586E-03  6.8194022116920072E-01  1.8317701734651234E-01  8.5536804527346492E-07
   300   28.800000      0.0000000000000000E+00  1.1041398225230327E-06  7.0144490051884823E-03  1.2110033803650762E-01  7.1955133970159693E-02  8.0995545450922907E-07
   320   30.720000      0.0000000000000000E+00  1.2489589666816748E-06  8.0429333501763536E-03  3.8824008812504746E-01  1.7273069263794727E-01  7.5954103112091953E-07
   340   32.640000      0.0000000000000000E+00  1.0874170450097649E-06  6.5407795680062046E-03  4.2915528204413872E-01  2.0717197319813740E-01  8.5493750136503027E-07
   360   34.560000      0.0000000000000000E+00  1.1799506215254942E-06  8.3840957206796820E-03  8.2129084331567112E-02  2.8538063538035278E-02  6.5233296167120057E-07
   380   36.480000      0.0000000000000000E+00  1.2058625004071447E-06  8.6098343884457983E-03  4.8589330488958510E-01  3.7614513165401142E-01  7.1172562196587631E-07
   400   38.400000      0.0000000000000000E+00  1.3476400354160843E-06  1.2187263474532022E-02  1.5048873876118171E-01  1.0060620370252785E-01  6.3108777770652469E-07
   420   40.320000      0.0000000000000000E+00  1.1660685620172583E-06  1.1017659324640777E-02  2.4687712921172733E-01  1.6676177706726100E-01  6.5504867370510467E-07
   440   42.240000      0.0000000000000000E+00  1.2403054515972054E-06  1.2885990552633142E-02  3.1894867386656572E-01  4.1749901499146846E-01  7.4951964862099924E-07
   460   44.160000      0.0000000000000000E+00  1.2289317809526362E-06  1.6715307293274830E-02  8.7524136419524751E-02  4.6678992236081129E-02  7.5499352114917730E-07
   480   46.080000      0.0000000000000000E+00  1.3153691553979411E-06  1.0672738011083895E-02  3.1035162371101593E-01  4.0178351320132466E-01  7.9769778456290412E-07
   500   48.000000      0.0000000000000000E+00  1.2251774478134406E-06  1.8502986792414817E-02  1.2569482650877467E-01  2.3800672216933028E-01  9.9159486566775659E-07
   520   49.920000      0.0000000000000000E+00  1.3671545936117492E-06  2.0659974877212203E-02  1.6665131092866570E-01  2.3106361381783724E-01  8.5084345899468642E-07
   540   51.840000      0.0000000000000000E+00  1.0549993323124736E-06  1.3278827883795783E-02  2.0209815885915550E-01  4.6918321182466921E-01  9.6992342410919724E-07
   560   53.760000      0.0000000000000000E+00  1.2344185828050437E-06  2.4128865145562721E-02  7.4683244984926025E-02  6.9423704064156225E-02  8.8749600682704063E-07
   580   55.680000      0.0000000000000000E+00  1.2895729916121311E-06  1.8176447908521475E-02  1.9249025971500036E-01  5.5541015028233309E-01  8.7138385607276693E-07
   600   57.600000      0.0000000000000000E+00  1.2183228457554573E-06  1.9216981831792799E-02  6.8003996261691457E-02  2.7698238835174593E-01  7.3187828112865978E-07
   620   59.520000      0.0000000000000000E+00  1.2727547426826398E-06  2.7439319480660918E-02  1.2244534612831967E-01  1.6643757641338561E-01  8.6628964216447239E-07
   640   61.440000      0.0000000000000000E+00  1.2984453626572905E-06  1.8342075077631307E-02  1.2058022484062490E-01  6.8463533646386010E-01  8.3213562326351586E-07
   660   63.360000      0.0000000000000000E+00  1.3494792326866934E-06  2.8592185033653454E-02  2.7463398005618079E-02  7.4574031337438687E-02  7.8834079133180810E-07
   680   65.280000      0.0000000000000000E+00  1.5020135390773170E-06  2.1956740460375546E-02  1.3548442958180290E-01  4.7899116329762637E-01  7.7850983106179436E-07
   700   67.200000      0.0000000000000000E+00  1.4838759144759465E-06  2.0512213620279069E-02  5.7744678255484516E-02  4.5695080926063736E-01  7.9665394081419086E-07
   720   69.120000      0.0000000000000000E+00  1.3935559376622809E-06  3.0251050231745357E-02  4.5646589127262910E-02  1.7399130199045329E-01  7.7164386300407119E-07
   740   71.040000      0.0000000000000000E+00  1.3956785025218108E-06  1.9459899681915475E-02  8.5077422432812910E-02  6.4561899600382966E-01  8.7371342532337991E-07
   760   72.960000      0.0000000000000000E+00  1.4300187109386408E-06  2.7378639157104423E-02  4.7268321826286055E-02  1.3877259797240879E-01  8.3018662704778980E-07
   780   74.880000      0.0000000000000000E+00  1.3943646159512618E-06  2.5308400143452290E-02  5.1745886514484737E-02  5.3427318387195533E-01  8.5236604717466736E-07
   800   76.800000      0.0000000000000000E+00  1.4066909340204550E-06  2.3412019218958375E-02  5.1261992955532507E-02  4.4999045998854936E-01  9.7537867083483772E-07
   820   78.720000      0.0000000000000000E+00  1.7555140188173599E-06  3.0282580236790535E-02  5.2957618931720150E-02  1.0778397502466296E-01  8.7290505083930244E-07
   840   80.640000      0.0000000000000000E+00  1.5024308814244091E-06  2.5444605860126340E-02  4.1901565628177047E-02  7.6332270698261040E-01  9.7781950106152434E-07
   860   82.560000      0.0000000000000000E+00  1.6694016582412148E-06  3.2334312298514731E-02  4.4621614727035373E-02  1.3737180999673326E-01  1.0140322905429199E-06
   880   84.480000      0.0000000000000000E+00  1.5786221861449466E-06  2.6562531470227482E-02  4.9160178830644816E-02  3.8939281123080371E-01  8.9662739560671771E-07
   900   86.400000      0.0000000000000000E+00  1.4128415910942003E-06  2.7597047328332951E-02  4.7226451886485339E-02  5.8866896412462888E-01  9.4657077653580302E-07
   920   88.320000      0.0000000000000000E+00  1.5220890500212435E-06  3.4564428286633003E-02  4.1916143340586277E-02  9.7005032611566219E-02  9.3442686325639204E-07
   940   90.240000      0.0000000000000000E+00  1.5968598378522566E-06  2.5873558515145979E-02  7.1413602051737385E-02  6.1300904818423740E-01  8.3480709332021079E-07
   960   92.160000      0.0000000000000000E+00  1.3812251355833717E-06  3.4111958946391061E-02  5.3655863006880779E-02  2.2524965460972976E-01  8.3311586631427535E-07
   980   94.080000      0.0000000000000000E+00  1.6446852394776461E-06  3.6393797346314843E-02  5.9870006262244757E-02  3.7505155365791754E-01  8.9173469983501763E-07
  1000   96.000000      0.0000000000000000E+00  1.7174446985768779E-06  3.2622063242016532E-02  1.0004329778266544E-01  4.9163823187048183E-01  8.9809266108040638E-07
  1020   97.920000      0.0000000000000000E+00  1.5651572077693922E-06  4.4518415857128568E-02  5.1118569143524840E-02  7.4580765799308071E-02  7.4750321081910229E-07
  1040   99.840000      0.0000000000000000E+00  1.6208553211379106E-06  4.0601451780938047E-02  1.2617731710624622E-01  6.1736089485457268E-01  9.8868752007701435E-07
  1060   101.76000      0.0000000000000000E+00  1.6459859970607813E-06  4.0740138594183142E-02  8.6688965164141776E-02  1.9616985316957483E-01  1.0070652163524677E-06
  1080   103.68000      0.0000000000000000E+00  1.3909450987457172E-06  5.0300568828771965E-02  8.4730673658020436E-02  2.3002008640515734E-01  8.1461441379364201E-07
  1100   105.60000      0.0000000000000000E+00  1.7837292667447970E-06  4.4972913778865448E-02  1.8098684572355417E-01  5.2807450993820115E-01  9.4618397171305766E-07
  1120   107.52000      0.0000000000000000E+00  1.4405394310464576E-06  4.8050575811608903E-02  5.5648753409941944E-02  7.2419181378748060E-02  9.7051763222138040E-07
  1140   109.44000      0.0000000000000000E+00  1.5442428952898545E-06  4.8232980267456871E-02  1.9539635713110537E-01  4.0985083673989958E-01  7.9354559288823655E-07
  1160   111.36000      0.0000000000000000E+00  1.5062341866376968E-06  5.0755343967429846E-02  1.4457552467339238E-01  2.4114202482254185E-01  9.8695469629982893E-07
  1180   113.28000      0.0000000000000000E+00  1.6699587699505604E-06  5.4071684035587549E-02  1.0690748574705296E-01  2.0632812971426701E-01  8.3750649292947685E-07
  1200   115.20000      0.0000000000000000E+00  1.5897911820117939E-06  4.9376638793736168E-02  2.7767095128367109E-01  3.6179503597949286E-01  7.9037779716053214E-07
  1220   117.12000      0.0000000000000000E+00  1.5283185126689926E-06  5.3991506124852519E-02  7.4258654150857875E-02  7.0052450498047300E-02  9.4681518257037240E-07
  1240   119.04000      0.0000000000000000E+00  1.8731456406324779E-06  5.1489873464687315E-02  2.6531306820289419E-01  3.6219776898365180E-01  7.0081978582061210E-07
  1260   120.96000      0.0000000000000000E+00  1.6497322334658300E-06  5.2311843215019763E-02  2.1489018073375282E-01  1.7033477476942729E-01  6.9442460581215962E-07
  1280   122.88000      0.0000000000000000E+00  1.7627161406505245E-06  5.4917821954184473E-02  1.2625177257716674E-01  1.0570056529749057E-01  9.9473126948774996E-07
  1300   124.80000      0.0000000000000000E+00  1.4608902251215292E-06  5.4377908545095270E-02  3.7596796398005750E-01  3.2584767951348226E-01  8.3693053337930844E-07
  1320   126.72000      0.0000000000000000E+00  1.6043293371184055E-06  5.7979231747404110E-02  1.0052596971509700E-01  6.4713219768220753E-02  9.6718636037154200E-07
  1340   128.64000      0.0000000000000000E+00  1.4937399262450189E-06  5.2548508118166977E-02  3.2509654111273895E-01  1.8940844697961423E-01  9.9030990168100866E-07
  1360   130.56000      0.0000000000000000E+00  1.4727536644042858E-06  5.9315049295338623E-02  2.9752092140983877E-01  1.6497398586052056E-01  9.8401073294527245E-07
  1380   132.48000      0.0000000000000000E+00  1.5926798237859119E-06  5.7848892644520401E-02  1.4059138617852773E-01  1.0185123080093283E-01  9.1911424401046680E-07
  1400   134.40000      0.0000000000000000E+00  1.5223578340865096E-06  5.3478816576876982E-02  4.6906150414905257E-01  1.7324350811250763E-01  7.6073884580628956E-07
  1420   136.32000      0.0000000000000000E+00  1.7812558582404536E-06  7.1792555186824647E-02  1.3959134528142453E-01  5.4027343679513500E-02  9.8877707346383769E-07
  1440   138.24000      0.0000000000000000E+00  1.6053871619435467E-06  6.0287397740371194E-02  3.6814525253633029E-01  1.5786324111536551E-01  7.8406816912418708E-07
  1460   140.16000      0.0000000000000000E+00  1.7432685423913268E-06  5.5891086614768277E-02  3.7334861070942155E-01  9.7709499363230118E-02  6.9584938905595942E-07
  1480   142.08000      0.0000000000000000E+00  1.6469333839137122E-06  7.8320532465058199E-02  1.5042723907088287E-01  3.9951314657829293E-02  1.1558316588096958E-06
  1500   144.00000      0.0000000000000000E+00  1.6339297233383766E-06  6.7532212683012113E-02  5.3341072761401254E-01  1.3993294490225500E-01  7.6957334334258087E-07
  1520   145.92000      0.0000000000000000E+00  1.6249403923648350E-06  6.1176378530669692E-02  1.6767774204084637E-01  6.6484434584178229E-02  8.3055461039478896E-07
  1540   147.84000      0.0000000000000000E+00  1.4870149517205432E-06  8.5056760305474363E-02  3.8209922254729750E-01  5.0149495597012338E-02  1.0930787862060042E-06
  1560   149.76000      0.0000000000000000E+00  1.6482698391935442E-06  6.7810396355879821E-02  4.3010173174446398E-01  8.9087099834029904E-02  7.2885753385088179E-07
  1580   151.68000      0.0000000000000000E+00  1.5735434309350524E-06  6.4868934192292491E-02  1.4599377853564077E-01  7.7565332394507996E-02  9.0359503957139977E-07
  1600   153.60000      0.0000000000000000E+00  1.4740481575760666E-06  9.1828578496708460E-02  5.6790955767453644E-01  3.8458271884986746E-02  9.7264296095801501E-07
  1620   155.52000      0.0000000000000000E+00  1.4623808281137661E-06  7.4329786293132222E-02  1.9368852081785620E-01  7.0581312761803600E-02  6.1270965963442722E-07
  1640   157.44000      0.0000000000000000E+00  1.3473982372713638E-06  7.4004509932368359E-02  3.7001123543919012E-01  8.0139903434633022E-02  1.0076005250954767E-06
  1660   159.36000      0.0000000000000000E+00  1.3207147790852323E-06  9.6655460838793422E-02  4.6873970937867909E-01  2.9255618158389535E-02  8.5817417518487481E-07
  1680   161.28000      0.0000000000000000E+00  1.5932255416880691E-06  8.1016591334699337E-02  1.3291059011149770E-01  8.0334388858065486E-02  6.9516099993094481E-07
  1700   163.20000      0.0000000000000000E+00  1.3989248839374044E-06  8.3916203091182806E-02  5.6678726117370981E-01  6.8684310693153561E-02  1.0051596718053806E-06
  1720   165.12000      0.0000000000000000E+00  1.4618573840427346E-06  1.0178923366778458E-01  2.1214961686780134E-01  4.0272050324389595E-02  6.9619539527879319E-07
  1740   167.04000      0.0000000000000000E+00  1.4634103324780447E-06  7.7089962505777057E-02  3.3117722566267194E-01  9.4248804541040815E-02  8.3497995279827134E-07
  1760   168.96000      0.0000000000000000E+00  1.2612841719189183E-06  7.6893880921142910E-02  4.8083637001824697E-01  5.7369191607838557E-02  9.2113815464742347E-07
  1780   170.88000      0.0000000000000000E+00  1.4609175555863652E-06  8.3969801380437262E-02  1.2015910993154529E-01  5.6548014447262887E-02  8.1617696760218008E-07
  1800   172.80000      0.0000000000000000E+00  1.3584649841427748E-06  6.8924833120834680E-02  5.2613056099495970E-01  1.2233930624623518E-01  8.8419382488287830E-07
  1820   174.72000      0.0000000000000000E+00  1.5089677146841331E-06  7.7740395124065845E-02  2.2539063202637061E-01  5.0041701950344936E-02  8.9513918532398826E-07
  1840   176.64000      0.0000000000000000E+00  1.3982775681567822E-06  7.9349015893278488E-02  2.8341328576873437E-01  8.3378031725388435E-02  1.0278827424677723E-06
  1860   178.56000      0.0000000000000000E+00  1.5245844167673735E-06  7.1170600629503908E-02  4.5999010015506875E-01  1.4374196627992358E-01  8.2943567476386720E-07
  1880   180.48000      0.0000000000000000E+00  1.5266862526280432E-06  8.4359750650490270E-02  1.0940196637762700E-01  5.1866194887048689E-02  7.6067033416849660E-07
  1900   182.40000      0.0000000000000000E+00  1.5334528704881105E-06  9.3572921660042219E-02  4.6090182466947871E-01  1.3749285572888595E-01  1.0664067824261837E-06
  1920   184.32000      0.0000000000000000E+00  1.3683725323962077E-06  9.1719873603699750E-02  2.2348382216034876E-01  1.2101421898809918E-01  5.8639481435469731E-07
  1940   186.24000      0.0000000000000000E+00  1.4951740768989437E-06  1.0635973962702228E-01  2.2882947085066380E-01  1.0378342261604982E-01  7.0892547764742856E-07
  1960   188.16000      0.0000000000000000E+00  1.4427642681107595E-06  1.0942168270446392E-01  4.1236565917347956E-01  1.7387177316998412E-01  9.2725051237019104E-07
  1980   190.08000      0.0000000000000000E+00  1.4359892269899659E-06  1.1098468283916489E-01  9.9075584721064161E-02  8.3395401423190546E-02  5.9037264425560105E-07
  2000   192.00000      0.0000000000000000E+00  1.5299212421469411E-06  1.1972760207682794E-01  3.7710415052607388E-01  2.2043029178042373E-01  8.8768877933370085E-07
  2020   193.92000      0.0000000000000000E+00  1.5644257782666501E-06  1.1671246933043600E-01  2.1175647472962009E-01  1.3565241926645988E-01  8.0940306184992050E-07
  2040   195.84000      0.0000000000000000E+00  1.3329317088820897E-06  1.1831407877692225E-01  1.7041846685306092E-01  1.2406777021944219E-01  8.1957021982079200E-07
  2060   197.76000      0.0000000000000000E+00  1.4727165800408438E-06  1.2719636305938306E-01  3.4822026986009491E-01  2.9318691690193649E-01  9.5401420990614936E-07
  2080   199.68000      0.0000000000000000E+00  1.1767131938225054E-06  1.2718360984932303E-01  8.9737065698570234E-02  8.0324911152670209E-02  7.5750233687078391E-07
  2100   201.60000      0.0000000000000000E+00  1.4996708790499965E-06  1.2585888223990505E-01  2.7692631646863547E-01  2.6669966482866159E-01  8.7644251770675799E-07
  2120   203.52000      0.0000000000000000E+00  1.4620976559921644E-06  1.3054917048022061E-01  1.9349017835010524E-01  2.2012987601382955E-01  8.1227480537685334E-07
  2140   205.44000      0.0000000000000000E+00  1.4417293360593569E-06  1.1729923161164435E-01  1.2098094055311479E-01  1.5308267647835078E-01  7.9659299980761271E-07
  2160   207.36000      0.0000000000000000E+00  1.4464824030951053E-06  1.1529917112995927E-01  2.5923549633698695E-01  3.6550702372060395E-01  9.4022392051992922E-07
  2180   209.28000      0.0000000000000000E+00  1.4316131377024886E-06  1.1809411224044247E-01  9.4833006211171272E-02  9.3184812963495317E-02  6.2134395437539216E-07
  2200   211.20000      0.0000000000000000E+00  1.5082543288213907E-06  1.0044401978959380E-01  1.7961859887492318E-01  3.7520230064660143E-01  8.6426234554831356E-07
  2220   213.12000      0.0000000000000000E+00  1.1588930394216954E-06  1.0105504492493801E-01  1.6054119735160560E-01  2.7223500235262810E-01  8.8173026909167635E-07
  2240   215.04000      0.0000000000000000E+00  1.3842901013297463E-06  9.7211834067513728E-02  9.5385245478386782E-02  1.2244551599192145E-01  8.0836270897619742E-07
  2260   216.96000      0.0000000000000000E+00  1.4240230609718751E-06  9.5030695465550666E-02  1.6510290293481716E-01  5.2681207988901857E-01  1.0173299283875198E-06
  2280   218.88000      0.0000000000000000E+00  1.5222515349340022E-06  1.0209656137825267E-01  1.0167900100003779E-01  1.0091328533721035E-01  7.2417975475941091E-07
  2300   220.80000      0.0000000000000000E+00  1.4590913271512535E-06  9.5978565079879979E-02  1.0928141573252349E-01  3.5381434808063322E-01  9.5317100098188301E-07
  2320   222.72000      0.0000000000000000E+00  1.3771128098181600E-06  1.0200531295403571E-01  1.1497507241345853E-01  4.0163956294504655E-01  1.1273313680524261E-06
  2340   224.64000      0.0000000000000000E+00  1.5237068138230576E-06  9.8664767574811615E-02  8.9976033042620057E-02  1.1719296825189267E-01  6.9936211147628643E-07
  2360   226.56000      0.0000000000000000E+00  1.5639269056712084E-06  9.2202140118061535E-02  9.5819727783221162E-02  5.3782809605187520E-01  9.2131640816924119E-07
  2380   228.48000      0.0000000000000000E+00  1.5294639052791418E-06  1.0806979656918499E-01  9.4619658071203927E-02  1.3494061601102111E-01  9.6466996566609363E-07
  2400   230.40000      0.0000000000000000E+00  1.3433196726901645E-06  9.7606239295680255E-02  7.7468574234015944E-02  3.8733608628995109E-01  7.6564723055821180E-07
  2420   232.32000      0.0000000000000000E+00  1.5294342873867833E-06  9.5634610502412828E-02  8.6337711130901051E-02  4.2786081910065316E-01  9.2225666275110442E-07
  2440   234.24000      0.0000000000000000E+00  1.5647198806113161E-06  1.0688999595652765E-01  8.5254055639264179E-02  6.9512749755708800E-02  9.0985547237816263E-07
  2460   236.16000      0.0000000000000000E+00  1.5660472372931859E-06  9.4525734118772922E-02  6.3410403939809332E-02  6.2941838572468078E-01  8.6352613188791287E-07
  2480   238.08000      0.0000000000000000E+00  1.5873706947200231E-06  1.0579278217049350E-01  9.0955672633533324E-02  1.5531102182655110E-01  9.3074908792845083E-07
  2500   240.00000      0.0000000000000000E+00  1.3157782596392394E-06  1.0552600267687619E-01  6.8082709106775718E-02  3.0049837636040744E-01  9.4504634433910470E-07
  2520   241.92000      0.0000000000000000E+00  1.5631101184887371E-06  1.0367328091596181E-01  7.8284665024231676E-02  5.2674715949532591E-01  9.4689176204525471E-07
  2540   243.84000      0.0000000000000000E+00  1.4902082782702796E-06  1.1260738854778876E-01  8.1661092559719317E-02  8.2387222560880644E-02  8.0416190453339808E-07
  2560   245.76000      0.0000000000000000E+00  1.5464218038410319E-06  1.0445022978884605E-01  7.9741708101579128E-02  5.3464144058716934E-01  1.0304414050035411E-06
  2580   247.68000      0.0000000000000000E+00  1.4722096382519492E-06  1.1051434344089504E-01  8.9168569911620491E-02  1.9681879436396935E-01  8.9403311660538069E-07
  2600   249.60000      0.0000000000000000E+00  1.5373964885113356E-06  1.0784174245290210E-01  7.6346922147626145E-02  3.1499366684327684E-01  7.5754343136611765E-07
  2620   251.52000      0.0000000000000000E+00  1.5184772961318445E-06  1.0643335253302957E-01  1.1056704626973851E-01  4.5638526135246515E-01  9.6908595507912616E-07
  2640   253.44000      0.0000000000000000E+00  1.3772982484372133E-06  1.0894852332889383E-01  7.4516833992782916E-02  4.6809479016748562E-02  8.0161284911029957E-07
  2660   255.36000      0.0000000000000000E+00  1.4024673894092907E-06  1.0443860765189149E-01  1.2000008445957044E-01  5.7054761071087678E-01  1.0069952665491978E-06
  2680   257.28000      0.0000000000000000E+00  1.4946981598267311E-06  1.1370620308821221E-01  1.0267527875008414E-01  1.7173090077587894E-01  9.8296955728621556E-07
  2700   259.20000      0.0000000000000000E+00  1.3485491790603160E-06  1.0778281355034401E-01  9.5014424222184576E-02  2.0005225145033251E-01  7.7396242270860783E-07
  2720   261.12000      0.0000000000000000E+00  1.3730294404059286E-06  1.1082500784633874E-01  1.6494186097688748E-01  5.1578717516107997E-01  1.1205900165231878E-06
  2740   263.04000      0.0000000000000000E+00  1.4523307345717000E-06  1.2304776470653961E-01  7.3049942600859633E-02  3.8674437210586443E-02  9.7811055467396629E-07
  2760   264.96000      0.0000000000000000E+00  1.3121278238461763E-06  1.0955935578383554E-01  1.8997916382873759E-01  4.0754637770201130E-01  8.4592229967151514E-07
  2780   266.88000      0.0000000000000000E+00  1.4774232566679089E-06  1.1745860972055297E-01  1.2568311234608431E-01  2.3631790343489803E-01  1.0136703914458104E-06
  2800   268.80000      0.0000000000000000E+00  1.3358004124129053E-06  1.2369170647008305E-01  1.3029136515651185E-01  1.6335764706116593E-01  7.9094776448445580E-07
  2820   270.72000      0.0000000000000000E+00  1.4335741720030807E-06  1.1319887710423968E-01  2.4681243471342384E-01  3.7289750147457729E-01  9.7209121122724450E-07
  2840   272.64000      0.0000000000000000E+00  1.4286202282797607E-06  1.2381409318130332E-01  7.5319788649374150E-02  5.9239156111783424E-02  8.5861114862075796E-07
  2860   274.56000      0.0000000000000000E+00  1.5708306140410946E-06  1.2026105844314444E-01  2.8196787360905406E-01  3.3464348336651573E-01  7.7782073537498904E-07
  2880   276.48000      0.0000000000000000E+00  1.3494205367730574E-06  1.1780054666487499E-01  1.6742261708992118E-01  1.6513040852875988E-01  1.1166192039941491E-06
  2900   278.40000      0.0000000000000000E+00  1.8398949741573823E-06  1.1828330092483086E-01  1.6723686137154636E-01  1.0179054930543664E-01  6.9273461518669310E-07
  2920   280.32000      0.0000000000000000E+00  1.3557110606267797E-06  1.1368954337064292E-01  3.3946499352314363E-01  3.1975166955370626E-01  9.3701368306697772E-07
  2940   282.24000      0.0000000000000000E+00  1.6414660626281687E-06  1.1601528673948476E-01  9.3934984674420047E-02  4.3185812409330157E-02  1.1109947290771398E-06
  2960   284.16000      0.0000000000000000E+00  1.6044317684868791E-06  1.1480217086616692E-01  3.6872055237927354E-01  2.0421040306352650E-01  6.2287846434074030E-07
  2980   286.08000      0.0000000000000000E+00  1.7710210214472539E-06  1.1920569549982059E-01  2.0848672871074925E-01  1.6295650834988387E-01  9.6407699409315604E-07
  3000   288.00000      0.0000000000000000E+00  1.5619770368883044E-06  1.1511519840023864E-01  2.1856610525647066E-01  7.9418581747821265E-02  9.7673897784027272E-07
  3020   289.92000      0.0000000000000000E+00  1.9316709124204977E-06  1.1607660233293533E-01  4.1501923755475556E-01  2.0154120417030072E-01  5.8399680821128792E-07
  3040   291.84000      0.0000000000000000E+00  1.6115025842072573E-06  1.2509380463473377E-01  1.0988008267942709E-01  4.2954826650938083E-02  1.0319680370589245E-06
  3060   293.76000      0.0000000000000000E+00  1.7024173025790803E-06  1.1430538893608751E-01  4.5124170981543038E-01  1.5218609431299460E-01  7.8939835302371922E-07
  3080   295.68000      0.0000000000000000E+00  1.7445613463901226E-06  1.2155151995445002E-01  2.3235156828269321E-01  1.2195942941210729E-01  7.6636055819608225E-07
  3100   297.60000      0.0000000000000000E+00  1.6031302264367237E-06  1.2578913518313464E-01  2.4755278365945566E-01  2.3162684893763271E-02  1.1418646944177264E-06
  3120   299.52000      0.0000000000000000E+00  1.4927995817025634E-06  1.1530829377379885E-01  4.7642961932715416E-01  1.7066519169415933E-01  7.2520716931748237E-07
  3140   301.44000      0.0000000000000000E+00  1.6626014251166578E-06  1.2488319381150158E-01  1.0678969082994177E-01  5.8945925745663749E-02  9.2016327257116412E-07
  3160   303.36000      0.0000000000000000E+00  1.4424146196577979E-06  1.2545255031719790E-01  4.9349129425077642E-01  5.0556773598027592E-02  1.0289118533510080E-06
  3180   305.28000      0.0000000000000000E+00  1.5410690079544817E-06  1.1745772639037737E-01  2.6122894594216362E-01  1.4608196124390702E-01  6.9904117869703578E-07
  3200   307.20000      0.0000000000000000E+00  1.6256912630606608E-06  1.2989589867933504E-01  2.5086095448602569E-01  3.0933775469225325E-02  9.1960994416353212E-07
  3220   309.12000      0.0000000000000000E+00  1.5164209723687347E-06  1.2620616408125515E-01  5.0986358378682273E-01  7.0419863406665187E-02  8.3672061772822366E-07
  3240   311.04000      0.0000000000000000E+00  1.4711394985494803E-06  1.2199658018827654E-01  1.1467927730667281E-01  1.1509832385481851E-01  7.8066335376771333E-07
  3260   312.96000      0.0000000000000000E+00  1.5386629045016871E-06  1.3509787603494691E-01  4.9740549217818258E-01  2.9647555746021671E-02  9.1665869117999674E-07
  3280   314.88000      0.0000000000000000E+00  1.4020833088294235E-06  1.2989483363746637E-01  2.8257637311503503E-01  8.0560859837802021E-02  8.4722502811076201E-07
  3300   316.80000      0.0000000000000000E+00  1.7315007251609558E-06  1.3132347286104890E-01  2.5011948440921189E-01  8.8543816540681913E-02  8.3512710484021160E-07
  3320   318.72000      0.0000000000000000E+00  1.5604263836235668E-06  1.3998298231384226E-01  5.1292539036288587E-01  3.3341782832158350E-02  7.9662799292861887E-07
  3340   320.64000      0.0000000000000000E+00  1.5796853255583998E-06  1.4523447461539490E-01  1.3408348891731714E-01  8.4065455636981132E-02  8.2291894757746440E-07
  3360   322.56000      0.0000000000000000E+00  1.2888333746791133E-06  1.5585298658390756E-01  4.8080173072784138E-01  7.4052661264734504E-02  9.5711760265401576E-07
  3380   324.48000      0.0000000000000000E+00  1.5579368711247923E-06  1.6395575405581925E-01  2.9436515456374129E-01  4.3288513927078436E-02  6.7297689781288990E-07
  3400   326.40000      0.0000000000000000E+00  1.5697276029606234E-06  1.6737464898840479E-01  2.5421271246980498E-01  8.8458049117751680E-02  9.1118903664916795E-07
  3420   328.32000      0.0000000000000000E+00  1.4679999981682275E-06  1.6760065739554592E-01  4.8529800097219894E-01  6.5037562699618939E-02  9.2863344301960645E-07
  3440   330.24000      0.0000000000000000E+00  1.5364745576388510E-06  1.6530718184885745E-01  1.5461851142918276E-01  6.1883071347646430E-02  6.1800882277833866E-07
  3460   332.16000      0.0000000000000000E+00  1.6816808754821548E-06  1.6001267483881948E-01  4.5060841184624451E-01  1.0428622420096512E-01  9.1475337055363794E-07
  3480   334.08000      0.0000000000000000E+00  1.7915296766380826E-06  1.5505840876082463E-01  2.9048666656794353E-01  4.8698720114114108E-02  7.7302651464184662E-07
  3500   336.00000      0.0000000000000000E+00  1.5237896489187235E-06  1.4775286968405413E-01  2.5016712877636543E-01  1.0419952947257771E-01  6.2949530619923473E-07
  3520   337.92000      0.0000000000000000E+00  1.4394342570584588E-06  1.4257575606311421E-01  4.3996414223094549E-01  1.1016262504911917E-01  9.8596072112544801E-07
  3540   339.84000      0.0000000000000000E+00  1.3535746174816212E-06  1.4090347619741223E-01  1.7494446963220620E-01  3.1282985815363991E-02  8.4039380222349663E-07
  3560   341.76000      0.0000000000000000E+00  1.3841115814470163E-06  1.3544719271612038E-01  3.8911848694313911E-01  1.7410506623363251E-01  6.6141215069932073E-07
  3580   343.68000      0.0000000000000000E+00  1.3730505190759340E-06  1.3620634720266359E-01  2.7191977096794973E-01  8.3457997771434464E-02  8.4364732274042473E-07
  3600   345.60000      0.0000000000000000E+00  1.1898976328940667E-06  1.4079137102974143E-01  2.4113009341472594E-01  6.6613694138011367E-02  7.0899298098792953E-07
  3620   347.52000      0.0000000000000000E+00  1.3790608315044443E-06  1.3850622392763343E-01  3.6312174397317631E-01  2.0766610331082341E-01  8.1389365624475326E-07
  3640   349.44000      0.0000000000000000E+00  1.2681409726578468E-06  1.3869444247988882E-01  1.8293976681360408E-01  5.5164568251915583E-02  8.2674701806943409E-07
  3660   351.36000      0.0000000000000000E+00  1.4985624857586443E-06  1.4573752183385930E-01  3.2771354683888843E-01  1.6123347361883000E-01  6.1057291158657097E-07
  3680   353.28000      0.0000000000000000E+00  1.4314287209657283E-06  1.5003056464111497E-01  2.4621396943417137E-01  1.4175657187247584E-01  8.5447202888127235E-07
  3700   355.20000      0.0000000000000000E+00  1.5704803039474884E-06  1.4253512750647127E-01  2.2948359113388520E-01  1.0881179092042997E-01  8.8865115048622422E-07
  3720   357.12000      0.0000000000000000E+00  1.6638209972517338E-06  1.4976928079199586E-01  2.8462784777055983E-01  2.2314773374251720E-01  8.7919311743246771E-07
  3740   359.04000      0.0000000000000000E+00  1.5163826271643381E-06  1.5253112206965561E-01  2.0567026248484613E-01  5.0203480511038359E-02  6.9191013692763197E-07
  3760   360.96000      0.0000000000000000E+00  1.6035778215742071E-06  1.4161137835739443E-01  2.5969232871841536E-01  2.5712738635838928E-01  9.3266361255486853E-07
  3780   362.88000      0.0000000000000000E+00  1.2491777056459975E-06  1.5411450090930159E-01  2.1037507860297697E-01  1.6112036370334612E-01  9.0703334176272001E-07
  3800   364.80000      0.0000000000000000E+00  1.5977413179701945E-06  1.5545436805137969E-01  2.3606741366263023E-01  7.2389276469412692E-02  7.8080611195290893E-07
  3820   366.72000      0.0000000000000000E+00  1.2918764685961323E-06  1.4383638709252888E-01  2.0290215298177103E-01  3.6216132750576852E-01  8.9019429258855874E-07
  3840   368.64000      0.0000000000000000E+00  1.4032096477657971E-06  1.5846619343562129E-01  2.1763647898335650E-01  4.7976186478210794E-02  9.4869497059251891E-07
  3860   370.56000      0.0000000000000000E+00  1.5952604632561938E-06  1.4451561102862492E-01  2.1712043173998855E-01  2.2798314754385426E-01  7.8606897991229673E-07
  3880   372.48000      0.0000000000000000E+00  1.4583331653853161E-06  1.4281302818359681E-01  1.6605140990107714E-01  2.8795327437679696E-01  9.4447433099470951E-07
  3900   374.40000      0.0000000000000000E+00  1.5520036113389076E-06  1.6423886460546241E-01  2.5058218466919829E-01  6.1894013852888750E-02  1.0992321392152065E-06
  3920   376.32000      0.0000000000000000E+00  1.4700323845792937E-06  1.4232922142136639E-01  1.4507427922955818E-01  3.4957705664432409E-01  6.6813144432503030E-07
  3940   378.24000      0.0000000000000000E+00  1.4856445391671216E-06  1.5327677805219150E-01  2.1574279925849088E-01  1.0396797570968053E-01  9.8556246592340360E-07
  3960   380.16000      0.0000000000000000E+00  1.5242467041753091E-06  1.6009117998453007E-01  1.9562845317294086E-01  2.4462349969946867E-01  1.1277477058621861E-06
  3980   382.08000      0.0000000000000000E+00  1.5325095171598508E-06  1.4184952335621720E-01  1.4356948687603252E-01  2.9045510709528355E-01  7.0892618284515423E-07
  4000   384.00000      0.0000000000000000E+00  1.5791187891950485E-06  1.5719933424234847E-01  2.4693586013809360E-01  4.0134702296089508E-02  1.0186121665119367E-06
  4020   385.92000      0.0000000000000000E+00  1.5036063380538512E-06  1.5205513596649720E-01  1.1499442943254769E-01  4.1025819085482784E-01  9.1483915531344619E-07
  4040   387.84000      0.0000000000000000E+00  1.7041043757786192E-06  1.4296282718199699E-01  2.2650140371923552E-01  1.1506266590777248E-01  8.4660268335774412E-07
  4060   389.76000      0.0000000000000000E+00  1.6470429948827921E-06  1.4890582249657280E-01  1.8357518766810765E-01  1.6982872256069312E-01  1.0138521062078315E-06
  4080   391.68000      0.0000000000000000E+00  1.4475198364540538E-06  1.4443956039202219E-01  1.3877242005282728E-01  3.7881787311825726E-01  7.6880630736438665E-07
  4100   393.60000      0.0000000000000000E+00  1.6129653879906423E-06  1.4495422364806204E-01  2.5918930604012691E-01  4.7977697465095247E-02  9.8853635864319225E-07
  4120   395.52000      0.0000000000000000E+00  1.7434726342469317E-06  1.4769533231797141E-01  1.2192875427732536E-01  3.1612321593686682E-01  9.6431443820954080E-07
  4140   397.44000      0.0000000000000000E+00  1.7147282838627734E-06  1.4114386596511844E-01  2.2521113143544857E-01  1.9025147086627106E-01  8.4618069932504722E-07
  4160   399.36000      0.0000000000000000E+00  1.6989272709357306E-06  1.4503521432644773E-01  2.0488404383673572E-01  1.7110267501097084E-01  1.0704704483702469E-06
  4180   401.28000      0.0000000000000000E+00  1.5202101382090113E-06  1.5063938729677659E-01  1.5392356541479441E-01  2.9616604584840200E-01  7.2440773230562960E-07
  4200   403.20000      0.0000000000000000E+00  1.3944364580202577E-06  1.4848702344546152E-01  2.5212646183150900E-01  6.1687505383748995E-02  1.2149205575378195E-06
  4220   405.12000      0.0000000000000000E+00  1.5684183269866759E-06  1.4758633002843496E-01  1.6786154617315213E-01  3.3058166604322842E-01  9.7174772105832240E-07
  4240   407.04000      0.0000000000000000E+00  1.6791704671339077E-06  1.5479291494862962E-01  2.2346067917892459E-01  1.4391580784717548E-01  8.2534472270333718E-07
  4260   408.96000      0.0000000000000000E+00  1.8228661582258275E-06  1.5208610836884379E-01  2.2115087251446652E-01  1.0761575385188168E-01  1.3565045166618166E-06
  4280   410.88000      0.0000000000000000E+00  1.7782346693533532E-06  1.5386111427613308E-01  2.0356281133422469E-01  3.4212425302929128E-01  6.0014475029999726E-07
  4300   412.80000      0.0000000000000000E+00  1.5160792329390595E-06  1.6311306353387126E-01  2.3350990991349080E-01  3.3604062156125283E-02  1.2871714651162200E-06
  4320   414.72000      0.0000000000000000E+00  1.7782343487372984E-06  1.5629607789915226E-01  2.2774444617586881E-01  2.1721440662914021E-01  1.2028103202902400E-06
  4340   416.64000      0.0000000000000000E+00  1.6676187937473037E-06  1.6070162440175001E-01  2.3082510949238808E-01  2.0983813715420374E-01  6.4215661558097548E-07
  4360   418.56000      0.0000000000000000E+00  1.5997678690334156E-06  1.6825731897900875E-01  2.3277037225724523E-01  6.5515865601400311E-02  1.5152637008698410E-06
  4380   420.48000      0.0000000000000000E+00  1.4574472718437283E-06  1.6453555714007687E-01  2.7384761409902658E-01  2.3711631397028127E-01  9.9019280790769228E-07
  4400   422.40000      0.0000000000000000E+00  1.5894645075263445E-06  1.6945911403696071E-01  2.0307993462324817E-01  8.8445872015398497E-02  1.1058067396788951E-06
  4420   424.32000      0.0000000000000000E+00  1.6022367102460316E-06  1.8046648274864527E-01  2.9632996509468912E-01  1.5909269839693102E-01  1.4330638731600689E-06
  4440   426.24000      0.0000000000000000E+00  1.8348240694344372E-06  1.7811960720531517E-01  2.5073026866247750E-01  1.5029410700857240E-01  9.2541549556177846E-07
  4460   428.16000      0.0000000000000000E+00  1.7068694978512962E-06  1.7550793741000220E-01  2.2393529107143836E-01  7.7158212717649055E-02  1.6759769117906643E-06
  4480   430.08000      0.0000000000000000E+00  1.7892784470124002E-06  1.8259281012465245E-01  3.5688652233083862E-01  1.9406944325933057E-01  1.1157851952777531E-06
  4500   432.00000      0.0000000000000000E+00  1.6146083681401374E-06  1.7442480564715374E-01  1.6745939024595952E-01  7.1847918113042503E-02  1.3881395856594101E-06
  4520   433.92000      0.0000000000000000E+00  1.8874341078972701E-06  1.6861580450423530E-01  3.5242675935245871E-01  1.2052084663564443E-01  1.4837463081734581E-06
  4540   435.84000      0.0000000000000000E+00  1.7068987419423463E-06  1.7805750407302168E-01  2.7613889113871187E-01  1.4249076755676393E-01  1.0016615769436242E-06
  4560   437.76000      0.0000000000000000E+00  1.7055442952426744E-06  1.7074916533820414E-01  2.0673811867962205E-01  7.0600514886838592E-02  1.7502944376275411E-06
  4580   439.68000      0.0000000000000000E+00  1.7190154517993281E-06  1.7262572052715036E-01  4.3237124950105210E-01  1.4079550234152152E-01  1.1587797549007578E-06
  4600   441.60000      0.0000000000000000E+00  1.7143160337716454E-06  1.8325392005424601E-01  1.3575667444227379E-01  7.8388541515616278E-02  1.3637238519720668E-06
  4620   443.52000      0.0000000000000000E+00  1.6468983594134583E-06  1.6688421366486045E-01  3.9962429876702221E-01  1.0397012689851476E-01  1.5245300479428445E-06
  4640   445.44000      0.0000000000000000E+00  1.6806165867396811E-06  1.7347411525001524E-01  2.9094618305363057E-01  1.0740302859621874E-01  1.1526469049182111E-06
  4660   447.36000      0.0000000000000000E+00  1.7862904039587894E-06  1.7514072119688570E-01  1.9513004297587780E-01  5.6896958025727265E-02  1.6078322045616153E-06
  4680   449.28000      0.0000000000000000E+00  1.8163343593378583E-06  1.6617409797071994E-01  4.9047209529121244E-01  1.2233662435739638E-01  1.2233482538225186E-06
  4700   451.20000      0.0000000000000000E+00  1.9078940556323657E-06  1.8090020182155381E-01  1.1193391868179127E-01  6.8801346321735735E-02  1.3794056481141589E-06
  4720   453.12000      0.0000000000000000E+00  1.9336560390621926E-06  1.7725630405208992E-01  4.3976764773360522E-01  6.5384615056184425E-02  1.4845192409212371E-06
  4740   455.04000      0.0000000000000000E+00  1.8318630537883930E-06  1.6925440202600001E-01  2.9595728300729873E-01  1.1298136952493473E-01  1.3726227043596800E-06
  4760   456.96000      0.0000000000000000E+00  1.8031824233574704E-06  1.7982281695883442E-01  1.9987719859548458E-01  4.9761267630291560E-02  1.5407147993392824E-06
  4780   458.88000      0.0000000000000000E+00  1.5382050705020287E-06  1.7506372484746241E-01  5.1103256766011251E-01  7.4325333814281538E-02  1.2504814880597064E-06
  4800   460.80000      0.0000000000000000E+00  1.5982964147090796E-06  1.7160484430348763E-01  1.0644240527034794E-01  1.0006929521687957E-01  1.7460480864784009E-06
  4820   462.72000      0.0000000000000000E+00  1.6902783263167210E-06  1.8091996341253000E-01  4.5861823981340105E-01  4.8883032415485909E-02  1.3766165609216629E-06
  4840   464.64000      0.0000000000000000E+00  1.8081722278197590E-06  1.7358545194338632E-01  2.8029315990861320E-01  8.4606701888073024E-02  1.3803870934344858E-06
  4860   466.56000      0.0000000000000000E+00  1.8846344410414405E-06  1.8215296952418025E-01  2.1598182353454407E-01  1.0224120567916305E-01  1.8380972822110778E-06
  4880   468.48000      0.0000000000000000E+00  2.0193399319591877E-06  1.9693140240648879E-01  4.8180914939972425E-01  3.8413426054191076E-02  1.1861328128434712E-06
  4900   470.40000      0.0000000000000000E+00  1.9386403672084306E-06  1.7892916981234011E-01  1.1288586450505811E-01  9.6358545797414888E-02  1.4896906741028452E-06
  4920   472.32000      0.0000000000000000E+00  1.9322265176322384E-06  1.8007767449902121E-01  4.4179166918340901E-01  1.2438321095201073E-01  1.7968533532412278E-06
  4940   474.24000      0.0000000000000000E+00  1.7443286818741790E-06  1.9628953416581393E-01  2.5067394875138704E-01  4.0767019040953673E-02  1.3555311668168353E-06
  4960   476.16000      0.0000000000000000E+00  1.7184406062692615E-06  1.9034449016058042E-01  2.2601467907523465E-01  1.2029539116269214E-01  1.7443798124718768E-06
  4980   478.08000      0.0000000000000000E+00  1.7280100796806399E-06  1.9235707944420008E-01  4.1833453269368931E-01  1.1060596646653804E-01  1.5270243633224088E-06
  5000   480.00000      0.0000000000000000E+00  1.8319015329134853E-06  1.9856827800995594E-01  1.2542013996290408E-01  7.3627895848180219E-02  1.5391748025858449E-06
  5020   481.92000      0.0000000000000000E+00  1.7466250398170912E-06  1.9439326502276480E-01  3.9228650038258756E-01  1.7590357550832098E-01  1.6986621267234191E-06
  5040   483.84000      0.0000000000000000E+00  1.9561105147705662E-06  2.1662035915510819E-01  2.1473220510897098E-01  6.3389331618108419E-02  1.6248272483743727E-06
  5060   485.76000      0.0000000000000000E+00  2.0787817093453954E-06  2.1441240788594626E-01  2.2968774502883740E-01  1.3921391229163663E-01  1.6171104287873898E-06
  5080   487.68000      0.0000000000000000E+00  1.8054442897076212E-06  1.9626330274461101E-01  3.3808936217903901E-01  1.7783528794129089E-01  1.5514148061115187E-06
  5100   489.60000      0.0000000000000000E+00  1.9349983024704075E-06  2.0380468773207369E-01  1.3350010116136704E-01  6.0204966873488738E-02  1.6236423995197959E-06
  5120   491.52000      0.0000000000000000E+00  1.9144205115840853E-06  2.0480949133839121E-01  3.3785772055504582E-01  2.5937692353977398E-01  1.8302989149131163E-06
  5140   493.44000      0.0000000000000000E+00  1.6674716962245903E-06  2.1953833306049123E-01  1.7153390583970227E-01  9.3188577153426849E-02  1.6494256666959650E-06
  5160   495.36000      0.0000000000000000E+00  2.1080264797662383E-06  2.1605401356134935E-01  2.2966734322065357E-01  1.0401369223861062E-01  1.5596112100697640E-06
  5180   497.28000      0.0000000000000000E+00  1.9863694603563556E-06  1.9485100658505788E-01  2.6624880101791520E-01  3.0647932455914156E-01  1.6122281986058338E-06
  5200   499.20000      0.0000000000000000E+00  1.7852198512249590E-06  2.0318250896365794E-01  1.3329753096714300E-01  6.0833637837137300E-02  1.6733062787638800E-06
  5220   501.12000      0.0000000000000000E+00  1.8003119705205042E-06  2.1192700124830799E-01  2.9615699202209395E-01  2.3093215399062722E-01  1.6284838719921913E-06
  5240   503.04000      0.0000000000000000E+00  1.5223347462792867E-06  2.0743124218451192E-01  1.3958981415407140E-01  1.9606870267430579E-01  1.6900818580902719E-06
  5260   504.96000      0.0000000000000000E+00  1.9507869526051848E-06  2.0385403239509881E-01  2.2528637139093183E-01  1.2106310388874020E-01  1.6131876380171074E-06
  5280   506.88000      0.0000000000000000E+00  1.7168195822227467E-06  1.9350125945820931E-01  2.1618277666317617E-01  3.0031984697119674E-01  1.5875800843649118E-06
  5300   508.80000      0.0000000000000000E+00  2.0161751155255855E-06  2.0293731026224973E-01  1.3457159718254005E-01  8.3450155920624991E-02  1.6912992341592415E-06
  5320   510.72000      0.0000000000000000E+00  1.8299660031985853E-06  2.0764890334702765E-01  2.6603387961766511E-01  2.7422548077930398E-01  1.5692503014291746E-06
  5340   512.64000      0.0000000000000000E+00  1.5970488006809820E-06  1.9628176268714362E-01  1.1386963023997919E-01  2.0463975885993557E-01  1.8308436011959066E-06
  5360   514.56000      0.0000000000000000E+00  1.7393831733157992E-06  1.9431029965135704E-01  2.1992365947868625E-01  1.0879805664986932E-01  1.9624444658442033E-06
  5380   516.48000      0.0000000000000000E+00  2.0397645326565636E-06  1.9702213254001061E-01  1.8982946513799975E-01  3.7475942686579911E-01  1.2788331922565608E-06
  5400   518.40000      0.0000000000000000E+00  1.9064140430893451E-06  2.0022339340158107E-01  1.3242033347425675E-01  6.7411538240144134E-02  1.8201391485108780E-06
  5420   520.32000      0.0000000000000000E+00  1.8298968954841019E-06  2.0118386166071622E-01  2.5495989243299283E-01  2.4330227360414161E-01  1.7742978203640499E-06
  5440   522.24000      0.0000000000000000E+00  1.9799301782946585E-06  1.9452194707136694E-01  9.5967765778328079E-02  2.7968164826164210E-01  1.7284167917863277E-06
  5460   524.16000      0.0000000000000000E+00  1.9233784305581900E-06  1.9611563360450124E-01  2.1389869872204484E-01  8.5854635424785705E-02  2.0977936069767018E-06
  5480   526.08000      0.0000000000000000E+00  2.2061821836512896E-06  2.0038798993649007E-01  1.7816507822409841E-01  3.4989843964471956E-01  1.3877091035830773E-06
  5500   528.00000      0.0000000000000000E+00  1.9129693356942324E-06  1.9968180074226882E-01  1.1971267832377257E-01  9.7423732116788758E-02  1.5885305931384122E-06
  5520   529.92000      0.0000000000000000E+00  1.9388900820826348E-06  1.9486763991366779E-01  2.5040205094570717E-01  2.4971905349568707E-01  1.9810254178422552E-06
  5540   531.84000      0.0000000000000000E+00  1.7821119774669917E-06  2.0216169862525107E-01  9.0362642267425561E-02  2.7161359686489839E-01  1.4512162452399152E-06
  5560   533.76000      0.0000000000000000E+00  1.9968954875081814E-06  2.0141784788367054E-01  2.0688413920189599E-01  3.9957686313805689E-02  1.8511277644258876E-06
  5580   535.68000      0.0000000000000000E+00  2.1596586395467007E-06  1.9414744802200745E-01  1.7016550805262426E-01  3.9490712143527190E-01  1.5541135933655792E-06
  5600   537.60000      0.0000000000000000E+00  2.0154589577167662E-06  1.9818471903308077E-01  1.1085841591745944E-01  1.2362435112631059E-01  1.4426679808571053E-06
  5620   539.52000      0.0000000000000000E+00  1.8537089323893547E-06  2.0061657089034093E-01  2.4105389532988766E-01  1.6790816323552563E-01  2.2691679369544608E-06
  5640   541.44000      0.0000000000000000E+00  2.1719319572472854E-06  2.0488160797196400E-01  9.1830659056052866E-02  3.4836168171164011E-01  1.2884250792025671E-06
  5660   543.36000      0.0000000000000000E+00  2.5562378166048469E-06  2.1518106731996772E-01  1.9959105578531683E-01  5.8281252430017805E-02  1.6008790997453105E-06
  5680   545.28000      0.0000000000000000E+00  1.9479181283804365E-06  2.0988733411574342E-01  1.8563815989764196E-01  3.0178599469343359E-01  1.9311667270295288E-06
  5700   547.20000      0.0000000000000000E+00  2.3351687203243367E-06  2.1621983882791906E-01  1.1160022299691889E-01  1.7879212281287871E-01  1.3781873006109652E-06
  5720   549.12000      0.0000000000000000E+00  2.1878938837121330E-06  2.1633382607845797E-01  2.4272266493490913E-01  1.6466237193573688E-01  1.9681752689851147E-06
  5740   551.04000      0.0000000000000000E+00  1.9262086535674598E-06  2.1471358612691555E-01  1.2640465604888232E-01  2.8813230692458736E-01  1.4338510941616336E-06
  5760   552.96000      0.0000000000000000E+00  2.1473876185253906E-06  2.3001564415269901E-01  1.8838091898013684E-01  4.7207984389013954E-02  1.5397745802076533E-06
  5780   554.88000      0.0000000000000000E+00  1.7923994623787835E-06  2.2809145627872393E-01  2.1899672324252667E-01  2.9232827475729373E-01  2.0763517483196097E-06
  5800   556.80000      0.0000000000000000E+00  2.3019217094936413E-06  2.2182430986291907E-01  1.2703829612599438E-01  1.7321425106951799E-01  1.1047511923569956E-06
  5820   558.72000      0.0000000000000000E+00  1.9105450007563868E-06  2.2932021734009059E-01  2.4991116970485100E-01  8.2139901073796692E-02  2.0867260511279007E-06
  5840   560.64000      0.0000000000000000E+00  1.6914617914000342E-06  2.3681959759728238E-01  1.6996726512996249E-01  3.0427690290475934E-01  1.9346498993826602E-06
  5860   562.56000      0.0000000000000000E+00  1.7959112037694110E-06  2.2925623637011164E-01  1.7850044171567828E-01  7.5171381840870924E-02  9.7558018159545254E-07
  5880   564.48000      0.0000000000000000E+00  1.6158030196576409E-06  2.1887934324205816E-01  2.5828610266664476E-01  1.8398464621956440E-01  2.3215466621838856E-06
  5900   566.40000      0.0000000000000000E+00  1.7206822801508890E-06  2.2904463688516816E-01  1.4502451973414421E-01  2.0972336917383433E-01  1.4398779532176783E-06
  5920   568.32000      0.0000000000000000E+00  1.6690546741400064E-06  2.3939312682538108E-01  2.5020791892805938E-01  6.6860503630206250E-02  1.4899999040234476E-06
  5940   570.24000      0.0000000000000000E+00  1.7185463166346454E-06  2.2587852275835563E-01  2.2862074620509684E-01  1.9930676286753712E-01  2.3639455024849518E-06
  5960   572.16000      0.0000000000000000E+00  1.9493379775076494E-06  2.1130239806293585E-01  1.6491839230996055E-01  1.1544455543357050E-01  9.0628701277709525E-07
  5980   574.08000      0.0000000000000000E+00  1.8671414983073369E-06  2.1887489928933437E-01  3.0394051962272461E-01  1.4784491893199003E-01  1.9485428150692789E-06
  6000   576.00000      0.0000000000000000E+00  1.7826057064142337E-06  2.2937079427920387E-01  1.8058944447227374E-01  1.4288443603417722E-01  1.7174026199537567E-06
  6020   577.92000      0.0000000000000000E+00  2.0251093232483076E-06  2.2350895770709006E-01  2.4257809990664961E-01  5.7068812801674487E-02  1.2825157936136313E-06
  6040   579.84000      0.0000000000000000E+00  1.8016660501368203E-06  2.3033584028056397E-01  2.9744954745654911E-01  1.7200368618561773E-01  2.4865134169627942E-06
  6060   581.76000      0.0000000000000000E+00  1.9716477336822665E-06  2.3113101327074981E-01  1.6068889245614068E-01  8.8710078351019656E-02  1.1318738788258186E-06
  6080   583.68000      0.0000000000000000E+00  1.7971116501216973E-06  2.2680700129203801E-01  3.3560474358386860E-01  7.7677983237555384E-02  1.9242235778581630E-06
  6100   585.60000      0.0000000000000000E+00  1.9944983353721572E-06  2.3714570954616684E-01  2.1764403924037370E-01  1.5613818808612867E-01  2.2641925345996986E-06
  6120   587.52000      0.0000000000000000E+00  1.9690803443072915E-06  2.4621360354474231E-01  2.3576357841998918E-01  5.9060725803977067E-02  1.2419812417978840E-06
  6140   589.44000      0.0000000000000000E+00  1.9612489727112164E-06  2.4033935212728427E-01  3.4430208218586611E-01  7.8884495585611572E-02  2.5955209622010920E-06
  6160   591.36000      0.0000000000000000E+00  2.4017254437792922E-06  2.3320481445696545E-01  1.6397307096206915E-01  1.1967116218528479E-01  1.4382334900751977E-06
  6180   593.28000      0.0000000000000000E+00  1.9330980321543025E-06  2.3123288679628654E-01  3.4966046904130660E-01  7.8485090045371117E-02  1.9667557571502182E-06
  6200   595.20000      0.0000000000000000E+00  2.1261948992955886E-06  2.3290735094293444E-01  2.4740316722374511E-01  7.3650417050732095E-02  2.8070252647505090E-06
  6220   597.12000      0.0000000000000000E+00  2.2072684237010124E-06  2.3055253669431661E-01  2.3259015365113150E-01  8.2689988657961025E-02  9.2739106703725950E-07
  6240   599.04000      0.0000000000000000E+00  2.4199253048528874E-06  2.2194347456724797E-01  3.7438780850477643E-01  8.3235213470469110E-02  2.8955537676461569E-06
  6260   600.96000      0.0000000000000000E+00  2.5862343256842940E-06  2.2774761575324753E-01  1.6911074707655732E-01  7.0141085943432713E-02  1.8935253438671715E-06
  6280   602.88000      0.0000000000000000E+00  2.1581696301031052E-06  2.4152906208622874E-01  3.6402629952600418E-01  6.7220270727877771E-02  1.4040521270957879E-06
  6300   604.80000      0.0000000000000000E+00  2.1166159283954885E-06  2.3719530407790165E-01  2.7040760085791493E-01  7.5037687960884142E-02  3.4335477762031595E-06
  6320   606.72000      0.0000000000000000E+00  2.4518559224337344E-06  2.3253024197655831E-01  2.2240706391180226E-01  6.6261911433512413E-02  1.1196885678236347E-06
  6340   608.64000      0.0000000000000000E+00  2.5832819253229409E-06  2.3377438742423584E-01  3.8898913537531987E-01  6.7048803594205231E-02  2.4518975223453810E-06
  6360   610.56000      0.0000000000000000E+00  2.2697884277970541E-06  2.3940567314560093E-01  1.6364604952904016E-01  8.4328131702651632E-02  2.6679205682949241E-06
  6380   612.48000      0.0000000000000000E+00  2.2907215232284374E-06  2.3503954206591540E-01  3.4310962849769844E-01  7.3105028959644491E-02  1.1984903150627592E-06
  6400   614.40000      0.0000000000000000E+00  1.9462383321268782E-06  2.3373491285027187E-01  2.7645068424679275E-01  5.9523241002506500E-02  3.5617782016302352E-06
  6420   616.32000      0.0000000000000000E+00  2.0797801760950130E-06  2.4025160173414803E-01  1.9330472638501733E-01  9.6085569448529584E-02  1.3722469048158891E-06
  6440   618.24000      0.0000000000000000E+00  2.1553543630158267E-06  2.3834144845844810E-01  3.7774384602970612E-01  7.0956733389594392E-02  2.1499583374520976E-06
  6460   620.16000      0.0000000000000000E+00  1.9603363546496845E-06  2.3630427126434322E-01  1.5969948730719397E-01  7.1658228069417546E-02  3.1078226271995827E-06
  6480   622.08000      0.0000000000000000E+00  1.8399746655072519E-06  2.3999509481223499E-01  3.0167928706986108E-01  1.1711473475977018E-01  1.0098045753954064E-06
  6500   624.00000      0.0000000000000000E+00  1.8719382992164003E-06  2.3545911654536547E-01  2.7314319398530751E-01  6.5389932657923783E-02  3.4138541746503511E-06
  6520   625.92000      0.0000000000000000E+00  1.9339275842334189E-06  2.3813193469842320E-01  1.6659181806977516E-01  1.0974772648827961E-01  1.9622170230990788E-06
  6540   627.84000      0.0000000000000000E+00  2.1904484887031516E-06  2.4020757161157474E-01  3.3974057412763464E-01  1.0491127203150347E-01  1.7939934847369623E-06
  6560   629.76000      0.0000000000000000E+00  1.9990311970039605E-06  2.2875800347674818E-01  1.6125659834653461E-01  6.4538454903997164E-02  3.4605887928231915E-06
  6580   631.68000      0.0000000000000000E+00  1.8499861115334745E-06  2.1710091379125848E-01  2.5272897641749753E-01  1.6244520025174000E-01  1.2360028385752512E-06
  6600   633.60000      0.0000000000000000E+00  2.0470934248052307E-06  2.1847536109507482E-01  2.4976643555515407E-01  7.8321780781964043E-02  3.1288599375791127E-06
  6620   635.52000      0.0000000000000000E+00  2.0580005109930868E-06  2.2060752392787419E-01  1.5402895454143492E-01  1.2314506833652646E-01  2.6047136295080703E-06
  6640   637.44000      0.0000000000000000E+00  2.2674786738689710E-06  2.1813112515738226E-01  2.7807294952168660E-01  1.5779161096200778E-01  1.2910471395599208E-06
  6660   639.36000      0.0000000000000000E+00  2.1147373693628801E-06  2.1137357404154442E-01  1.5872490627697192E-01  4.3324246057503103E-02  3.7817989508260873E-06
  6680   641.28000      0.0000000000000000E+00  2.0120326618189934E-06  2.1195127357567564E-01  2.0415847957109445E-01  2.3289464445679658E-01  1.7748469929641252E-06
  6700   643.20000      0.0000000000000000E+00  1.9151600172305336E-06  2.2175287931198570E-01  2.1167027089915239E-01  1.0797050851608833E-01  2.5526179070616375E-06
  6720   645.12000      0.0000000000000000E+00  2.2763273213414517E-06  2.1902551813171178E-01  1.4727131659932893E-01  7.5448316372406940E-02  3.0424418679868643E-06
  6740   647.04000      0.0000000000000000E+00  2.2793417271214486E-06  2.0979697149356766E-01  2.1260744573599069E-01  2.8830113845990940E-01  1.4441720595579167E-06
  6760   648.96000      0.0000000000000000E+00  1.9406475585273094E-06  2.2090379132868243E-01  1.5387724964781424E-01  4.5459445706237493E-02  3.5579000707032765E-06
  6780   650.88000      0.0000000000000000E+00  2.0490182159363677E-06  2.2610649963040430E-01  1.6758091145886320E-01  1.7668048331192884E-01  2.2470217935938319E-06
  6800   652.80000      0.0000000000000000E+00  2.0242673117188201E-06  2.2061253421391033E-01  1.7303943037357833E-01  2.2647612924288174E-01  2.3158805686381978E-06
  6820   654.72000      0.0000000000000000E+00  1.8478032798122250E-06  2.2672386275951403E-01  1.4222418464564063E-01  6.6372713694366731E-02  3.2795461661148624E-06
  6840   656.64000      0.0000000000000000E+00  2.1393696171910309E-06  2.2723463956878290E-01  1.5858247708714882E-01  2.7214308568374762E-01  1.8170235962511423E-06
  6860   658.56000      0.0000000000000000E+00  2.3025029641680697E-06  2.3575759061206245E-01  1.5036571177056404E-01  1.0381211045347327E-01  3.3365776992626048E-06
  6880   660.48000      0.0000000000000000E+00  1.8601131271336739E-06  2.4684256081119560E-01  1.3591732866863768E-01  1.8760243883777442E-01  2.5402375774091966E-06
  6900   662.40000      0.0000000000000000E+00  2.0156811337075547E-06  2.4544665870292742E-01  1.3639687532257472E-01  2.3781691153684248E-01  2.2945697294822754E-06
  6920   664.32000      0.0000000000000000E+00  2.2688144658719612E-06  2.3877933853750272E-01  1.4010532287956820E-01  5.9631717164252425E-02  3.6937924464046391E-06
  6940   666.24000      0.0000000000000000E+00  2.1571614734621613E-06  2.3811704907862524E-01  1.1129403326034157E-01  3.3138878358366053E-01  1.8617893120336737E-06
  6960   668.16000      0.0000000000000000E+00  2.3205434224189597E-06  2.4437994177950104E-01  1.3588444289522184E-01  1.2307715391561704E-01  2.9857745521294672E-06
  6980   670.08000      0.0000000000000000E+00  1.6885150958212662E-06  2.3551852628321113E-01  1.1651249865449675E-01  1.4450500621971485E-01  3.6192100531438571E-06
  7000   672.00000      0.0000000000000000E+00  1.8653175906805770E-06  2.3039549320115391E-01  1.0750419077105691E-01  3.3066129039571651E-01  2.1193134396460675E-06
  7020   673.92000      0.0000000000000000E+00  2.1248034045955586E-06  2.3552374735780648E-01  1.3137131369571331E-01  7.1261465245714153E-02  3.2366666360185940E-06
  7040   675.84000      0.0000000000000000E+00  2.0549512606054308E-06  2.3292934032899293E-01  9.1701750817109531E-02  2.7063909778541562E-01  2.5386530229190858E-06
  7060   677.76000      0.0000000000000000E+00  2.1035586395603509E-06  2.3823760609720213E-01  1.1997258061973660E-01  1.8553012209434433E-01  3.0020000967707430E-06
  7080   679.68000      0.0000000000000000E+00  2.3396820031197148E-06  2.4044432389643589E-01  1.1227746861682915E-01  1.5029936515318409E-01  3.2940653352933454E-06
  7100   681.60000      0.0000000000000000E+00  2.0594856698661555E-06  2.2848263402652927E-01  9.6763013087597008E-02  2.9675402434068943E-01  2.4416373122654901E-06
  7120   683.52000      0.0000000000000000E+00  2.1406040376512926E-06  2.3175618358635464E-01  1.2241671961148277E-01  7.4561599574032827E-02  3.2677472855489819E-06
  7140   685.44000      0.0000000000000000E+00  2.1416145178596647E-06  2.4017624945779489E-01  1.0126495268834849E-01  2.8182820287284949E-01  2.7932721320912150E-06
  7160   687.36000      0.0000000000000000E+00  1.8812118946242654E-06  2.3041744013755716E-01  1.1036017889763788E-01  1.8395677329227916E-01  3.1499968258413698E-06
  7180   689.28000      0.0000000000000000E+00  2.3071418466103015E-06  2.2519198611329755E-01  1.1879128052476454E-01  1.0262612584893681E-01  3.1523990771873603E-06
  7200   691.20000      0.0000000000000000E+00  2.0514859816478307E-06  2.3551804583782643E-01  1.0717235170993426E-01  3.3341157329531118E-01  2.4801419018954807E-06
  7220   693.12000      0.0000000000000000E+00  1.8917646499926924E-06  2.4471436927171819E-01  1.1158312769432144E-01  6.4725227796868942E-02  3.6482114761022434E-06
  7240   695.04000      0.0000000000000000E+00  1.8869363282188942E-06  2.3737098708817758E-01  1.3157828879221023E-01  1.9603821080568998E-01  2.9706723856137841E-06
  7260   696.96000      0.0000000000000000E+00  1.9110870245415371E-06  2.3315403317246391E-01  1.0427239375626449E-01  2.4905235279139923E-01  2.8560329050160484E-06
  7280   698.88000      0.0000000000000000E+00  2.0855184847674367E-06  2.3432777390014142E-01  1.3467971124534237E-01  8.2256144265440090E-02  3.4946175649934063E-06
