! Kinetic energy for species "electrons"
  Iter        Time          Total Par.             Kin. Energy
     0   0.0000000             994073  2.0157177987247619E+00
    20   1.9200000             997929  1.1365584533336917E+00
    40   3.8400000            1001785  1.6385447752862912E+00
    60   5.7600000            1005641  1.7557194403824803E+00
    80   7.6800000            1009497  1.1087766548352840E+00
   100   9.6000000            1013352  1.9900599756298851E+00
   120   11.520000            1017208  1.2853475318062526E+00
   140   13.440000            1021064  1.5625789203248142E+00
   160   15.360000            1024920  1.8433987918710495E+00
   180   17.280000            1028776  1.1472794366974095E+00
   200   19.200000            1032631  1.9823453692484039E+00
   220   21.120000            1036487  1.4056644313816247E+00
   240   23.040000            1040343  1.4879017175119722E+00
   260   24.960000            1044199  1.9604821307758173E+00
   280   26.880000            1048055  1.1878785640255516E+00
   300   28.800000            1051910  1.9081688934330816E+00
   320   30.720000            1055766  1.5623598327510404E+00
   340   32.640000            1059622  1.4368109137338312E+00
   360   34.560000            1063478  1.9740420368712834E+00
   380   36.480000            1067334  1.2867432813370243E+00
   400   38.400000            1071189  1.8553976000262005E+00
   420   40.320000            1075045  1.6892899332668774E+00
   440   42.240000            1078901  1.4265742714692506E+00
   460   44.160000            1082757  1.9992655864584494E+00
   480   46.080000            1086613  1.4089995916622338E+00
   500   48.000000            1090468  1.8126937978964457E+00
   520   49.920000            1094324  1.7692379444203981E+00
   540   51.840000            1098180  1.4627252305157341E+00
   560   53.760000            1102036  2.0322128425764618E+00
   580   55.680000            1105892  1.4624994292100966E+00
   600   57.600000            1109747  1.7975542392098465E+00
   620   59.520000            1113603  1.8770997946209540E+00
   640   61.440000            1117459  1.4303883434430433E+00
   660   63.360000            1121315  2.0658381108254456E+00
   680   65.280000            1125171  1.5483375263606098E+00
   700   67.200000            1129026  1.7418165568779118E+00
   720   69.120000            1132882  1.9899187453260125E+00
   740   71.040000            1136738  1.4413659214920951E+00
   760   72.960000            1140594  2.0708610128099552E+00
   780   74.880000            1144450  1.6709229421735059E+00
   800   76.800000            1148305  1.6853974752194174E+00
   820   78.720000            1152161  2.0837819067529546E+00
   840   80.640000            1156017  1.4908059841787678E+00
   860   82.560000            1159873  2.0268755312004454E+00
   880   84.480000            1163729  1.7971530838031877E+00
   900   86.400000            1167584  1.6773900977034333E+00
   920   88.320000            1171440  2.1131124517270301E+00
   940   90.240000            1175296  1.5592238962910261E+00
   960   92.160000            1179152  2.0351659955644652E+00
   980   94.080000            1183008  1.8627626093119469E+00
  1000   96.000000            1186863  1.6651278711571653E+00
  1020   97.920000            1190719  2.1817928054116114E+00
  1040   99.840000            1194575  1.5950441882454394E+00
  1060   101.76000            1198431  1.9969052081872087E+00
  1080   103.68000            1202287  1.9819338964282387E+00
  1100   105.60000            1206142  1.6547297225630613E+00
  1120   107.52000            1209998  2.1809264004495144E+00
  1140   109.44000            1213854  1.7013147179951906E+00
  1160   111.36000            1217710  1.9798942242436179E+00
  1180   113.28000            1221566  2.0238915663606902E+00
  1200   115.20000            1225421  1.6746607358156773E+00
  1220   117.12000            1229277  2.2096942561508701E+00
  1240   119.04000            1233133  1.7465734898307292E+00
  1260   120.96000            1236989  1.9391384282666952E+00
  1280   122.88000            1240845  2.1272673834321774E+00
  1300   124.80000            1244700  1.7006333680717789E+00
  1320   126.72000            1248556  2.1889602521157672E+00
  1340   128.64000            1252412  1.8542135339239794E+00
  1360   130.56000            1256268  1.9402661220737663E+00
  1380   132.48000            1260124  2.1421162915684664E+00
  1400   134.40000            1263979  1.7413803894450632E+00
  1420   136.32000            1267835  2.2092575497617428E+00
  1440   138.24000            1271691  1.9002944186106701E+00
  1460   140.16000            1275547  1.9466978082907407E+00
  1480   142.08000            1279403  2.2341953797584471E+00
  1500   144.00000            1283258  1.7784992761373069E+00
  1520   145.92000            1287114  2.2132318298781275E+00
  1540   147.84000            1290970  2.0115497948183698E+00
  1560   149.76000            1294826  1.9562314265902199E+00
  1580   151.68000            1298682  2.2502559464237617E+00
  1600   153.60000            1302537  1.8555880353596339E+00
  1620   155.52000            1306393  2.2294938961231567E+00
  1640   157.44000            1310249  2.0521576296010506E+00
  1660   159.36000            1314105  1.9821530294400906E+00
  1680   161.28000            1317961  2.3057424408362639E+00
  1700   163.20000            1321816  1.8764560999114419E+00
  1720   165.12000            1325672  2.2447972045443056E+00
  1740   167.04000            1329528  2.1211134794079847E+00
  1760   168.96000            1333384  1.9764032476828008E+00
  1780   170.88000            1337240  2.3654141078469979E+00
  1800   172.80000            1341095  1.9222813069373577E+00
  1820   174.72000            1344951  2.2563188035587372E+00
  1840   176.64000            1348807  2.1999533199228822E+00
  1860   178.56000            1352663  1.9815756531194886E+00
  1880   180.48000            1356519  2.4044417427091593E+00
  1900   182.40000            1360374  1.9834504745431840E+00
  1920   184.32000            1364230  2.2613828545406003E+00
  1940   186.24000            1368086  2.2604811137829151E+00
  1960   188.16000            1371942  2.0095666626343256E+00
  1980   190.08000            1375798  2.4280618374475136E+00
  2000   192.00000            1379653  2.0443750625111607E+00
  2020   193.92000            1383509  2.2714378707654581E+00
  2040   195.84000            1387365  2.3383636372658811E+00
  2060   197.76000            1391221  2.0369379195865065E+00
  2080   199.68000            1395077  2.4800734594487648E+00
  2100   201.60000            1398932  2.1003087078164961E+00
  2120   203.52000            1402788  2.2808175771314936E+00
  2140   205.44000            1406644  2.4086136968212930E+00
  2160   207.36000            1410500  2.0431758153653661E+00
  2180   209.28000            1414356  2.5319669457533243E+00
  2200   211.20000            1418211  2.1730180282004685E+00
  2220   213.12000            1422067  2.2719767582600858E+00
  2240   215.04000            1425923  2.5266923392283842E+00
  2260   216.96000            1429779  2.0771196118644299E+00
  2280   218.88000            1433635  2.5309068493383222E+00
  2300   220.80000            1437490  2.2783263525704500E+00
  2320   222.72000            1441346  2.2583999604952401E+00
  2340   224.64000            1445202  2.5675317243407916E+00
  2360   226.56000            1449058  2.1272662262489264E+00
  2380   228.48000            1452914  2.5475554328445758E+00
  2400   230.40000            1456769  2.3491041302818192E+00
  2420   232.32000            1460625  2.2590529968607367E+00
  2440   234.24000            1464481  2.6146299342600745E+00
  2460   236.16000            1468337  2.1463326673263383E+00
  2480   238.08000            1472193  2.5356247617993377E+00
  2500   240.00000            1476048  2.3991146290033920E+00
  2520   241.92000            1479904  2.2609870829893999E+00
  2540   243.84000            1483760  2.6616419101117352E+00
  2560   245.76000            1487616  2.1767941072741608E+00
  2580   247.68000            1491472  2.5907088924322608E+00
  2600   249.60000            1495327  2.4820561346940719E+00
  2620   251.52000            1499183  2.2470999192102377E+00
  2640   253.44000            1503039  2.7607009477166966E+00
  2660   255.36000            1506895  2.2185094329877124E+00
  2680   257.28000            1510751  2.5576469903075916E+00
  2700   259.20000            1514606  2.5895306854251725E+00
  2720   261.12000            1518462  2.2459632916652765E+00
  2740   263.04000            1522318  2.7644161143913184E+00
  2760   264.96000            1526174  2.3011994355346261E+00
  2780   266.88000            1530030  2.5721418736305424E+00
  2800   268.80000            1533885  2.6183009902024272E+00
  2820   270.72000            1537741  2.3002625348746992E+00
  2840   272.64000            1541597  2.7893182123938280E+00
  2860   274.56000            1545453  2.3288721833748274E+00
  2880   276.48000            1549309  2.5997179500629670E+00
  2900   278.40000            1553164  2.6583159840627690E+00
  2920   280.32000            1557020  2.3104773415476494E+00
  2940   282.24000            1560876  2.8226571137860548E+00
  2960   284.16000            1564732  2.3869299878897170E+00
  2980   286.08000            1568588  2.6347411363476652E+00
  3000   288.00000            1572443  2.7124764238129719E+00
  3020   289.92000            1576299  2.3853117345411752E+00
  3040   291.84000            1580155  2.8580075115272789E+00
  3060   293.76000            1584011  2.4610582595488868E+00
  3080   295.68000            1587867  2.6890158859481037E+00
  3100   297.60000            1591722  2.7545400740199906E+00
  3120   299.52000            1595578  2.4586947633520189E+00
  3140   301.44000            1599434  2.9013104065639577E+00
  3160   303.36000            1603290  2.5120687086607099E+00
  3180   305.28000            1607146  2.7028417358526173E+00
  3200   307.20000            1611001  2.8044853692057008E+00
  3220   309.12000            1614857  2.4929466882612443E+00
  3240   311.04000            1618713  2.8785114010699595E+00
  3260   312.96000            1622569  2.5848042070810773E+00
  3280   314.88000            1626425  2.7382059770446805E+00
  3300   316.80000            1630280  2.7730764378299400E+00
  3320   318.72000            1634136  2.5993760915577422E+00
  3340   320.64000            1637992  2.8919946122235562E+00
  3360   322.56000            1641848  2.5547116661922056E+00
  3380   324.48000            1645704  2.8160243224181132E+00
  3400   326.40000            1649559  2.7715861515199269E+00
  3420   328.32000            1653415  2.5804332933722280E+00
  3440   330.24000            1657271  2.9523132810692845E+00
  3460   332.16000            1661127  2.5949363740381814E+00
  3480   334.08000            1664983  2.8313942867328690E+00
  3500   336.00000            1668838  2.8440846723874724E+00
  3520   337.92000            1672694  2.6340020343207269E+00
  3540   339.84000            1676550  2.9719432603085716E+00
  3560   341.76000            1680406  2.6621283532820321E+00
  3580   343.68000            1684262  2.8552340181391820E+00
  3600   345.60000            1688117  2.8736094651691122E+00
  3620   347.52000            1691973  2.6706656726045450E+00
  3640   349.44000            1695829  3.0072090903408446E+00
  3660   351.36000            1699685  2.7043595602467732E+00
  3680   353.28000            1703541  2.8735729152670846E+00
  3700   355.20000            1707396  2.9499759172994042E+00
  3720   357.12000            1711252  2.7155400250407045E+00
  3740   359.04000            1715108  3.0275960003701186E+00
  3760   360.96000            1718964  2.8139926803226962E+00
  3780   362.88000            1722820  2.8886248404626231E+00
  3800   364.80000            1726675  2.9927660303662260E+00
  3820   366.72000            1730531  2.8028583339250397E+00
  3840   368.64000            1734387  3.0331615969975347E+00
  3860   370.56000            1738243  2.8899253311773463E+00
  3880   372.48000            1742099  2.9438280257329277E+00
  3900   374.40000            1745954  3.0313363677179628E+00
  3920   376.32000            1749810  2.8504783444400648E+00
  3940   378.24000            1753666  3.0706423137763559E+00
  3960   380.16000            1757522  2.9358860388515913E+00
  3980   382.08000            1761378  2.9340005642897613E+00
  4000   384.00000            1765233  3.1031496625797712E+00
  4020   385.92000            1769089  2.9055348771748641E+00
  4040   387.84000            1772945  3.0556103955732392E+00
  4060   389.76000            1776801  3.0477808908134101E+00
  4080   391.68000            1780657  2.9313546916919964E+00
  4100   393.60000            1784512  3.1255821800603085E+00
  4120   395.52000            1788368  2.9684404020903132E+00
  4140   397.44000            1792224  3.0556023365942222E+00
  4160   399.36000            1796080  3.0916548538098647E+00
  4180   401.28000            1799936  2.9710396056347319E+00
  4200   403.20000            1803791  3.1695835362625355E+00
  4220   405.12000            1807647  3.0005075997230310E+00
  4240   407.04000            1811503  3.0665879370335727E+00
  4260   408.96000            1815359  3.1431330229128083E+00
  4280   410.88000            1819215  2.9701224388682328E+00
  4300   412.80000            1823070  3.1958503119615678E+00
  4320   414.72000            1826926  3.0460808302737692E+00
  4340   416.64000            1830782  3.1017050076464123E+00
  4360   418.56000            1834638  3.2045985849657068E+00
  4380   420.48000            1838494  3.0023862831049497E+00
  4400   422.40000            1842349  3.2596670729562436E+00
  4420   424.32000            1846205  3.0761417740984247E+00
  4440   426.24000            1850061  3.1490784436195489E+00
  4460   428.16000            1853917  3.2728584894425046E+00
  4480   430.08000            1857773  3.0253873484468001E+00
  4500   432.00000            1861628  3.3451335307849082E+00
  4520   433.92000            1865484  3.1100776807840225E+00
  4540   435.84000            1869340  3.1807765017710494E+00
  4560   437.76000            1873196  3.3298955886862807E+00
  4580   439.68000            1877052  3.0353470340508646E+00
  4600   441.60000            1880907  3.3962455430450040E+00
  4620   443.52000            1884763  3.1381102225220650E+00
  4640   445.44000            1888619  3.2287470966808032E+00
  4660   447.36000            1892475  3.3767872207440970E+00
  4680   449.28000            1896331  3.0621161099806349E+00
  4700   451.20000            1900186  3.4604782090666353E+00
  4720   453.12000            1904042  3.1569923685365651E+00
  4740   455.04000            1907898  3.2859723297477603E+00
  4760   456.96000            1911754  3.4147047078454094E+00
  4780   458.88000            1915610  3.1001022940599303E+00
  4800   460.80000            1919465  3.5017733679768481E+00
  4820   462.72000            1923321  3.1799042012110768E+00
  4840   464.64000            1927177  3.3505279889696289E+00
  4860   466.56000            1931033  3.4069456098438975E+00
  4880   468.48000            1934889  3.1740955484444395E+00
  4900   470.40000            1938744  3.5174472834919897E+00
  4920   472.32000            1942600  3.1968021983045904E+00
  4940   474.24000            1946456  3.4325248822476779E+00
  4960   476.16000            1950312  3.3831738237883924E+00
  4980   478.08000            1954168  3.2523038748154329E+00
  5000   480.00000            1958023  3.5429991300943628E+00
  5020   481.92000            1961879  3.1748392152304170E+00
  5040   483.84000            1965735  3.4941992088773306E+00
  5060   485.76000            1969591  3.3818097381803160E+00
  5080   487.68000            1973447  3.2563075642249881E+00
  5100   489.60000            1977302  3.6034479781124835E+00
  5120   491.52000            1981158  3.2058116959938738E+00
  5140   493.44000            1985014  3.5209763767099429E+00
  5160   495.36000            1988870  3.4465298402236204E+00
  5180   497.28000            1992726  3.2688400499636301E+00
  5200   499.20000            1996581  3.6292098630322753E+00
  5220   501.12000            2000437  3.2529528008396924E+00
  5240   503.04000            2004293  3.5225069228681547E+00
  5260   504.96000            2008149  3.4885663215875224E+00
  5280   506.88000            2012005  3.3018708858676047E+00
  5300   508.80000            2015860  3.6662888236512949E+00
  5320   510.72000            2019716  3.3111849799481452E+00
  5340   512.64000            2023572  3.5527491567457150E+00
  5360   514.56000            2027428  3.5464743497165707E+00
  5380   516.48000            2031284  3.3464143699999886E+00
  5400   518.40000            2035139  3.7202954751932378E+00
  5420   520.32000            2038995  3.3575801747308693E+00
  5440   522.24000            2042851  3.5945960935241477E+00
  5460   524.16000            2046707  3.6337676599884854E+00
  5480   526.08000            2050563  3.3529690440150732E+00
  5500   528.00000            2054418  3.7528770918441823E+00
  5520   529.92000            2058274  3.4440740902689235E+00
  5540   531.84000            2062130  3.5728013638215268E+00
  5560   533.76000            2065986  3.7021705613798472E+00
  5580   535.68000            2069842  3.4332316607716233E+00
  5600   537.60000            2073697  3.7371392721731276E+00
  5620   539.52000            2077553  3.5287051790882860E+00
  5640   541.44000            2081409  3.5886426602215553E+00
  5660   543.36000            2085265  3.7272821449025475E+00
  5680   545.28000            2089121  3.4697487298864207E+00
  5700   547.20000            2092976  3.7472197266382188E+00
  5720   549.12000            2096832  3.6190919618022575E+00
  5740   551.04000            2100688  3.5699525030903501E+00
  5760   552.96000            2104544  3.7862980502326460E+00
  5780   554.88000            2108400  3.5484804658969211E+00
  5800   556.80000            2112255  3.6953680113004319E+00
  5820   558.72000            2116111  3.6984010159147189E+00
  5840   560.64000            2119967  3.5874828794590061E+00
  5860   562.56000            2123823  3.7569864298530371E+00
  5880   564.48000            2127679  3.6047741824567092E+00
  5900   566.40000            2131534  3.7216257374232926E+00
  5920   568.32000            2135390  3.7199347181935858E+00
  5940   570.24000            2139246  3.6147496505225893E+00
  5960   572.16000            2143102  3.8193501003218797E+00
  5980   574.08000            2146958  3.6469288751268318E+00
  6000   576.00000            2150813  3.7487697991881817E+00
  6020   577.92000            2154669  3.8131577770207574E+00
  6040   579.84000            2158524  3.6568538310577789E+00
  6060   581.76000            2162380  3.8463913839663628E+00
  6080   583.68000            2166236  3.7279205087611058E+00
  6100   585.60000            2170091  3.7736115722359065E+00
  6120   587.52000            2173947  3.8091712927849808E+00
  6140   589.44000            2177802  3.7365395624158344E+00
  6160   591.36000            2181648  3.8715835658112359E+00
  6180   593.28000            2185445  3.7409991339288187E+00
  6200   595.20000            2189152  3.8705275062897395E+00
  6220   597.12000            2192628  3.8490865403910544E+00
  6240   599.04000            2194848  3.7655559403845276E+00
  6260   600.96000            2195811  3.9477546249024886E+00
  6280   602.88000            2195875  3.7531736286685660E+00
  6300   604.80000            2194947  3.8767524146147507E+00
  6320   606.72000            2192634  3.8687738518884585E+00
  6340   608.64000            2190240  3.7368181733518071E+00
  6360   610.56000            2189620  3.9279551849905743E+00
  6380   612.48000            2190136  3.7413766603954413E+00
  6400   614.40000            2188218  3.8572987697599497E+00
  6420   616.32000            2185169  3.8438514211133730E+00
  6440   618.24000            2184687  3.7258227503902805E+00
  6460   620.16000            2185921  3.9312987598238536E+00
  6480   622.08000            2186463  3.7280027572990067E+00
  6500   624.00000            2186493  3.8604423606957501E+00
  6520   625.92000            2186786  3.8856634580428908E+00
  6540   627.84000            2187804  3.7235118839343917E+00
  6560   629.76000            2187624  3.9832581447788153E+00
  6580   631.68000            2184930  3.7626996995825217E+00
  6600   633.60000            2183077  3.8511908871659370E+00
  6620   635.52000            2182242  3.9400817478408623E+00
  6640   637.44000            2182372  3.7383701243785836E+00
  6660   639.36000            2182611  3.9698372407834266E+00
  6680   641.28000            2182111  3.7989276430674277E+00
  6700   643.20000            2181633  3.8477947075793657E+00
  6720   645.12000            2181277  3.9338073240686624E+00
  6740   647.04000            2181744  3.7290852205109362E+00
  6760   648.96000            2182336  3.9740074058593198E+00
  6780   650.88000            2182622  3.8184913894294299E+00
  6800   652.80000            2182457  3.8097603472729000E+00
  6820   654.72000            2182870  3.9758951059658085E+00
  6840   656.64000            2183432  3.7246786116810053E+00
  6860   658.56000            2184226  3.9261881792641833E+00
  6880   660.48000            2184941  3.8644019302573995E+00
  6900   662.40000            2185756  3.7722148385041709E+00
  6920   664.32000            2187252  3.9738325545111861E+00
  6940   666.24000            2188588  3.7770927986577050E+00
  6960   668.16000            2189114  3.9062532986534135E+00
  6980   670.08000            2189976  3.9116942068950085E+00
  7000   672.00000            2190770  3.7771146712502932E+00
  7020   673.92000            2192170  3.9994561630169851E+00
  7040   675.84000            2193772  3.7911019885118602E+00
  7060   677.76000            2195811  3.9012761603162249E+00
  7080   679.68000            2197586  3.9654901119621275E+00
  7100   681.60000            2198276  3.7636901582669435E+00
  7120   683.52000            2198462  4.0200067552725196E+00
  7140   685.44000            2198674  3.8533017186722094E+00
  7160   687.36000            2199335  3.8636474358620103E+00
  7180   689.28000            2199696  4.0010329932805382E+00
  7200   691.20000            2197724  3.8053943303004192E+00
  7220   693.12000            2195683  3.9906235498634075E+00
  7240   695.04000            2194906  3.8638014506410783E+00
  7260   696.96000            2194683  3.8818987182108096E+00
  7280   698.88000            2194507  3.9849866850300586E+00
