! Kinetic energy for species "positrons"
  Iter        Time          Total Par.             Kin. Energy
     0   0.0000000             481975  9.7672432277478494E-01
    20   1.9200000             485831  9.9418882181191437E-01
    40   3.8400000             489687  9.9574076660271726E-01
    60   5.7600000             493542  1.0016675812528968E+00
    80   7.6800000             497398  1.0284390975116868E+00
   100   9.6000000             501254  1.0471753376234283E+00
   120   11.520000             505110  1.0264716935455049E+00
   140   13.440000             508966  1.0427309719694913E+00
   160   15.360000             512821  1.0744674337414724E+00
   180   17.280000             516677  1.0615500708462657E+00
   200   19.200000             520533  1.0635810539339867E+00
   220   21.120000             524389  1.0997371129191795E+00
   240   23.040000             528245  1.1005542101974044E+00
   260   24.960000             532100  1.0971223931918339E+00
   280   26.880000             535956  1.1264495414112423E+00
   300   28.800000             539812  1.1387498611740150E+00
   320   30.720000             543668  1.1406021258290493E+00
   340   32.640000             547524  1.1471122477506008E+00
   360   34.560000             551379  1.1813189747977952E+00
   380   36.480000             555235  1.1772516059148943E+00
   400   38.400000             559091  1.1662459816944244E+00
   420   40.320000             562947  1.1856004328889831E+00
   440   42.240000             566803  1.2079729563758677E+00
   460   44.160000             570658  1.2026740417462349E+00
   480   46.080000             574514  1.1978094928772052E+00
   500   48.000000             578370  1.2228263392972101E+00
   520   49.920000             582226  1.2382804534727441E+00
   540   51.840000             586082  1.2251720707836511E+00
   560   53.760000             589937  1.2406471350182020E+00
   580   55.680000             593793  1.2654820676699647E+00
   600   57.600000             597649  1.2682021279687556E+00
   620   59.520000             601505  1.2663686566300782E+00
   640   61.440000             605361  1.2934602962849626E+00
   660   63.360000             609216  1.3038714052902167E+00
   680   65.280000             613072  1.2996908618643244E+00
   700   67.200000             616928  1.3071407563911106E+00
   720   69.120000             620784  1.3376275329943725E+00
   740   71.040000             624640  1.3309272805970207E+00
   760   72.960000             628495  1.3226016006569354E+00
   780   74.880000             632351  1.3668756994214917E+00
   800   76.800000             636207  1.3667928742956479E+00
   820   78.720000             640063  1.3490124912939334E+00
   840   80.640000             643919  1.3861486798560627E+00
   860   82.560000             647774  1.4049851270176141E+00
   880   84.480000             651630  1.3839521015686829E+00
   900   86.400000             655486  1.4076699655484544E+00
   920   88.320000             659342  1.4354006060226252E+00
   940   90.240000             663198  1.4114717583026875E+00
   960   92.160000             667053  1.4251883699791321E+00
   980   94.080000             670909  1.4605206595157094E+00
  1000   96.000000             674765  1.4428817086857528E+00
  1020   97.920000             678621  1.4407973189290249E+00
  1040   99.840000             682477  1.4769041721904821E+00
  1060   101.76000             686332  1.4770548747326806E+00
  1080   103.68000             690188  1.4690256256200342E+00
  1100   105.60000             694044  1.4915536383366688E+00
  1120   107.52000             697900  1.5115050363443454E+00
  1140   109.44000             701756  1.4950730494866156E+00
  1160   111.36000             705611  1.5145136224227524E+00
  1180   113.28000             709467  1.5472930599501118E+00
  1200   115.20000             713323  1.5343906709518964E+00
  1220   117.12000             717179  1.5485318057127808E+00
  1240   119.04000             721035  1.5730442851515813E+00
  1260   120.96000             724890  1.5798043015061016E+00
  1280   122.88000             728746  1.5702739914647830E+00
  1300   124.80000             732602  1.5882807097583755E+00
  1320   126.72000             736458  1.6081919698072453E+00
  1340   128.64000             740314  1.6007489225778009E+00
  1360   130.56000             744169  1.6199668531772304E+00
  1380   132.48000             748025  1.6406978095892482E+00
  1400   134.40000             751881  1.6322191914641726E+00
  1420   136.32000             755737  1.6391533642487595E+00
  1440   138.24000             759593  1.6518114650523150E+00
  1460   140.16000             763448  1.6500329506696358E+00
  1480   142.08000             767304  1.6461949042756865E+00
  1500   144.00000             771160  1.6656881365965039E+00
  1520   145.92000             775016  1.6725003886346275E+00
  1540   147.84000             778872  1.6639917940157327E+00
  1560   149.76000             782727  1.6814777224179072E+00
  1580   151.68000             786583  1.6963043906760698E+00
  1600   153.60000             790439  1.6882340159520659E+00
  1620   155.52000             794295  1.6958109434223185E+00
  1640   157.44000             798151  1.7066792157669153E+00
  1660   159.36000             802006  1.7178734023903457E+00
  1680   161.28000             805862  1.7080100104037719E+00
  1700   163.20000             809718  1.7308374958764343E+00
  1720   165.12000             813574  1.7462108656404656E+00
  1740   167.04000             817430  1.7347826565484978E+00
  1760   168.96000             821285  1.7758632560383980E+00
  1780   170.88000             825141  1.7648233073899171E+00
  1800   172.80000             828997  1.7728944164845104E+00
  1820   174.72000             832853  1.8014491179392165E+00
  1840   176.64000             836709  1.7876682107051280E+00
  1860   178.56000             840564  1.8091014058484234E+00
  1880   180.48000             844420  1.8112541680200662E+00
  1900   182.40000             848276  1.7980071242954174E+00
  1920   184.32000             852132  1.8135873557337052E+00
  1940   186.24000             855988  1.8185930266926449E+00
  1960   188.16000             859843  1.8088290755028098E+00
  1980   190.08000             863699  1.8285889162626812E+00
  2000   192.00000             867555  1.8162853009002009E+00
  2020   193.92000             871411  1.8253067999823485E+00
  2040   195.84000             875267  1.8338579220036819E+00
  2060   197.76000             879122  1.8267472663565103E+00
  2080   199.68000             882978  1.8382829322663818E+00
  2100   201.60000             886834  1.8499482543746750E+00
  2120   203.52000             890690  1.8524965675007776E+00
  2140   205.44000             894546  1.8777956902405026E+00
  2160   207.36000             898401  1.8759842481745483E+00
  2180   209.28000             902257  1.8753029620773822E+00
  2200   211.20000             906113  1.9125614221806011E+00
  2220   213.12000             909969  1.9010542020172556E+00
  2240   215.04000             913825  1.9020972880525682E+00
  2260   216.96000             917680  1.9317504656234270E+00
  2280   218.88000             921536  1.9287768912136203E+00
  2300   220.80000             925392  1.9385613973839733E+00
  2320   222.72000             929248  1.9631001322717638E+00
  2340   224.64000             933104  1.9566623323967800E+00
  2360   226.56000             936959  1.9616835527425391E+00
  2380   228.48000             940815  1.9871993578938518E+00
  2400   230.40000             944671  1.9836283788438700E+00
  2420   232.32000             948527  1.9943888277548587E+00
  2440   234.24000             952383  2.0233577422006443E+00
  2460   236.16000             956238  2.0191198928645711E+00
  2480   238.08000             960094  2.0361638624934537E+00
  2500   240.00000             963950  2.0562068410487675E+00
  2520   241.92000             967806  2.0279705570038962E+00
  2540   243.84000             971662  2.0517044547778065E+00
  2560   245.76000             975517  2.0698140377650702E+00
  2580   247.68000             979373  2.0429238506310701E+00
  2600   249.60000             983229  2.0744435628638422E+00
  2620   251.52000             987085  2.0938596478390470E+00
  2640   253.44000             990941  2.0674373581924246E+00
  2660   255.36000             994796  2.1005247423029494E+00
  2680   257.28000             998652  2.1278612393694387E+00
  2700   259.20000            1002508  2.0959511628987837E+00
  2720   261.12000            1006364  2.1210250992294135E+00
  2740   263.04000            1010220  2.1385197129937508E+00
  2760   264.96000            1014075  2.1178818088975637E+00
  2780   266.88000            1017931  2.1407954060940635E+00
  2800   268.80000            1021787  2.1664245978344812E+00
  2820   270.72000            1025643  2.1418879342661699E+00
  2840   272.64000            1029499  2.1734577040076068E+00
  2860   274.56000            1033354  2.1934349243126712E+00
  2880   276.48000            1037210  2.1814862950976206E+00
  2900   278.40000            1041066  2.2080385937667000E+00
  2920   280.32000            1044922  2.2217353985863548E+00
  2940   282.24000            1048778  2.2164663623503662E+00
  2960   284.16000            1052633  2.2195098008891088E+00
  2980   286.08000            1056489  2.2171828707321817E+00
  3000   288.00000            1060345  2.2263139558884530E+00
  3020   289.92000            1064201  2.2231568539112940E+00
  3040   291.84000            1068057  2.2422086524403206E+00
  3060   293.76000            1071912  2.2252290678686490E+00
  3080   295.68000            1075768  2.2296525067172692E+00
  3100   297.60000            1079624  2.2649675758590311E+00
  3120   299.52000            1083480  2.2299914870961053E+00
  3140   301.44000            1087336  2.2583070300515962E+00
  3160   303.36000            1091191  2.2775734496342106E+00
  3180   305.28000            1095047  2.2657081549785212E+00
  3200   307.20000            1098903  2.2851560105058830E+00
  3220   309.12000            1102759  2.3077348291810362E+00
  3240   311.04000            1106615  2.3039758377364299E+00
  3260   312.96000            1110470  2.3041251254746138E+00
  3280   314.88000            1114326  2.3259555195453121E+00
  3300   316.80000            1118182  2.3357363639138113E+00
  3320   318.72000            1122038  2.3125848522314159E+00
  3340   320.64000            1125894  2.3496645903436675E+00
  3360   322.56000            1129749  2.3597411314507832E+00
  3380   324.48000            1133605  2.3272066706834011E+00
  3400   326.40000            1137461  2.3693750845865478E+00
  3420   328.32000            1141317  2.3740757561594159E+00
  3440   330.24000            1145173  2.3600235500828526E+00
  3460   332.16000            1149028  2.3868664104033965E+00
  3480   334.08000            1152884  2.3918223866665866E+00
  3500   336.00000            1156740  2.3991959585411435E+00
  3520   337.92000            1160596  2.4157974415577006E+00
  3540   339.84000            1164452  2.4387051466877505E+00
  3560   341.76000            1168307  2.4366161713068468E+00
  3580   343.68000            1172163  2.4458711470962879E+00
  3600   345.60000            1176019  2.4756507800392358E+00
  3620   347.52000            1179875  2.4658676264250676E+00
  3640   349.44000            1183731  2.4642603684386608E+00
  3660   351.36000            1187586  2.4993950595461705E+00
  3680   353.28000            1191442  2.4745280676537185E+00
  3700   355.20000            1195298  2.4761522543841972E+00
  3720   357.12000            1199154  2.5104452000823527E+00
  3740   359.04000            1203010  2.4851858962038431E+00
  3760   360.96000            1206865  2.4928839622520900E+00
  3780   362.88000            1210721  2.5213366324836901E+00
  3800   364.80000            1214577  2.4968851289340268E+00
  3820   366.72000            1218433  2.5057090876951209E+00
  3840   368.64000            1222289  2.5369117115652386E+00
  3860   370.56000            1226144  2.5085172050239124E+00
  3880   372.48000            1230000  2.5187279653247927E+00
  3900   374.40000            1233856  2.5490340002555225E+00
  3920   376.32000            1237712  2.5425582631058194E+00
  3940   378.24000            1241568  2.5486811635416711E+00
  3960   380.16000            1245423  2.5832774039540665E+00
  3980   382.08000            1249279  2.5705138523501332E+00
  4000   384.00000            1253135  2.5736518262134092E+00
  4020   385.92000            1256991  2.5919427116635343E+00
  4040   387.84000            1260847  2.5999591619039362E+00
  4060   389.76000            1264702  2.6015260034008540E+00
  4080   391.68000            1268558  2.6272366631642257E+00
  4100   393.60000            1272414  2.6266833725319811E+00
  4120   395.52000            1276270  2.6347542029708997E+00
  4140   397.44000            1280126  2.6444059492870862E+00
  4160   399.36000            1283981  2.6546360965300906E+00
  4180   401.28000            1287837  2.6637380465968126E+00
  4200   403.20000            1291693  2.6553117614288144E+00
  4220   405.12000            1295549  2.6783289349179511E+00
  4240   407.04000            1299405  2.7032815085618758E+00
  4260   408.96000            1303260  2.6941496491815355E+00
  4280   410.88000            1307116  2.7056519004384256E+00
  4300   412.80000            1310972  2.7260706537310941E+00
  4320   414.72000            1314828  2.7066801417723152E+00
  4340   416.64000            1318684  2.7126465174995249E+00
  4360   418.56000            1322539  2.7412531602302224E+00
  4380   420.48000            1326395  2.7205754712899144E+00
  4400   422.40000            1330251  2.7312100866469891E+00
  4420   424.32000            1334107  2.7577267203527565E+00
  4440   426.24000            1337963  2.7206913243506099E+00
  4460   428.16000            1341818  2.7395452992208877E+00
  4480   430.08000            1345674  2.7600990909991037E+00
  4500   432.00000            1349530  2.7445823411202648E+00
  4520   433.92000            1353386  2.7766102523868952E+00
  4540   435.84000            1357242  2.7853669961129111E+00
  4560   437.76000            1361097  2.7820335029869536E+00
  4580   439.68000            1364953  2.7900228859870042E+00
  4600   441.60000            1368809  2.8109269240718011E+00
  4620   443.52000            1372665  2.8054068583149903E+00
  4640   445.44000            1376521  2.8160107632704774E+00
  4660   447.36000            1380376  2.8438376648818267E+00
  4680   449.28000            1384232  2.8227014283324880E+00
  4700   451.20000            1388088  2.8420248487573110E+00
  4720   453.12000            1391944  2.8545208181688300E+00
  4740   455.04000            1395800  2.8463843961717119E+00
  4760   456.96000            1399655  2.8683405621470102E+00
  4780   458.88000            1403511  2.8782722487376788E+00
  4800   460.80000            1407367  2.8779094886165151E+00
  4820   462.72000            1411223  2.8924894681503606E+00
  4840   464.64000            1415079  2.8929798830272180E+00
  4860   466.56000            1418934  2.9014485529820075E+00
  4880   468.48000            1422790  2.9168157670540245E+00
  4900   470.40000            1426646  2.9187173972171130E+00
  4920   472.32000            1430502  2.9173031935119953E+00
  4940   474.24000            1434358  2.9365218892977629E+00
  4960   476.16000            1438213  2.9448926813424583E+00
  4980   478.08000            1442069  2.9335096094999349E+00
  5000   480.00000            1445925  2.9690587472439245E+00
  5020   481.92000            1449781  2.9695860623785708E+00
  5040   483.84000            1453637  2.9603228105019186E+00
  5060   485.76000            1457492  3.0022431843387221E+00
  5080   487.68000            1461348  2.9844461816206427E+00
  5100   489.60000            1465204  2.9858402927614232E+00
  5120   491.52000            1469060  3.0152999402589749E+00
  5140   493.44000            1472916  2.9977909542839987E+00
  5160   495.36000            1476771  3.0252724855489195E+00
  5180   497.28000            1480627  3.0361098308937668E+00
  5200   499.20000            1484483  3.0336598968799375E+00
  5220   501.12000            1488339  3.0669263580899644E+00
  5240   503.04000            1492195  3.0494048421259201E+00
  5260   504.96000            1496050  3.0812908898608535E+00
  5280   506.88000            1499906  3.0916999713108391E+00
  5300   508.80000            1503762  3.0608503002975564E+00
  5320   510.72000            1507618  3.1200869911166755E+00
  5340   512.64000            1511474  3.0883983971275759E+00
  5360   514.56000            1515329  3.1101513375898757E+00
  5380   516.48000            1519185  3.1242341133019540E+00
  5400   518.40000            1523041  3.0927730993485651E+00
  5420   520.32000            1526897  3.1575071096155489E+00
  5440   522.24000            1530753  3.1095703273104376E+00
  5460   524.16000            1534608  3.1447857345480941E+00
  5480   526.08000            1538464  3.1768746156539174E+00
  5500   528.00000            1542320  3.1367916059200809E+00
  5520   529.92000            1546176  3.1987604712920241E+00
  5540   531.84000            1550032  3.1711521210650293E+00
  5560   533.76000            1553887  3.1870611437113943E+00
  5580   535.68000            1557743  3.2000022733135656E+00
  5600   537.60000            1561599  3.1944428095053174E+00
  5620   539.52000            1565455  3.2339069418230260E+00
  5640   541.44000            1569311  3.2008629260537993E+00
  5660   543.36000            1573166  3.2272660937708890E+00
  5680   545.28000            1577022  3.2463311351382313E+00
  5700   547.20000            1580878  3.2165764802262045E+00
  5720   549.12000            1584734  3.2467977697107253E+00
  5740   551.04000            1588590  3.2621917268480556E+00
  5760   552.96000            1592445  3.2495992630654702E+00
  5780   554.88000            1596301  3.2565444166584054E+00
  5800   556.80000            1600157  3.2992408517420353E+00
  5820   558.72000            1604013  3.2752416647063951E+00
  5840   560.64000            1607869  3.2931894582911885E+00
  5860   562.56000            1611724  3.3375983223959556E+00
  5880   564.48000            1615580  3.3094395080112529E+00
  5900   566.40000            1619436  3.3254006096575250E+00
  5920   568.32000            1623292  3.3595425447076477E+00
  5940   570.24000            1627148  3.3519590864668971E+00
  5960   572.16000            1631003  3.3550125346835911E+00
  5980   574.08000            1634859  3.3742441934808820E+00
  6000   576.00000            1638715  3.3699864208672530E+00
  6020   577.92000            1642571  3.3669338648770117E+00
  6040   579.84000            1646427  3.3855729858036314E+00
  6060   581.76000            1650282  3.3987669531142286E+00
  6080   583.68000            1654138  3.3753432748566206E+00
  6100   585.60000            1657994  3.4014808079874017E+00
  6120   587.52000            1661850  3.4291950511559266E+00
  6140   589.44000            1665698  3.3882567912165116E+00
  6160   591.36000            1669535  3.4392517002411664E+00
  6180   593.28000            1673345  3.4309245659291965E+00
  6200   595.20000            1677091  3.4076732555873273E+00
  6220   597.12000            1680574  3.4693693877917688E+00
  6240   599.04000            1682776  3.4223366767405770E+00
  6260   600.96000            1683671  3.4409494018718041E+00
  6280   602.88000            1683458  3.4450695136636962E+00
  6300   604.80000            1682780  3.4074360079585748E+00
  6320   606.72000            1680329  3.4456321368541882E+00
  6340   608.64000            1677783  3.4050846279157350E+00
  6360   610.56000            1676794  3.4139484867793133E+00
  6380   612.48000            1677097  3.4290318666893014E+00
  6400   614.40000            1675695  3.3878097611234841E+00
  6420   616.32000            1673419  3.4385585661472287E+00
  6440   618.24000            1672830  3.3897292056469190E+00
  6460   620.16000            1672527  3.4045653800443927E+00
  6480   622.08000            1672573  3.4412576394000975E+00
  6500   624.00000            1673894  3.3912221004101117E+00
  6520   625.92000            1675066  3.4248764359475290E+00
  6540   627.84000            1675438  3.4420751655631392E+00
  6560   629.76000            1673454  3.3986958159914580E+00
  6580   631.68000            1671796  3.4159188581817488E+00
  6600   633.60000            1671176  3.4284517139617350E+00
  6620   635.52000            1670015  3.3893794658274761E+00
  6640   637.44000            1669302  3.4063275067849546E+00
  6660   639.36000            1669509  3.4318408394990696E+00
  6680   641.28000            1669893  3.3868309849020033E+00
  6700   643.20000            1670052  3.4127348970247309E+00
  6720   645.12000            1669222  3.4273304945025576E+00
  6740   647.04000            1669099  3.3926826543308688E+00
  6760   648.96000            1669309  3.4169799974505408E+00
  6780   650.88000            1669502  3.4119470975183970E+00
  6800   652.80000            1670129  3.4037778030975243E+00
  6820   654.72000            1671477  3.4187149736734144E+00
  6840   656.64000            1672375  3.4173297993955640E+00
  6860   658.56000            1672343  3.4122915306520314E+00
  6880   660.48000            1671964  3.4098708668490372E+00
  6900   662.40000            1673069  3.4167553649083424E+00
  6920   664.32000            1674221  3.4122759319450848E+00
  6940   666.24000            1675422  3.4070555637655247E+00
  6960   668.16000            1676107  3.4250694123025931E+00
  6980   670.08000            1677072  3.4249641227025451E+00
  7000   672.00000            1678645  3.4378303265892485E+00
  7020   673.92000            1680153  3.4325137227070295E+00
  7040   675.84000            1681832  3.4628985872768467E+00
  7060   677.76000            1683223  3.4540314273479007E+00
  7080   679.68000            1685361  3.4438886755124836E+00
  7100   681.60000            1686778  3.4920701560756084E+00
  7120   683.52000            1686983  3.4592723112118895E+00
  7140   685.44000            1687468  3.4651344074442001E+00
  7160   687.36000            1687540  3.5143984586663173E+00
  7180   689.28000            1686313  3.4566640173006666E+00
  7200   691.20000            1684486  3.4633502730393704E+00
  7220   693.12000            1682754  3.4980859285550894E+00
  7240   695.04000            1681906  3.4598415351721536E+00
  7260   696.96000            1681327  3.4690112731210490E+00
  7280   698.88000            1681227  3.4879604996379872E+00
