! EM field energy per field component
  Iter        Time                          B1                      B2                      B3                      E1                      E2                      E3
     0   0.0000000      0.0000000000000000E+00  0.0000000000000000E+00  0.0000000000000000E+00  0.0000000000000000E+00  0.0000000000000000E+00  0.0000000000000000E+00
    10  0.76000000      0.0000000000000000E+00  1.0705121764326607E-06  1.1337339991093733E-05  9.8989487556662991E-06  1.3142431719535391E-04  1.1485749377904970E-06
    20   1.5200000      0.0000000000000000E+00  1.5740727941542446E-06  3.0150355759316018E-04  8.8309057508559937E-05  1.7659934132573003E-03  1.3857646671622703E-06
    30   2.2800000      0.0000000000000000E+00  1.7363414941160704E-06  1.6321086690641317E-03  7.7714870440540225E-04  5.8148028895071979E-03  8.4677259507025460E-07
    40   3.0400000      0.0000000000000000E+00  1.5391622661204921E-06  4.2118840394456897E-03  3.0512565271450950E-03  8.9877032374067068E-03  9.1578841239557739E-07
    50   3.8000000      0.0000000000000000E+00  1.1205119238750929E-06  7.2181874050242911E-03  6.8834348932728141E-03  8.2461415637229852E-03  1.3876357622756213E-06
    60   4.5600000      0.0000000000000000E+00  9.7169536697316534E-07  1.0170388238648711E-02  1.0243830241611473E-02  5.7110246965798323E-03  1.2167226414607436E-06
    70   5.3200000      0.0000000000000000E+00  1.0068574004879444E-06  1.4433064370972380E-02  9.9134182997434490E-03  5.1205023108754095E-03  7.2085629809445288E-07
    80   6.0800000      0.0000000000000000E+00  1.0890674485069648E-06  2.2527144385606556E-02  8.1727470200493434E-03  7.9015201382431621E-03  7.7785130528386855E-07
    90   6.8400000      0.0000000000000000E+00  1.2137002233321028E-06  3.5028292478211785E-02  1.1274070100933007E-02  1.2308355992924208E-02  1.0269081552013528E-06
   100   7.6000000      0.0000000000000000E+00  1.2850847173961439E-06  4.8675172178894680E-02  1.2200331825375096E-02  1.4822372580186500E-02  1.1710440283012887E-06
   110   8.3600000      0.0000000000000000E+00  1.4386936470425056E-06  5.9787569515784213E-02  6.1276141429727855E-03  1.4654922566222275E-02  1.0525885252821387E-06
   120   9.1200000      0.0000000000000000E+00  1.3545167198044485E-06  6.9591561406059571E-02  6.6945714876479236E-03  1.4868761945392696E-02  1.0174058983751767E-06
   130   9.8800000      0.0000000000000000E+00  1.4025052601230177E-06  8.3409655310774267E-02  1.4425273884326479E-02  1.7970459695850788E-02  1.2049590793524614E-06
   140   10.640000      0.0000000000000000E+00  1.2039412864642694E-06  1.0044233402080652E-01  1.1443515210304737E-02  2.0382280632036488E-02  1.1875729683441654E-06
   150   11.400000      0.0000000000000000E+00  1.1081951449349539E-06  1.1506751244026460E-01  1.5858272894006761E-02  1.8540924241612997E-02  8.0742903954383759E-07
   160   12.160000      0.0000000000000000E+00  1.0875199076398699E-06  1.2403174687147329E-01  1.3337820558187920E-02  1.7129651444952869E-02  8.3816163069628270E-07
   170   12.920000      0.0000000000000000E+00  1.1832095129943035E-06  1.3387811094748811E-01  1.1826572505580592E-02  2.0376371319053864E-02  1.1259028295919626E-06
   180   13.680000      0.0000000000000000E+00  1.1873946013241968E-06  1.5123459614317025E-01  1.0827167066195947E-02  2.7211207007488410E-02  1.0630296936695220E-06
   190   14.440000      0.0000000000000000E+00  1.4369577711356532E-06  1.7284845896723416E-01  1.5509355821148979E-02  2.8914037708225745E-02  1.0973438110997003E-06
   200   15.200000      0.0000000000000000E+00  1.3517554762453547E-06  1.9083937974332735E-01  2.5490262978459861E-02  2.3739278632661651E-02  1.1286793679752514E-06
   210   15.960000      0.0000000000000000E+00  1.4524171716999037E-06  2.0193452900014874E-01  2.4977950732816976E-02  1.9978746317470666E-02  1.1311824301486478E-06
   220   16.720000      0.0000000000000000E+00  1.2613906347915930E-06  2.1213448552758532E-01  2.2420733447764931E-02  2.2603396647120633E-02  9.7278667194413327E-07
   230   17.480000      0.0000000000000000E+00  1.0961896871128148E-06  2.2666886139922762E-01  2.3051399124702679E-02  3.0389223652529163E-02  9.5276195185349607E-07
   240   18.240000      0.0000000000000000E+00  1.0535489792727248E-06  2.4667825926073939E-01  2.9248637148366910E-02  3.5981970658298473E-02  9.7056003282402048E-07
   250   19.000000      0.0000000000000000E+00  1.2997225900733730E-06  2.6712137867860836E-01  3.5216537007505974E-02  3.2794046944520552E-02  9.1273445703025190E-07
   260   19.760000      0.0000000000000000E+00  1.4077051672437215E-06  2.8235013235747858E-01  3.5908778457117367E-02  2.6538027111729267E-02  1.2233177663183612E-06
   270   20.520000      0.0000000000000000E+00  1.3725886418487909E-06  2.9574506836589531E-01  3.2592654710538578E-02  2.5576847200017433E-02  1.2921268381338808E-06
   280   21.280000      0.0000000000000000E+00  1.3779310420317658E-06  3.1418475922293920E-01  3.2874558717022453E-02  3.0490573934670209E-02  8.8650088893241042E-07
   290   22.040000      0.0000000000000000E+00  1.3824053251153619E-06  3.3945822989004193E-01  3.4545937681699522E-02  3.4467281497645066E-02  1.0843134126861203E-06
   300   22.800000      0.0000000000000000E+00  1.3935475314959395E-06  3.6510351505166128E-01  3.6066702985188874E-02  3.3178045677238505E-02  1.1843961444480243E-06
   310   23.560000      0.0000000000000000E+00  1.2531799599318522E-06  3.8374270891174878E-01  3.6425795436008782E-02  3.2862995978606105E-02  1.0043593675775972E-06
   320   24.320000      0.0000000000000000E+00  1.2718116036226339E-06  4.0202259126307038E-01  3.8747004119485375E-02  3.5069717639407944E-02  9.0097157304330397E-07
   330   25.080000      0.0000000000000000E+00  1.3501820353608760E-06  4.2368720929451098E-01  4.1501555785746436E-02  3.8005428212903210E-02  1.2245109624811484E-06
   340   25.840000      0.0000000000000000E+00  1.5392412412641354E-06  4.4935048508616759E-01  4.8656190844007234E-02  3.6648747095582405E-02  1.0962188967836365E-06
   350   26.600000      0.0000000000000000E+00  1.3889864672183057E-06  4.7456361337498582E-01  5.9468906395819941E-02  3.0654551175767618E-02  1.1069962746727023E-06
   360   27.360000      0.0000000000000000E+00  1.3303588849863469E-06  4.9459004141685031E-01  5.6406475137920624E-02  3.0942286118772231E-02  1.0481991317378209E-06
   370   28.120000      0.0000000000000000E+00  1.5173924958748578E-06  5.1695076259195349E-01  4.4871814078871204E-02  3.5956862932379964E-02  1.1368321626596323E-06
   380   28.880000      0.0000000000000000E+00  1.3220123500659262E-06  5.4812146177597953E-01  4.6543708840950826E-02  4.0393942502496019E-02  1.1951526047816564E-06
   390   29.640000      0.0000000000000000E+00  1.5755519218233484E-06  5.8244352895281104E-01  5.7654226574059352E-02  3.7053645640283323E-02  8.2133504472893299E-07
   400   30.400000      0.0000000000000000E+00  1.2644249565644549E-06  6.1186210908657512E-01  7.1875740307920738E-02  2.9506504777179369E-02  9.9458065251035798E-07
   410   31.160000      0.0000000000000000E+00  1.4667389307621599E-06  6.3421761779293084E-01  7.5257997939372351E-02  2.6797219616093000E-02  1.0148642685520681E-06
   420   31.920000      0.0000000000000000E+00  1.3353642353570825E-06  6.5826607745935672E-01  6.5074410074473704E-02  3.0762415261991052E-02  1.1583950882314189E-06
   430   32.680000      0.0000000000000000E+00  1.4725689165186804E-06  6.9354376496012216E-01  6.6060344734372473E-02  4.5168239354946009E-02  1.0134011033670149E-06
   440   33.440000      0.0000000000000000E+00  1.4553122735481377E-06  7.4349740077504822E-01  7.1472336457031993E-02  5.6161881922341422E-02  1.1749739944447851E-06
   450   34.200000      0.0000000000000000E+00  1.3564276455728747E-06  7.9606785833229199E-01  8.4233359260102614E-02  4.5068266013096249E-02  1.1151430594279038E-06
   460   34.960000      0.0000000000000000E+00  1.3036134268921975E-06  8.3528305084013854E-01  8.7338778369979803E-02  2.8546713013332503E-02  9.8183046034178375E-07
   470   35.720000      0.0000000000000000E+00  1.2576300219511191E-06  8.6457602492004126E-01  8.2341171938675878E-02  2.3345466725759302E-02  1.0519112330342125E-06
   480   36.480000      0.0000000000000000E+00  1.2955888442733144E-06  8.9842856547149752E-01  8.4886029347185199E-02  2.9984674367058040E-02  1.1185408945685707E-06
   490   37.240000      0.0000000000000000E+00  1.4541275682020981E-06  9.4617280661846936E-01  9.3715352009935804E-02  4.3884690973640637E-02  1.0980328607193947E-06
   500   38.000000      0.0000000000000000E+00  1.4827832656817408E-06  1.0090846668929789E+00  9.9668377339919165E-02  5.0730302988773776E-02  9.9432719867097285E-07
   510   38.760000      0.0000000000000000E+00  1.3031861517513630E-06  1.0750501082265131E+00  8.9119685260619905E-02  4.5278053058473849E-02  1.2393249719191843E-06
   520   39.520000      0.0000000000000000E+00  1.3432003668495073E-06  1.1315427415603223E+00  7.6592033740113530E-02  3.6418101175010084E-02  1.0857202278902954E-06
   530   40.280000      0.0000000000000000E+00  1.5078989574793613E-06  1.1818779000387831E+00  7.8558895393550127E-02  3.2315493747657006E-02  9.2244109648875426E-07
   540   41.040000      0.0000000000000000E+00  1.5073891673000817E-06  1.2363278877764923E+00  9.2891964099550944E-02  3.2385404678687287E-02  1.0843398903018360E-06
   550   41.800000      0.0000000000000000E+00  1.3271050076652434E-06  1.2965669060795617E+00  1.0251942673319597E-01  3.5426947778158385E-02  1.3005982426548954E-06
   560   42.560000      0.0000000000000000E+00  1.4201063441395992E-06  1.3674718490586990E+00  9.6739725611879407E-02  4.4472264651277071E-02  1.0408361919479514E-06
   570   43.320000      0.0000000000000000E+00  1.5505079323140093E-06  1.4528538864456739E+00  8.1557617171522823E-02  5.1916909145065360E-02  1.0353505396015934E-06
   580   44.080000      0.0000000000000000E+00  1.5577710359950367E-06  1.5360958454937861E+00  6.7173354586938183E-02  4.6027373183314048E-02  1.2137412217304069E-06
   590   44.840000      0.0000000000000000E+00  1.6539493976052947E-06  1.6038608498718598E+00  6.2312407462128093E-02  3.7911591093402607E-02  1.1826093610665525E-06
   600   45.600000      0.0000000000000000E+00  1.5383392805701490E-06  1.6672354660683617E+00  7.1653878384591835E-02  3.5375744407317944E-02  9.2023740062148356E-07
   610   46.360000      0.0000000000000000E+00  1.6218409289216827E-06  1.7322112997651253E+00  8.7260400769918228E-02  3.3963304513468989E-02  9.5597037554516103E-07
   620   47.120000      0.0000000000000000E+00  1.6555238218521657E-06  1.7925376888264544E+00  8.5320946207576021E-02  3.6448055658766493E-02  1.2926793322321541E-06
   630   47.880000      0.0000000000000000E+00  1.3823544153504845E-06  1.8542688542778087E+00  7.0105176308379702E-02  4.8270399115667093E-02  1.3882191354412351E-06
   640   48.640000      0.0000000000000000E+00  1.6976678932064841E-06  1.9239231600696924E+00  6.3911428793098399E-02  5.6943648477564765E-02  9.9153297036210437E-07
   650   49.400000      0.0000000000000000E+00  1.9305506759816622E-06  1.9932758066132104E+00  6.6095136364075574E-02  5.0238326924666468E-02  9.1933835504592500E-07
   660   50.160000      0.0000000000000000E+00  1.5308954198512446E-06  2.0515543720910605E+00  7.2203823098092840E-02  4.1398555012359263E-02  1.4476780047745127E-06
   670   50.920000      0.0000000000000000E+00  1.6853785787562638E-06  2.0945033432907847E+00  7.8079707404831306E-02  3.9125231018051168E-02  1.0890831976991175E-06
   680   51.680000      0.0000000000000000E+00  1.4134662439463115E-06  2.1240882148736735E+00  8.3369012629293235E-02  4.0075131454757877E-02  9.4848883508576807E-07
   690   52.440000      0.0000000000000000E+00  1.5130875155365595E-06  2.1574920493683427E+00  8.2243655692914433E-02  4.6333580416374677E-02  1.0989065353259072E-06
   700   53.200000      0.0000000000000000E+00  1.6544071881752458E-06  2.2104058946734595E+00  7.5866691254628221E-02  6.5570879060526277E-02  1.4337994419039359E-06
   710   53.960000      0.0000000000000000E+00  1.8725630936761270E-06  2.2795276148576566E+00  7.3899122899946393E-02  7.6147737791364203E-02  1.0116089514629687E-06
   720   54.720000      0.0000000000000000E+00  1.8498263356772579E-06  2.3354323528066137E+00  7.4748241578533825E-02  6.2411969277820639E-02  1.0354268289143077E-06
   730   55.480000      0.0000000000000000E+00  1.5722849454523129E-06  2.3618741571376436E+00  7.4142463691097615E-02  5.0759173591771733E-02  1.3837524822721051E-06
   740   56.240000      0.0000000000000000E+00  1.7040948257626838E-06  2.3781265779231648E+00  7.2774792371099351E-02  5.4774836421058862E-02  1.1389491348460741E-06
   750   57.000000      0.0000000000000000E+00  1.5352480479883039E-06  2.4185622673822875E+00  7.7982621744377659E-02  7.8748207310217089E-02  1.0992821358811240E-06
   760   57.760000      0.0000000000000000E+00  1.5413373322793297E-06  2.4901954118231537E+00  8.3416109543621095E-02  1.0020048364939960E-01  1.0969227831952301E-06
   770   58.520000      0.0000000000000000E+00  1.6093620631608561E-06  2.5635929364531700E+00  6.8525161926843367E-02  9.8626253470222913E-02  1.1052185937568881E-06
   780   59.280000      0.0000000000000000E+00  1.9575250934790020E-06  2.6269101566006761E+00  5.9941651571647797E-02  9.5948798507232425E-02  1.1590933930909268E-06
   790   60.040000      0.0000000000000000E+00  1.7335514681491438E-06  2.6815209584326993E+00  5.8069760269043098E-02  9.3583950996292756E-02  1.4071633375690828E-06
   800   60.800000      0.0000000000000000E+00  1.7442859116009299E-06  2.7420156125951216E+00  6.0118558606633718E-02  9.6523627691729161E-02  1.1567374296151945E-06
   810   61.560000      0.0000000000000000E+00  1.8584478684715630E-06  2.8188718258314962E+00  6.8886937002912790E-02  1.0918226161099362E-01  1.1249774953394692E-06
   820   62.320000      0.0000000000000000E+00  1.7435302069518363E-06  2.8997053551501257E+00  6.6152182792977535E-02  1.2061083937601200E-01  1.3461155491556403E-06
   830   63.080000      0.0000000000000000E+00  1.5142361244047174E-06  2.9846221228298466E+00  5.9916477166219929E-02  1.3886952499088998E-01  1.1646426036067103E-06
   840   63.840000      0.0000000000000000E+00  1.6013533911511281E-06  3.0868349357770120E+00  5.8025159149655475E-02  1.3841822574301910E-01  9.3671100764237949E-07
   850   64.600000      0.0000000000000000E+00  1.4906948950964429E-06  3.1909292071636801E+00  6.0172890254148764E-02  1.2288275420558549E-01  1.1061195940280684E-06
   860   65.360000      0.0000000000000000E+00  1.7797498413588861E-06  3.2776013509393858E+00  6.5205312850530633E-02  1.2139807885294185E-01  1.2334611584511110E-06
   870   66.120000      0.0000000000000000E+00  1.8782746536457471E-06  3.3500974868948452E+00  8.2538958777819332E-02  1.1827345641320339E-01  1.3412123443494611E-06
   880   66.880000      0.0000000000000000E+00  1.8027183418106631E-06  3.4181820806834007E+00  9.3113135705589795E-02  1.2061977250035251E-01  1.3602140289557854E-06
   890   67.640000      0.0000000000000000E+00  2.0724092708483440E-06  3.5057352388219525E+00  8.8049368181599502E-02  1.4370314673004339E-01  1.1029233070183626E-06
   900   68.400000      0.0000000000000000E+00  1.7609274781880429E-06  3.6157478060637693E+00  8.3547945762771442E-02  1.5594509627395925E-01  1.0484580526844319E-06
   910   69.160000      0.0000000000000000E+00  1.4009881786297547E-06  3.7042846730971144E+00  8.1449170155414016E-02  1.5501192956339935E-01  1.2405424112278045E-06
   920   69.920000      0.0000000000000000E+00  1.4716924429644823E-06  3.7607927792045128E+00  8.5444410603510990E-02  1.3779098787988528E-01  8.5998753302232378E-07
   930   70.680000      0.0000000000000000E+00  1.3961609601401133E-06  3.8084668580822472E+00  9.3569513713827671E-02  1.2470919925520234E-01  1.1105983720305148E-06
   940   71.440000      0.0000000000000000E+00  1.8531993698039275E-06  3.8616844164182345E+00  1.0546955886512388E-01  1.3188326614412926E-01  1.6571914083413083E-06
   950   72.200000      0.0000000000000000E+00  1.9543427975319373E-06  3.9252131382983482E+00  1.0705400442325425E-01  1.4012412471266614E-01  1.3468864363361921E-06
   960   72.960000      0.0000000000000000E+00  1.8335928441978991E-06  3.9881987615775505E+00  1.0096434144786723E-01  1.5563004271345515E-01  1.0121944022156690E-06
   970   73.720000      0.0000000000000000E+00  2.0604178769817119E-06  4.0390863959232064E+00  1.0065879805021898E-01  1.4739223763540990E-01  1.0417716563834698E-06
   980   74.480000      0.0000000000000000E+00  1.6379820962513370E-06  4.0799889829978788E+00  1.0392020936007997E-01  1.3532057240956100E-01  1.4454735612983691E-06
   990   75.240000      0.0000000000000000E+00  1.6102227281836818E-06  4.1225033895014098E+00  1.1154157844967300E-01  1.4083905455527787E-01  1.0105253578077616E-06
  1000   76.000000      0.0000000000000000E+00  1.5311503955991070E-06  4.1703184491304572E+00  1.1154251132761002E-01  1.4894757552770466E-01  1.0434279077392291E-06
  1010   76.760000      0.0000000000000000E+00  1.6482262963710826E-06  4.2213814270209884E+00  1.0203435396547297E-01  1.5664876477718664E-01  1.4801740267627327E-06
  1020   77.520000      0.0000000000000000E+00  2.1703785445237312E-06  4.2623528808165192E+00  1.0293245167124938E-01  1.3974452014525360E-01  1.1798964840015881E-06
  1030   78.280000      0.0000000000000000E+00  1.9397193285542302E-06  4.2920711259440267E+00  1.0964704923851341E-01  1.2885050159479436E-01  1.1688310540894072E-06
  1040   79.040000      0.0000000000000000E+00  1.7875760207449954E-06  4.3287993264348374E+00  1.2314305450402679E-01  1.4444850042988605E-01  1.1502318775287115E-06
  1050   79.800000      0.0000000000000000E+00  1.4831670108453757E-06  4.3750619213518993E+00  1.3137185313894034E-01  1.5295358555354949E-01  1.3556462350745354E-06
  1060   80.560000      0.0000000000000000E+00  1.6694072996849616E-06  4.4192339473695181E+00  1.2320634330775176E-01  1.5661169801456176E-01  1.2933328236677255E-06
  1070   81.320000      0.0000000000000000E+00  1.8096164491121671E-06  4.4586115457329907E+00  1.2246577695121100E-01  1.4977655298308834E-01  9.6149257205738709E-07
  1080   82.080000      0.0000000000000000E+00  1.5492995374024474E-06  4.4898816308513840E+00  1.2519047143177028E-01  1.3878526965598864E-01  1.1129716089039460E-06
  1090   82.840000      0.0000000000000000E+00  1.6827457754501185E-06  4.5189429040067015E+00  1.3191027519695084E-01  1.4551506330043745E-01  1.3139712097732088E-06
  1100   83.600000      0.0000000000000000E+00  1.7299089028762323E-06  4.5535333136039666E+00  1.4299288569594543E-01  1.5532518415765550E-01  1.2293640939276189E-06
  1110   84.360000      0.0000000000000000E+00  1.6480343725168732E-06  4.5848015610834434E+00  1.4760375846948304E-01  1.5622472144304667E-01  1.2856610222641355E-06
  1120   85.120000      0.0000000000000000E+00  2.0569855459916434E-06  4.6128780079741993E+00  1.3994650984605528E-01  1.5615373289156412E-01  1.1951599148859804E-06
  1130   85.880000      0.0000000000000000E+00  1.7953900335573862E-06  4.6420321221275547E+00  1.3554803887572758E-01  1.5535086897037861E-01  1.2867045044787997E-06
  1140   86.640000      0.0000000000000000E+00  1.4688157343896766E-06  4.6571866119142840E+00  1.2882104023598367E-01  1.5472422813594036E-01  1.2870820398799318E-06
  1150   87.400000      0.0000000000000000E+00  1.5952206902690955E-06  4.6681871672859989E+00  1.3828410001189684E-01  1.5932720371345635E-01  1.0798996726307195E-06
  1160   88.160000      0.0000000000000000E+00  1.8266564111418157E-06  4.6846083859449363E+00  1.4200199038219960E-01  1.5678813613824744E-01  1.1859607684162720E-06
  1170   88.920000      0.0000000000000000E+00  2.0826567303226619E-06  4.6821980155091065E+00  1.3335990542412607E-01  1.5245860825769525E-01  1.1165468278480368E-06
  1180   89.680000      0.0000000000000000E+00  1.9400446280852638E-06  4.6686854094155992E+00  1.2989159556904306E-01  1.5378086700151139E-01  1.1826905058368547E-06
  1190   90.440000      0.0000000000000000E+00  1.7444576030325746E-06  4.6561447195427528E+00  1.2784781006525484E-01  1.5500191387571433E-01  1.6654550709960335E-06
  1200   91.200000      0.0000000000000000E+00  1.8473527975489689E-06  4.6394545902817459E+00  1.2335990866319994E-01  1.6510673556574135E-01  1.3460957473704372E-06
  1210   91.960000      0.0000000000000000E+00  2.1625838045534479E-06  4.6230923912810011E+00  1.3187640099768580E-01  1.6771311613960649E-01  9.4748932438313201E-07
  1220   92.720000      0.0000000000000000E+00  2.1216980574627599E-06  4.6108713459992883E+00  1.2920460213574866E-01  1.5875890535146983E-01  1.2510820583598032E-06
  1230   93.480000      0.0000000000000000E+00  1.8912686655901790E-06  4.5939096659623520E+00  1.2057249779618595E-01  1.5724987782722355E-01  1.2319891586025073E-06
  1240   94.240000      0.0000000000000000E+00  1.8621194728257098E-06  4.5692095938030803E+00  1.1757869509711577E-01  1.5003615414120142E-01  1.1046629802960748E-06
  1250   95.000000      0.0000000000000000E+00  1.6346604854495737E-06  4.5362248300848096E+00  1.2019022746545595E-01  1.4135903934276273E-01  1.1520151382013649E-06
  1260   95.760000      0.0000000000000000E+00  1.9228072478418552E-06  4.5138827267207624E+00  1.3084923315796079E-01  1.5503575310026974E-01  1.5373462987780431E-06
  1270   96.520000      0.0000000000000000E+00  2.1669474654586659E-06  4.5013352890878684E+00  1.3026029431553543E-01  1.7012517028323898E-01  1.1657909121092876E-06
  1280   97.280000      0.0000000000000000E+00  2.3514412990384621E-06  4.4862920834794346E+00  1.1391798300757719E-01  1.6070588038228512E-01  1.1396346097838931E-06
  1290   98.040000      0.0000000000000000E+00  1.9761483012709123E-06  4.4603527011665829E+00  1.0850487855436691E-01  1.5258998156398720E-01  1.2913203326887325E-06
  1300   98.800000      0.0000000000000000E+00  1.6423299216309522E-06  4.4289022157466471E+00  1.2408547210093016E-01  1.4425600631995045E-01  1.3035503390380564E-06
  1310   99.560000      0.0000000000000000E+00  1.7557526599612093E-06  4.4036397742454341E+00  1.4242121099350535E-01  1.3536125792755233E-01  1.2582356855733143E-06
  1320   100.32000      0.0000000000000000E+00  1.8398805526650487E-06  4.3833680579683865E+00  1.3712355577350735E-01  1.4367192985727950E-01  1.0669423698456421E-06
  1330   101.08000      0.0000000000000000E+00  2.2312404721592470E-06  4.3689132936578821E+00  1.3209550322659319E-01  1.5959941160288393E-01  1.1475535173741085E-06
  1340   101.84000      0.0000000000000000E+00  1.9912148767709125E-06  4.3559940824246093E+00  1.3557332178011552E-01  1.5943837979814085E-01  1.3666945920742978E-06
  1350   102.60000      0.0000000000000000E+00  2.0116572245301300E-06  4.3429439649473878E+00  1.4224624849915007E-01  1.4820159752551529E-01  1.2090904114662197E-06
  1360   103.36000      0.0000000000000000E+00  1.8682907650396839E-06  4.3379699709218658E+00  1.5044522124511789E-01  1.3697867272927186E-01  1.3906620712150253E-06
  1370   104.12000      0.0000000000000000E+00  1.9424997853823994E-06  4.3285847385335590E+00  1.5781947633183180E-01  1.3484447252917992E-01  1.1387466128590577E-06
  1380   104.88000      0.0000000000000000E+00  1.6859251543473998E-06  4.3134218432978670E+00  1.5647957868025922E-01  1.4187778170684026E-01  1.3842247746956255E-06
  1390   105.64000      0.0000000000000000E+00  1.8740018857659305E-06  4.3080096467714535E+00  1.5796711066743252E-01  1.4733660609142937E-01  1.1501745060084920E-06
  1400   106.40000      0.0000000000000000E+00  2.0177946763733155E-06  4.3144597426176023E+00  1.7000387209970699E-01  1.4859785524957775E-01  9.0554170670244383E-07
  1410   107.16000      0.0000000000000000E+00  1.8452079506634389E-06  4.3200719546303681E+00  1.7506868333915176E-01  1.4970860045634826E-01  1.4554576931266514E-06
  1420   107.92000      0.0000000000000000E+00  2.1839634207302936E-06  4.3326055501873668E+00  1.6932308169617050E-01  1.4726670716315898E-01  1.1478209122531374E-06
  1430   108.68000      0.0000000000000000E+00  2.0383383577862818E-06  4.3475263303891518E+00  1.6983364685226410E-01  1.3703352381819270E-01  1.2595527045001788E-06
  1440   109.44000      0.0000000000000000E+00  1.8299201680808467E-06  4.3560267901431571E+00  1.6161541328439422E-01  1.3078037238491833E-01  1.3880750130330790E-06
  1450   110.20000      0.0000000000000000E+00  1.9828762833508124E-06  4.3632968615897791E+00  1.6145610884623829E-01  1.4165397233357044E-01  1.1142664489418095E-06
  1460   110.96000      0.0000000000000000E+00  2.0069233377662045E-06  4.3804975159784219E+00  1.7404445277543718E-01  1.5060231105512809E-01  1.1468384929847551E-06
  1470   111.72000      0.0000000000000000E+00  1.8838571725647647E-06  4.4057127533643214E+00  1.9315205568098018E-01  1.4675250352311314E-01  1.2006012659740655E-06
  1480   112.48000      0.0000000000000000E+00  1.8478506537932535E-06  4.4312390332207885E+00  1.8485357049334028E-01  1.4126600360171454E-01  1.0556961269881970E-06
  1490   113.24000      0.0000000000000000E+00  1.8933844069705697E-06  4.4541673767545227E+00  1.6151333967806145E-01  1.4397418181576671E-01  1.1444463101508666E-06
  1500   114.00000      0.0000000000000000E+00  1.8004030907568148E-06  4.4808436127981333E+00  1.6032324955839516E-01  1.4676233705043673E-01  1.3043663293441104E-06
  1510   114.76000      0.0000000000000000E+00  1.8088276060523665E-06  4.5064539344667258E+00  1.7440730220709699E-01  1.4079931166010626E-01  1.4689343640352518E-06
  1520   115.52000      0.0000000000000000E+00  1.9186195155892794E-06  4.5283506789534984E+00  1.8427868411401621E-01  1.3485641835113235E-01  1.1251888416176093E-06
  1530   116.28000      0.0000000000000000E+00  2.0574417780816727E-06  4.5597196178685575E+00  1.9166602122350185E-01  1.4296242156932526E-01  8.9711240973312975E-07
  1540   117.04000      0.0000000000000000E+00  1.8964234056142489E-06  4.6016607478202083E+00  1.7438305364324608E-01  1.5629648511778560E-01  1.1240556823413885E-06
  1550   117.80000      0.0000000000000000E+00  1.7537685372852457E-06  4.6480836649599180E+00  1.6938729762365476E-01  1.5673742185215450E-01  1.2380430363618763E-06
  1560   118.56000      0.0000000000000000E+00  1.6163922582627871E-06  4.6955152090455803E+00  1.6497717808574053E-01  1.5049837586539505E-01  1.0630428394850364E-06
  1570   119.32000      0.0000000000000000E+00  1.8581968650726064E-06  4.7330666250158062E+00  1.6515805319480470E-01  1.5074793685856455E-01  1.0830793379219769E-06
  1580   120.08000      0.0000000000000000E+00  1.8336524249379820E-06  4.7751319714561786E+00  1.7682054477896275E-01  1.4966728663312598E-01  1.3739914755051054E-06
  1590   120.84000      0.0000000000000000E+00  2.0647892485109731E-06  4.8287084195890184E+00  1.7145319582113938E-01  1.5331492096729818E-01  1.0508968865935402E-06
  1600   121.60000      0.0000000000000000E+00  1.9951446345513957E-06  4.8839824253767929E+00  1.6112205121711870E-01  1.6469243122089722E-01  9.2391339900416567E-07
  1610   122.36000      0.0000000000000000E+00  1.8170270259168562E-06  4.9390476885664514E+00  1.4934745788321102E-01  1.6800766797237782E-01  1.0574303260071070E-06
  1620   123.12000      0.0000000000000000E+00  1.7320711087081658E-06  4.9969632665512602E+00  1.3970711519492521E-01  1.6410430396285286E-01  1.2017512712105424E-06
  1630   123.88000      0.0000000000000000E+00  1.5389234612403385E-06  5.0589361645414543E+00  1.3540300603487307E-01  1.6527338405141584E-01  1.2012797626531131E-06
  1640   124.64000      0.0000000000000000E+00  1.8863607685225222E-06  5.1222594987000170E+00  1.2953127942136233E-01  1.6837196609199173E-01  9.4214891537090592E-07
  1650   125.40000      0.0000000000000000E+00  2.0091679258661312E-06  5.1930957802044979E+00  1.3233508506618524E-01  1.6867245408036724E-01  1.0229663445062962E-06
  1660   126.16000      0.0000000000000000E+00  1.6984028459535401E-06  5.2577129134574863E+00  1.3185289163117331E-01  1.7681755801906865E-01  1.2918666584649680E-06
  1670   126.92000      0.0000000000000000E+00  2.0776194172048920E-06  5.3082562655056460E+00  1.3109938191984019E-01  1.8381994884160657E-01  9.5559120507036152E-07
  1680   127.68000      0.0000000000000000E+00  1.8172143616326170E-06  5.3793121894182896E+00  1.2975321169738133E-01  1.8040353906823442E-01  1.0724332177069678E-06
  1690   128.44000      0.0000000000000000E+00  1.7074710680656724E-06  5.4594279111884569E+00  1.1916316765586935E-01  1.7866816483400577E-01  1.2128686614632948E-06
  1700   129.20000      0.0000000000000000E+00  1.7996658917355623E-06  5.5241474724070088E+00  1.1086792586979627E-01  1.8759381887930920E-01  1.1101669114841879E-06
  1710   129.96000      0.0000000000000000E+00  2.0246422672904291E-06  5.5694596923817290E+00  1.2994844964414731E-01  1.8590704654853007E-01  9.4926249514155801E-07
  1720   130.72000      0.0000000000000000E+00  1.9657600595129944E-06  5.6025972468132217E+00  1.3839432301554519E-01  1.7684603067943022E-01  1.0988420413936648E-06
  1730   131.48000      0.0000000000000000E+00  1.9180541298666289E-06  5.6605012871344034E+00  1.3417871447378765E-01  1.8750933623446100E-01  9.0454540500439159E-07
  1740   132.24000      0.0000000000000000E+00  1.7107380470664460E-06  5.7298536736801502E+00  1.3391034487025494E-01  2.0689427321837012E-01  1.2160967003920200E-06
  1750   133.00000      0.0000000000000000E+00  1.7428328951951992E-06  5.7764188613741432E+00  1.3093412194434806E-01  1.9853289982445199E-01  1.0755579806075864E-06
  1760   133.76000      0.0000000000000000E+00  1.6563793198676539E-06  5.8031681044845040E+00  1.2629195987850919E-01  1.8398222313698084E-01  1.2110862260099181E-06
  1770   134.52000      0.0000000000000000E+00  1.8250005413217686E-06  5.8243896570274210E+00  1.3056491363120201E-01  1.8636075820667677E-01  1.0687469923992429E-06
  1780   135.28000      0.0000000000000000E+00  1.9821590325551444E-06  5.8454704524809733E+00  1.3865452984307267E-01  1.9922572775721573E-01  9.6928722655953029E-07
  1790   136.04000      0.0000000000000000E+00  2.0052502218505547E-06  5.8743446899404494E+00  1.3100312087603513E-01  2.0468276056816342E-01  1.1272020175898119E-06
  1800   136.80000      0.0000000000000000E+00  1.7489552124949129E-06  5.9025695730331300E+00  1.3284016296521184E-01  1.9597655870715580E-01  1.0337569169828836E-06
  1810   137.56000      0.0000000000000000E+00  1.6646159495710241E-06  5.9240689544369740E+00  1.2893293130102856E-01  1.9050704833214413E-01  9.7658398687980469E-07
  1820   138.32000      0.0000000000000000E+00  1.8763001456509138E-06  5.9407362898301539E+00  1.2358788904535310E-01  2.0238250711672709E-01  1.0954000519907719E-06
  1830   139.08000      0.0000000000000000E+00  1.6755148339516849E-06  5.9659427269104448E+00  1.2525952741599583E-01  2.0878416442793551E-01  1.1761304035748469E-06
  1840   139.84000      0.0000000000000000E+00  1.5865691844515154E-06  5.9819957261064625E+00  1.3898966604635385E-01  2.0257297362350254E-01  9.6812779919592702E-07
  1850   140.60000      0.0000000000000000E+00  1.8783570780504688E-06  5.9980875229099651E+00  1.4153109017052909E-01  1.9769639501489067E-01  1.0326156506421104E-06
  1860   141.36000      0.0000000000000000E+00  1.8853586754380006E-06  6.0371249607969624E+00  1.3671801453621776E-01  2.0411424297833355E-01  1.0936185270123042E-06
  1870   142.12000      0.0000000000000000E+00  1.7642753672494164E-06  6.0749184630291975E+00  1.3165182254871716E-01  2.0619552169706065E-01  1.1470883741982815E-06
  1880   142.88000      0.0000000000000000E+00  1.7396440138169130E-06  6.1098687351857128E+00  1.2360248480745907E-01  2.1103955045386436E-01  9.9155099432361260E-07
  1890   143.64000      0.0000000000000000E+00  1.8613414254749899E-06  6.1594409948315736E+00  1.2534408344273543E-01  2.1851220755541634E-01  9.5347354987838284E-07
  1900   144.40000      0.0000000000000000E+00  1.7111708387005967E-06  6.2203344744733577E+00  1.4288150587966639E-01  2.0842255400775531E-01  1.1229522647100414E-06
  1910   145.16000      0.0000000000000000E+00  1.6666334471411944E-06  6.2754870673643541E+00  1.4472312898217707E-01  1.9266989881949761E-01  1.0811409048280118E-06
  1920   145.92000      0.0000000000000000E+00  1.8594771186910704E-06  6.3236476244073225E+00  1.3483852309498506E-01  1.9991762187873244E-01  9.0933706249637814E-07
  1930   146.68000      0.0000000000000000E+00  2.0558739990040034E-06  6.3961581118280808E+00  1.2657044003234474E-01  2.0548946795078377E-01  1.1584665917033461E-06
  1940   147.44000      0.0000000000000000E+00  1.9554054211032140E-06  6.4664659230553561E+00  1.3286126314771779E-01  2.0955847425835555E-01  1.1681807688007843E-06
  1950   148.20000      0.0000000000000000E+00  1.8103498162784618E-06  6.5253999282302066E+00  1.5212738590169753E-01  2.1574503199474612E-01  1.1883554869790706E-06
  1960   148.96000      0.0000000000000000E+00  1.7133762541580199E-06  6.5957446859106366E+00  1.5783855272051092E-01  2.0593197780237796E-01  9.5779141846021752E-07
  1970   149.72000      0.0000000000000000E+00  1.9373347394636540E-06  6.6402235158424396E+00  1.3994888052023546E-01  1.9405446382199762E-01  8.6113482506366682E-07
  1980   150.48000      0.0000000000000000E+00  1.7679639981135586E-06  6.6548271066594999E+00  1.3228795060155851E-01  2.0185524564853893E-01  1.1373971786993121E-06
  1990   151.24000      0.0000000000000000E+00  1.8701559178784972E-06  6.7050841915484680E+00  1.4793676088493263E-01  2.0313477386527348E-01  8.8595466706461544E-07
  2000   152.00000      0.0000000000000000E+00  1.6989387723944118E-06  6.7863495563021896E+00  1.6501264626162818E-01  1.9955577189881865E-01  1.1832446958551346E-06
  2010   152.76000      0.0000000000000000E+00  1.7019037806591080E-06  6.8373830780585880E+00  1.5627582392904477E-01  2.1255786853211844E-01  1.2037427974391846E-06
  2020   153.52000      0.0000000000000000E+00  1.8802428955403211E-06  6.8640349585539298E+00  1.4249428464620539E-01  2.1240827691877381E-01  1.0653185231421454E-06
  2030   154.28000      0.0000000000000000E+00  2.0455991283964340E-06  6.8926983742038850E+00  1.4977655021838843E-01  1.9807945017361608E-01  8.6744789190359794E-07
  2040   155.04000      0.0000000000000000E+00  1.7315148905650424E-06  6.9232585079533147E+00  1.5244820885859106E-01  2.0145835474187052E-01  1.0913855312565538E-06
  2050   155.80000      0.0000000000000000E+00  1.5816043105611246E-06  6.9678836742825077E+00  1.5627181645733024E-01  2.0022596409119875E-01  1.0195482216103025E-06
  2060   156.56000      0.0000000000000000E+00  1.8110807071559207E-06  7.0223614257060030E+00  1.6492949136086762E-01  2.0159410354633953E-01  9.9610064396546762E-07
  2070   157.32000      0.0000000000000000E+00  1.8696087118066579E-06  7.0659649920299188E+00  1.5641035467300254E-01  2.1492565241412359E-01  1.1118819624980989E-06
  2080   158.08000      0.0000000000000000E+00  1.7417208057651060E-06  7.1015173861084868E+00  1.4929847346305086E-01  2.1796473016037751E-01  1.0110790654036223E-06
  2090   158.84000      0.0000000000000000E+00  2.1412415693995554E-06  7.1280493431335668E+00  1.6039212867425823E-01  2.0692305448463955E-01  9.5186517375054523E-07
  2100   159.60000      0.0000000000000000E+00  2.1138246253800597E-06  7.1596885749488397E+00  1.6066832671834730E-01  2.0766042818178068E-01  1.1213413030821342E-06
  2110   160.36000      0.0000000000000000E+00  1.7657265998870488E-06  7.2022626951507913E+00  1.4745992648787207E-01  2.2296830090936520E-01  1.1620142244611978E-06
  2120   161.12000      0.0000000000000000E+00  1.3840069130130667E-06  7.2502540116921601E+00  1.5991234301072299E-01  2.2293597004586943E-01  1.0654605882899394E-06
  2130   161.88000      0.0000000000000000E+00  1.8085541518034816E-06  7.2903345964679964E+00  1.5814452996280265E-01  2.1649718830594189E-01  9.5982687429423000E-07
  2140   162.64000      0.0000000000000000E+00  2.0089458975026877E-06  7.3218722561049976E+00  1.4382123731080604E-01  2.2960912581860629E-01  8.8867514746513058E-07
  2150   163.40000      0.0000000000000000E+00  1.7242934143504476E-06  7.3649564501437919E+00  1.4408721095476976E-01  2.4524452491020418E-01  1.0436970156272634E-06
  2160   164.16000      0.0000000000000000E+00  1.6668216752111287E-06  7.4089853782179365E+00  1.6057339251854574E-01  2.3581350659235517E-01  9.3742404593441254E-07
  2170   164.92000      0.0000000000000000E+00  2.1846937743720530E-06  7.4399787410738307E+00  1.4900364379908893E-01  2.3579544263528013E-01  7.9558946694900858E-07
  2180   165.68000      0.0000000000000000E+00  1.6716404421532585E-06  7.4871745892896815E+00  1.3490034490334221E-01  2.5415439184863964E-01  1.3515932805583121E-06
  2190   166.44000      0.0000000000000000E+00  1.5543717270765582E-06  7.5446501549376164E+00  1.4213977754374024E-01  2.6299755066929398E-01  1.0554478466493295E-06
  2200   167.20000      0.0000000000000000E+00  1.8082282572235343E-06  7.5886271832524645E+00  1.3390375000299529E-01  2.5195066662469989E-01  8.7106766029648844E-07
  2210   167.96000      0.0000000000000000E+00  1.8901741160616435E-06  7.6348661814812928E+00  1.4022838859246578E-01  2.5147569227639632E-01  8.9670194440095976E-07
  2220   168.72000      0.0000000000000000E+00  1.7616331116475467E-06  7.6942313639632562E+00  1.4213822576006510E-01  2.6243202322004106E-01  9.4860316228195677E-07
  2230   169.48000      0.0000000000000000E+00  1.7395518541350646E-06  7.7451627562993224E+00  1.4039875077140754E-01  2.6798119759511230E-01  7.5594774515198451E-07
  2240   170.24000      0.0000000000000000E+00  1.6943137629187042E-06  7.7754714463902523E+00  1.3700348834520371E-01  2.7653561574702207E-01  8.7058140670947942E-07
  2250   171.00000      0.0000000000000000E+00  1.9883692266696090E-06  7.8111090885647343E+00  1.3754750063517315E-01  2.7867470141383843E-01  1.0619694703311541E-06
  2260   171.76000      0.0000000000000000E+00  1.7860462092580936E-06  7.8441356913386766E+00  1.3760037038194234E-01  2.7067330204523832E-01  1.1795847181569888E-06
  2270   172.52000      0.0000000000000000E+00  1.7651301540311676E-06  7.8652281751095252E+00  1.4074367930769058E-01  2.5672458678686366E-01  8.6824195119025295E-07
  2280   173.28000      0.0000000000000000E+00  1.9845730443923102E-06  7.8835120852306320E+00  1.4860527233628593E-01  2.7110874726321987E-01  7.9479115598505262E-07
  2290   174.04000      0.0000000000000000E+00  1.8844551975358205E-06  7.9185774481912432E+00  1.5519722676386760E-01  2.9256797934461681E-01  8.3324953894388676E-07
  2300   174.80000      0.0000000000000000E+00  1.7483356642546518E-06  7.9408245404667408E+00  1.5811541496858320E-01  2.9145167722991033E-01  7.6958593284193583E-07
  2310   175.56000      0.0000000000000000E+00  1.7261273453555464E-06  7.9498236354752834E+00  1.6357702364940024E-01  2.7985416033106258E-01  7.3364691797812844E-07
  2320   176.32000      0.0000000000000000E+00  1.6218159745652605E-06  7.9767378565314884E+00  1.5725202126485496E-01  2.7418803613612286E-01  9.4877767739596307E-07
  2330   177.08000      0.0000000000000000E+00  1.4333197471811978E-06  8.0137204862644467E+00  1.5506029225604126E-01  2.8305435426191522E-01  1.0872261159423514E-06
  2340   177.84000      0.0000000000000000E+00  1.6893363359168207E-06  8.0497846216165296E+00  1.5044080437538238E-01  2.9999852716847364E-01  9.9344302209921497E-07
  2350   178.60000      0.0000000000000000E+00  1.9130961154908526E-06  8.0881733075813518E+00  1.5903148027655659E-01  2.8829340212584842E-01  7.2435139269015786E-07
  2360   179.36000      0.0000000000000000E+00  1.6817602109478348E-06  8.1090646202373584E+00  1.6957959135260947E-01  2.7534397228533092E-01  8.2470105845768297E-07
  2370   180.12000      0.0000000000000000E+00  1.6113940478355023E-06  8.1241569697716933E+00  1.7473406423346932E-01  3.0228606040438177E-01  7.0369285887665609E-07
  2380   180.88000      0.0000000000000000E+00  1.5312690101999911E-06  8.1691158210710775E+00  1.6514048711555757E-01  2.9178989288049356E-01  7.3622084872027623E-07
  2390   181.64000      0.0000000000000000E+00  1.4491267901039028E-06  8.2311307571430685E+00  1.4929223715262616E-01  2.7695080474405437E-01  8.5165856389392074E-07
  2400   182.40000      0.0000000000000000E+00  1.5648970060264397E-06  8.2899378555620213E+00  1.5328497477002012E-01  2.9451173888902404E-01  8.5331562649163866E-07
  2410   183.16000      0.0000000000000000E+00  1.7406579127166906E-06  8.3099079498918940E+00  1.6302634372983460E-01  2.9582862845270957E-01  8.5091368059875504E-07
  2420   183.92000      0.0000000000000000E+00  1.7427124972357282E-06  8.3260788178251310E+00  1.7987739443330159E-01  2.9381351359896940E-01  8.1736189827349345E-07
  2430   184.68000      0.0000000000000000E+00  1.6962476640309924E-06  8.3752419711610067E+00  1.8581594490274861E-01  2.9931950640188476E-01  7.4583439502279711E-07
  2440   185.44000      0.0000000000000000E+00  1.7179944811972408E-06  8.4189893022453841E+00  1.7840394811753660E-01  2.8944155459634990E-01  7.8839214747269980E-07
  2450   186.20000      0.0000000000000000E+00  1.5886763257568546E-06  8.4547876561705753E+00  1.7865180797924793E-01  2.8610667319029887E-01  7.4205926842606584E-07
  2460   186.96000      0.0000000000000000E+00  1.3679651419452273E-06  8.4717794082280449E+00  1.8929127884296648E-01  2.9372226625855402E-01  8.8608314363085576E-07
  2470   187.72000      0.0000000000000000E+00  1.5488675498609641E-06  8.4816153743194747E+00  1.7878967995705330E-01  2.9758489643199132E-01  7.7728607125671455E-07
  2480   188.48000      0.0000000000000000E+00  1.5850767309414368E-06  8.5097467887618823E+00  1.8425742551785165E-01  3.1913384816597556E-01  7.2598182433391727E-07
  2490   189.24000      0.0000000000000000E+00  1.6484187812325110E-06  8.5624877111091493E+00  1.9440481920259767E-01  3.1317146167492477E-01  7.1662155222914749E-07
  2500   190.00000      0.0000000000000000E+00  1.7437730873521112E-06  8.5940988603220685E+00  1.7492986373477598E-01  2.7941831992199873E-01  8.2470478742118768E-07
  2510   190.76000      0.0000000000000000E+00  1.6022468025566279E-06  8.6161410126241336E+00  1.6833375271981896E-01  2.8110791478901975E-01  9.6773755862461897E-07
  2520   191.52000      0.0000000000000000E+00  1.6107112279597047E-06  8.6607747114724187E+00  1.8274799059793093E-01  3.0036929905959625E-01  6.5466661355545125E-07
  2530   192.28000      0.0000000000000000E+00  1.7009109736206367E-06  8.6995750805058751E+00  1.8233763273707232E-01  3.0975017809816208E-01  8.0810738158458649E-07
  2540   193.04000      0.0000000000000000E+00  1.5289523127066365E-06  8.7377317366722913E+00  1.6863094988173885E-01  3.2432156035420034E-01  7.7376233751445612E-07
  2550   193.80000      0.0000000000000000E+00  1.4500034172665800E-06  8.7975892625329521E+00  1.6814150430726829E-01  3.1223723216139526E-01  6.6043092751229433E-07
  2560   194.56000      0.0000000000000000E+00  1.5680137583307725E-06  8.8574177193613846E+00  1.6167199940557406E-01  2.7887406808025661E-01  6.7040737380648212E-07
  2570   195.32000      0.0000000000000000E+00  1.5481169091180420E-06  8.9175504026724539E+00  1.8185881985184377E-01  2.7070187505593579E-01  9.1627973830128454E-07
  2580   196.08000      0.0000000000000000E+00  1.6862761263840548E-06  8.9535406652439047E+00  1.8519360729744655E-01  2.9989134599995426E-01  8.4026406028358969E-07
  2590   196.84000      0.0000000000000000E+00  1.6993089795634129E-06  9.0031055133047246E+00  1.7218927309217408E-01  3.3470072242385235E-01  6.6856054142742760E-07
  2600   197.60000      0.0000000000000000E+00  1.4885552587818899E-06  9.0723447254801322E+00  1.6572418899323008E-01  3.2389015512741787E-01  8.4354172288301215E-07
  2610   198.36000      0.0000000000000000E+00  1.5067465014201672E-06  9.1395260396323188E+00  1.8062043052504884E-01  2.9986352235096841E-01  8.1598320704464697E-07
  2620   199.12000      0.0000000000000000E+00  1.6270061779861322E-06  9.2031645789764553E+00  1.8110033680906407E-01  2.8535583940025772E-01  7.1599137208478445E-07
  2630   199.88000      0.0000000000000000E+00  1.5346888272983838E-06  9.2556861819141396E+00  1.7578276207508481E-01  2.8059856578888809E-01  6.7787592945167633E-07
  2640   200.64000      0.0000000000000000E+00  1.5980909385650234E-06  9.3121642195421934E+00  1.8264600482324586E-01  3.1274491784611641E-01  7.0145844718792941E-07
  2650   201.40000      0.0000000000000000E+00  1.6794693539085532E-06  9.3678599803063278E+00  1.7445290089452878E-01  3.6382579853690955E-01  7.9344756623558936E-07
  2660   202.16000      0.0000000000000000E+00  1.5203970817207200E-06  9.4029332822522420E+00  1.6628709313743251E-01  3.4166782128222267E-01  8.3967712669618815E-07
  2670   202.92000      0.0000000000000000E+00  1.4315721608644043E-06  9.4396781790558002E+00  1.6586300915292923E-01  2.8815092484788668E-01  7.0091273998874387E-07
  2680   203.68000      0.0000000000000000E+00  1.5509971513438899E-06  9.5014108442065268E+00  1.6818031397450023E-01  2.8731076968451025E-01  7.9516376459339928E-07
  2690   204.44000      0.0000000000000000E+00  1.7175832122508375E-06  9.5505148305527054E+00  1.5404130644704700E-01  3.2571146258438299E-01  6.6395675755334509E-07
  2700   205.20000      0.0000000000000000E+00  1.6264597347440459E-06  9.5874642101004710E+00  1.5108438035362051E-01  3.5298832497875243E-01  6.4934487882003984E-07
  2710   205.96000      0.0000000000000000E+00  1.4938193873619005E-06  9.6363760504777911E+00  1.6056149725158173E-01  3.5626269564069496E-01  6.5107930798584323E-07
  2720   206.72000      0.0000000000000000E+00  1.5710144818301988E-06  9.6871983593411350E+00  1.5868286101303969E-01  3.4074753343932651E-01  6.5089765930345682E-07
  2730   207.48000      0.0000000000000000E+00  1.5501178233499853E-06  9.7460471829337330E+00  1.4727985261216442E-01  3.1660999228292797E-01  7.7093776069941191E-07
  2740   208.24000      0.0000000000000000E+00  1.7477100045939968E-06  9.8063157518952480E+00  1.4081867211491875E-01  3.1402059797688364E-01  7.8923313847343269E-07
  2750   209.00000      0.0000000000000000E+00  1.7111225880454340E-06  9.8548267041943021E+00  1.3997367243742809E-01  3.3832125182178574E-01  7.2219763040918693E-07
  2760   209.76000      0.0000000000000000E+00  1.9421676720226423E-06  9.9019920807509401E+00  1.5511843666760392E-01  3.5934848965220173E-01  5.9687079823591965E-07
  2770   210.52000      0.0000000000000000E+00  1.7987931478053018E-06  9.9571954811605607E+00  1.5044991547949579E-01  3.5316218283695899E-01  6.7957982342823201E-07
  2780   211.28000      0.0000000000000000E+00  1.9086375546697814E-06  1.0019363129122286E+01  1.5143608798504787E-01  3.4554134356640570E-01  8.0245981591259887E-07
  2790   212.04000      0.0000000000000000E+00  1.6799060026924750E-06  1.0076679737781030E+01  1.6419804755858938E-01  3.3738395826903356E-01  5.9101751342172694E-07
  2800   212.80000      0.0000000000000000E+00  1.5490072012563813E-06  1.0124218504501963E+01  1.6256482180416712E-01  3.2834726510382822E-01  7.8085121850288153E-07
  2810   213.56000      0.0000000000000000E+00  1.6225522341723690E-06  1.0151506031577075E+01  1.5997689583101157E-01  3.3204182101739121E-01  7.5383510480742966E-07
  2820   214.32000      0.0000000000000000E+00  1.8819459643839476E-06  1.0184513373818520E+01  1.6212231892252932E-01  3.5326160103294246E-01  7.4722138943156784E-07
  2830   215.08000      0.0000000000000000E+00  1.9604778983871540E-06  1.0236887415050118E+01  1.8150168390274446E-01  3.5690128927855258E-01  6.6187513443147093E-07
  2840   215.84000      0.0000000000000000E+00  1.7967311244882335E-06  1.0277407589160980E+01  1.8262544803565656E-01  3.4408175186286888E-01  7.4264040691940464E-07
  2850   216.60000      0.0000000000000000E+00  1.6459078583447925E-06  1.0295158598733586E+01  1.7593505594126346E-01  3.2959178330991024E-01  8.7693775349440844E-07
  2860   217.36000      0.0000000000000000E+00  1.7211063501615435E-06  1.0331004965197394E+01  1.7737157551948518E-01  3.3569865274121813E-01  7.3705393182906967E-07
  2870   218.12000      0.0000000000000000E+00  1.5786497993301962E-06  1.0387270221225592E+01  1.8480555626307429E-01  3.5374561978487062E-01  6.6287115696928936E-07
  2880   218.88000      0.0000000000000000E+00  1.6246090500001000E-06  1.0437610996762366E+01  1.7202015278488025E-01  3.4285065271847542E-01  6.6350726884324944E-07
  2890   219.64000      0.0000000000000000E+00  1.6050569292479101E-06  1.0488608124822269E+01  1.7666682740335363E-01  3.3244263944329383E-01  7.7550241722956330E-07
  2900   220.40000      0.0000000000000000E+00  1.6965716934268814E-06  1.0538816291482433E+01  1.8937385904478260E-01  3.4613075115226816E-01  7.0457853820553547E-07
  2910   221.16000      0.0000000000000000E+00  1.6905310999355356E-06  1.0588293237965205E+01  1.9002881310308978E-01  3.4931557200505792E-01  5.6160274737455359E-07
  2920   221.92000      0.0000000000000000E+00  1.7703222085721164E-06  1.0641787937263960E+01  2.0235518515518636E-01  3.4311208560076445E-01  7.6979204621890177E-07
  2930   222.68000      0.0000000000000000E+00  1.6924099786630210E-06  1.0661425248986847E+01  2.1489096727619034E-01  3.2871018503823524E-01  8.9171077928023016E-07
  2940   223.44000      0.0000000000000000E+00  1.4188121881533659E-06  1.0671567373958375E+01  2.4711224821526243E-01  3.3555055953211760E-01  7.1261441535439853E-07
  2950   224.20000      0.0000000000000000E+00  1.6295254524582305E-06  1.0709837965743617E+01  2.5029094664423945E-01  3.3493980115273353E-01  6.2118195522520590E-07
  2960   224.96000      0.0000000000000000E+00  1.7769858626657434E-06  1.0734989048514143E+01  2.3672958524578913E-01  3.3137337824609231E-01  6.3797200023541411E-07
  2970   225.72000      0.0000000000000000E+00  1.9896243229877314E-06  1.0721851812139835E+01  2.2951671728406353E-01  3.5187515615200810E-01  6.5013309309326892E-07
  2980   226.48000      0.0000000000000000E+00  1.8840570422165420E-06  1.0714147256069653E+01  2.4854069773503856E-01  3.3661204769877984E-01  6.9130847181007476E-07
  2990   227.24000      0.0000000000000000E+00  1.8031589206368210E-06  1.0690089113729895E+01  2.5832260217006359E-01  3.1877529226574225E-01  6.2322833859739710E-07
  3000   228.00000      0.0000000000000000E+00  1.7965790139271947E-06  1.0649017824707435E+01  2.6359086181438973E-01  3.1810938086693674E-01  8.7237936892256310E-07
  3010   228.76000      0.0000000000000000E+00  1.8525492118904539E-06  1.0625250730222353E+01  2.5902452831011441E-01  3.3224966876992390E-01  8.6758031930908702E-07
  3020   229.52000      0.0000000000000000E+00  1.7982921701917583E-06  1.0610838435345551E+01  2.6157752669794687E-01  3.4993224336943546E-01  6.6870017195977741E-07
  3030   230.28000      0.0000000000000000E+00  1.6127915564298310E-06  1.0588367426383051E+01  2.4334355982537492E-01  3.4606657160901477E-01  6.4642044372774774E-07
  3040   231.04000      0.0000000000000000E+00  1.7974278483966075E-06  1.0572257480510441E+01  2.3761179726261011E-01  3.3011272842630057E-01  5.9077693625979972E-07
  3050   231.80000      0.0000000000000000E+00  1.7858105249277763E-06  1.0539314941215839E+01  2.4500273665897060E-01  3.2237422289981615E-01  6.5077981006664234E-07
  3060   232.56000      0.0000000000000000E+00  1.7413909584218478E-06  1.0509909413077452E+01  2.4897014760604486E-01  3.2588878404641097E-01  8.4086329775854312E-07
  3070   233.32000      0.0000000000000000E+00  1.8709311952828723E-06  1.0513073237123942E+01  2.3903423993279344E-01  3.4029127704190426E-01  5.8633109855204043E-07
  3080   234.08000      0.0000000000000000E+00  1.9020695181030985E-06  1.0519152042158929E+01  2.4315175109414305E-01  3.5230171320216552E-01  8.8534981659109611E-07
  3090   234.84000      0.0000000000000000E+00  1.6953851646613058E-06  1.0505052439468178E+01  2.4353513453548048E-01  3.3557477535215896E-01  7.7622790589134323E-07
  3100   235.60000      0.0000000000000000E+00  1.8406405510570947E-06  1.0488392161270086E+01  2.5326657452925316E-01  3.2609545986130589E-01  7.4505269184785995E-07
  3110   236.36000      0.0000000000000000E+00  1.9416192675461222E-06  1.0470439538104596E+01  2.4183298523333080E-01  3.6287483537388032E-01  6.4899025403965275E-07
  3120   237.12000      0.0000000000000000E+00  1.7540260982420563E-06  1.0469644957084467E+01  2.2909970127450469E-01  3.6892743376602666E-01  6.6493329830594604E-07
  3130   237.88000      0.0000000000000000E+00  1.7094367918335493E-06  1.0486013442177690E+01  2.2282627359723117E-01  3.3390167137617088E-01  6.8216367852531857E-07
  3140   238.64000      0.0000000000000000E+00  1.8618272351318702E-06  1.0490053835024060E+01  2.2676393543809581E-01  3.4425940515463688E-01  6.5902068273380033E-07
  3150   239.40000      0.0000000000000000E+00  2.0638129125329051E-06  1.0491073249014850E+01  2.4016974512611408E-01  3.5215824409313473E-01  6.4514763892076503E-07
  3160   240.16000      0.0000000000000000E+00  1.8500726624976412E-06  1.0487497492402984E+01  2.3299456197010712E-01  3.4838810264070719E-01  7.0176229409394444E-07
  3170   240.92000      0.0000000000000000E+00  1.6430481394083559E-06  1.0483620109242104E+01  2.2357851981555815E-01  3.7672188581291077E-01  9.0081745726940330E-07
  3180   241.68000      0.0000000000000000E+00  1.8044438514136851E-06  1.0480226310410837E+01  2.3345159409367278E-01  4.0188290938284210E-01  6.1261779661725095E-07
  3190   242.44000      0.0000000000000000E+00  1.6078184948182864E-06  1.0490751270839780E+01  2.4792337376293144E-01  3.7532035841004996E-01  7.0810372930172353E-07
  3200   243.20000      0.0000000000000000E+00  1.5200460206302996E-06  1.0511151456714042E+01  2.2623932255526524E-01  3.5084146980954045E-01  6.8846458601672384E-07
  3210   243.96000      0.0000000000000000E+00  1.7284977079387026E-06  1.0534075707886972E+01  2.0173787984459296E-01  3.5458887486129126E-01  6.0237744551192847E-07
  3220   244.72000      0.0000000000000000E+00  1.7215346188278141E-06  1.0559715877878059E+01  2.0927397032121298E-01  3.8291570527803520E-01  6.1689933807305670E-07
  3230   245.48000      0.0000000000000000E+00  1.4862416794953584E-06  1.0566571766592824E+01  2.1549532600829258E-01  4.2173529273742577E-01  6.0757292680048865E-07
  3240   246.24000      0.0000000000000000E+00  1.6473922484418640E-06  1.0574431849541204E+01  2.2144896981768944E-01  3.9927711409112421E-01  8.3983597902102014E-07
  3250   247.00000      0.0000000000000000E+00  1.9071820620160410E-06  1.0615430374956745E+01  2.0762441328942255E-01  3.7050592342593491E-01  8.1354151905288140E-07
  3260   247.76000      0.0000000000000000E+00  1.7766494982489778E-06  1.0655829636528427E+01  1.9011767335559471E-01  4.0062505823951677E-01  7.1173558146085274E-07
  3270   248.52000      0.0000000000000000E+00  1.8301548184074975E-06  1.0688741860964594E+01  1.9173698147432061E-01  3.9562661854719960E-01  5.9192933487282161E-07
  3280   249.28000      0.0000000000000000E+00  1.8277849309589214E-06  1.0721834997282954E+01  1.8334561281553791E-01  3.8141772378981875E-01  6.9395413931343493E-07
  3290   250.04000      0.0000000000000000E+00  1.7659375925374321E-06  1.0778005809495673E+01  1.8272897105537381E-01  3.9885826256589652E-01  6.2003397780738143E-07
  3300   250.80000      0.0000000000000000E+00  1.7707647440425444E-06  1.0827819467638465E+01  1.8117269280844037E-01  4.1205048082852919E-01  6.4053251471859633E-07
  3310   251.56000      0.0000000000000000E+00  2.0069413811472705E-06  1.0860767538096601E+01  1.8591790679106140E-01  4.0590871008701951E-01  6.3961199176112291E-07
  3320   252.32000      0.0000000000000000E+00  2.0322667104566729E-06  1.0913435929024226E+01  1.8603058042893111E-01  3.9513811117231656E-01  7.4679395941962488E-07
  3330   253.08000      0.0000000000000000E+00  2.0145516142008503E-06  1.0973064510024145E+01  1.9260199749919515E-01  3.9884415594607897E-01  8.1332228497436514E-07
  3340   253.84000      0.0000000000000000E+00  1.9418610951725067E-06  1.1016345817812589E+01  1.9998355017811745E-01  3.9619060101838660E-01  6.5883604021896905E-07
  3350   254.60000      0.0000000000000000E+00  1.8865450394385404E-06  1.1066568471180231E+01  2.0861259050803080E-01  3.9344181920575971E-01  6.0353294862439871E-07
  3360   255.36000      0.0000000000000000E+00  1.8906068718406865E-06  1.1137697207341864E+01  2.0615942668607748E-01  4.0645282187812792E-01  6.2729133665090758E-07
  3370   256.12000      0.0000000000000000E+00  1.9777317074791780E-06  1.1199868862784218E+01  1.9778605374845537E-01  4.1869263202769652E-01  6.7617347638484720E-07
  3380   256.88000      0.0000000000000000E+00  2.0088107851371361E-06  1.1257588038481334E+01  2.0152580474442963E-01  4.1918968152306507E-01  6.0032789708981204E-07
  3390   257.64000      0.0000000000000000E+00  1.9949712431230175E-06  1.1331559952337161E+01  2.1314237297934790E-01  4.0542294695559833E-01  6.2741728164357015E-07
  3400   258.40000      0.0000000000000000E+00  2.0403875869177759E-06  1.1429552329636849E+01  2.1429501807002535E-01  3.9631281525416001E-01  8.3202579748760819E-07
  3410   259.16000      0.0000000000000000E+00  2.2385913627407293E-06  1.1538112036597436E+01  2.1083711467918242E-01  4.0016274959422365E-01  6.6122477665616159E-07
  3420   259.92000      0.0000000000000000E+00  2.3198960585254496E-06  1.1624714445312513E+01  2.0271633692328878E-01  4.0182568076013270E-01  7.0049432342637813E-07
  3430   260.68000      0.0000000000000000E+00  1.9857329874303654E-06  1.1703347057551234E+01  2.1165980786504951E-01  4.1594801973962081E-01  7.0327729003101697E-07
  3440   261.44000      0.0000000000000000E+00  1.9973817629747404E-06  1.1770360342877977E+01  2.4408293968940034E-01  4.1734497411604243E-01  6.8818521884105564E-07
  3450   262.20000      0.0000000000000000E+00  2.1175060940788087E-06  1.1826976342509292E+01  2.4561378880889756E-01  4.0057886559263023E-01  6.8098544839162353E-07
  3460   262.96000      0.0000000000000000E+00  2.1411551410200575E-06  1.1912935493198319E+01  2.2237397106160001E-01  4.0618746991037036E-01  5.0788367248571971E-07
  3470   263.72000      0.0000000000000000E+00  1.8911091645886974E-06  1.2000539136042709E+01  2.1503721592673855E-01  3.9739486895062870E-01  7.0136569364000627E-07
  3480   264.48000      0.0000000000000000E+00  1.9355560869516291E-06  1.2040715025826223E+01  2.0964884095311445E-01  3.9063726265037463E-01  9.7708604223539904E-07
  3490   265.24000      0.0000000000000000E+00  2.1864172839446887E-06  1.2053060397941941E+01  2.3260405898375441E-01  4.0195655366506367E-01  7.0305276457772206E-07
  3500   266.00000      0.0000000000000000E+00  2.5423829242093962E-06  1.2060091748697255E+01  2.5380202046589728E-01  4.0107968611806111E-01  5.7204280606689130E-07
  3510   266.76000      0.0000000000000000E+00  2.2020280986997232E-06  1.2076879527778711E+01  2.5104421720722553E-01  4.0191550455327507E-01  7.9243235735930977E-07
  3520   267.52000      0.0000000000000000E+00  2.1277727469127138E-06  1.2098313677298790E+01  2.2575900472948424E-01  4.0689238434674679E-01  6.7214320444022813E-07
  3530   268.28000      0.0000000000000000E+00  2.0989114720191976E-06  1.2111253523414467E+01  2.1554331501828161E-01  4.1457063779827219E-01  6.2487177794302629E-07
  3540   269.04000      0.0000000000000000E+00  2.2048719637327825E-06  1.2120373434921001E+01  2.3145302324380290E-01  3.9470312468623026E-01  5.9660480582810059E-07
  3550   269.80000      0.0000000000000000E+00  2.3537163676821916E-06  1.2116308388994844E+01  2.4012102572931521E-01  3.7863679249069776E-01  8.1183348411653619E-07
  3560   270.56000      0.0000000000000000E+00  2.4286736256742125E-06  1.2103516282693608E+01  2.1787671790728477E-01  4.0814577131100821E-01  7.2742800208244156E-07
  3570   271.32000      0.0000000000000000E+00  2.4007453707657078E-06  1.2096994782886227E+01  2.3334790436478386E-01  4.1611071618805684E-01  5.5192739884777318E-07
  3580   272.08000      0.0000000000000000E+00  2.2439981709183154E-06  1.2082053028847442E+01  2.4449244483547353E-01  3.8939828882395588E-01  7.4704783870631039E-07
  3590   272.84000      0.0000000000000000E+00  2.1324186877171284E-06  1.2078464963131985E+01  2.3978255250884045E-01  3.9436688452679636E-01  7.5741718168991925E-07
  3600   273.60000      0.0000000000000000E+00  2.0152779602396147E-06  1.2092163087505920E+01  2.3486135913094075E-01  4.0899063966089250E-01  7.2428648871241623E-07
  3610   274.36000      0.0000000000000000E+00  2.2730555473356915E-06  1.2089458964592669E+01  2.2659328577703114E-01  4.0459310575915347E-01  4.9893011442936542E-07
  3620   275.12000      0.0000000000000000E+00  2.0788167087151926E-06  1.2080283937332352E+01  2.1791195919351902E-01  3.9855938266422836E-01  7.7108647318712151E-07
  3630   275.88000      0.0000000000000000E+00  2.1292791096100844E-06  1.2094779463723329E+01  2.4120268490020313E-01  3.9137882670012664E-01  7.1012169939358723E-07
  3640   276.64000      0.0000000000000000E+00  2.4133945214999857E-06  1.2109732265767484E+01  2.7134721755159541E-01  3.9954136096063159E-01  5.4146573044132842E-07
  3650   277.40000      0.0000000000000000E+00  2.4139371266158159E-06  1.2133185665840475E+01  2.4853866709533182E-01  4.0144835776768278E-01  7.4057433363814458E-07
  3660   278.16000      0.0000000000000000E+00  2.1979752602064164E-06  1.2156648328191537E+01  2.4886832711657192E-01  4.0696065683242888E-01  8.1844279010410149E-07
  3670   278.92000      0.0000000000000000E+00  2.1430521648087962E-06  1.2180436556261451E+01  2.4008691983592989E-01  4.0792463195900525E-01  6.1597997323207400E-07
  3680   279.68000      0.0000000000000000E+00  2.2305801650396257E-06  1.2209632173456367E+01  2.4256292697173373E-01  3.9927987786860658E-01  6.9009820234762688E-07
  3690   280.44000      0.0000000000000000E+00  2.2411628884585255E-06  1.2227648110391145E+01  2.6116533619768789E-01  3.8805250582720502E-01  6.0731903509986180E-07
  3700   281.20000      0.0000000000000000E+00  2.3000262543185811E-06  1.2245684192230925E+01  2.6985422300537742E-01  3.8630087936128910E-01  5.7251845263543505E-07
  3710   281.96000      0.0000000000000000E+00  2.2622078713669863E-06  1.2267065955268137E+01  2.6593484498174469E-01  4.0984498705150596E-01  7.2782317336951784E-07
  3720   282.72000      0.0000000000000000E+00  2.2100047403101198E-06  1.2290094600818659E+01  2.5264130377042648E-01  4.3019674797656732E-01  7.5643268228788918E-07
  3730   283.48000      0.0000000000000000E+00  2.2504668794502955E-06  1.2321604020138686E+01  2.3693842592246842E-01  4.0801379824019890E-01  7.5364854251504302E-07
  3740   284.24000      0.0000000000000000E+00  2.1307580834453175E-06  1.2352122225767211E+01  2.2487217145560495E-01  3.9523303872484844E-01  6.0900858771591832E-07
  3750   285.00000      0.0000000000000000E+00  2.3411275103331948E-06  1.2368893289204060E+01  2.4230352950743034E-01  4.0822480755476814E-01  6.6665236712703399E-07
  3760   285.76000      0.0000000000000000E+00  2.2092740699859883E-06  1.2383691920809492E+01  2.5200809411752212E-01  4.0323874461594622E-01  6.3541611637390448E-07
  3770   286.52000      0.0000000000000000E+00  2.0366574279594911E-06  1.2430146457640657E+01  2.4407036806329582E-01  4.0865828711257957E-01  7.7576811130947672E-07
  3780   287.28000      0.0000000000000000E+00  2.1594938293147005E-06  1.2474292055566636E+01  2.0846595246133010E-01  4.2014276982508769E-01  5.6093389750757511E-07
  3790   288.04000      0.0000000000000000E+00  2.1516239908936759E-06  1.2497689105549760E+01  2.0840336769270343E-01  4.2025007473953757E-01  5.6840276240919145E-07
  3800   288.80000      0.0000000000000000E+00  2.0854644631769025E-06  1.2522908933877128E+01  2.1846019348819426E-01  4.1523718001146359E-01  8.3989329934450158E-07
  3810   289.56000      0.0000000000000000E+00  2.0712519305814016E-06  1.2550836136890988E+01  2.1550068411291889E-01  4.0693282977547479E-01  6.1966570713016893E-07
  3820   290.32000      0.0000000000000000E+00  1.8716181725090616E-06  1.2590540086185255E+01  1.9702843583425664E-01  4.0596805017731086E-01  6.6066468431605561E-07
  3830   291.08000      0.0000000000000000E+00  2.0121378087204897E-06  1.2634675016176327E+01  1.9153746758113538E-01  4.3245103307956612E-01  7.0494966629328482E-07
  3840   291.84000      0.0000000000000000E+00  2.2066218585829180E-06  1.2669947398444934E+01  1.9514790903788903E-01  4.2594146653065718E-01  6.8947401004875573E-07
  3850   292.60000      0.0000000000000000E+00  2.0142066205178759E-06  1.2698373412229785E+01  1.9272360685148132E-01  4.0027249645222029E-01  5.7933982692617796E-07
  3860   293.36000      0.0000000000000000E+00  1.9439165677014697E-06  1.2738487423503017E+01  1.9730230233039020E-01  4.1892084084689973E-01  7.3804165788560067E-07
  3870   294.12000      0.0000000000000000E+00  1.9808836043109600E-06  1.2784897057372040E+01  2.1091881899589368E-01  4.4357771106116151E-01  6.1225767874042649E-07
  3880   294.88000      0.0000000000000000E+00  1.8991231663104788E-06  1.2824921813567371E+01  2.0249273068884688E-01  4.2541190556932734E-01  6.8412818053012879E-07
  3890   295.64000      0.0000000000000000E+00  2.1890115610099302E-06  1.2866094731122555E+01  1.9007275263987827E-01  4.2781788977531537E-01  6.3512998975255374E-07
  3900   296.40000      0.0000000000000000E+00  1.9094361952889174E-06  1.2900612861040097E+01  2.0373885722652824E-01  4.3883302559063997E-01  8.6418393407243389E-07
  3910   297.16000      0.0000000000000000E+00  1.9871289753848920E-06  1.2927432771283726E+01  2.1545829847751696E-01  4.1204072826004756E-01  6.2706249252049094E-07
  3920   297.92000      0.0000000000000000E+00  2.1914576445966926E-06  1.2951264701543565E+01  2.1929743933056409E-01  4.0269096447637798E-01  6.6765023287360339E-07
  3930   298.68000      0.0000000000000000E+00  2.1883454709225119E-06  1.2974091252318916E+01  2.1870983151788048E-01  4.4025104817735361E-01  6.5219454273595482E-07
  3940   299.44000      0.0000000000000000E+00  1.9832728363110748E-06  1.2994239284373359E+01  2.2250106385229421E-01  4.6595910136165086E-01  5.7762846467251018E-07
  3950   300.20000      0.0000000000000000E+00  1.8751033611338554E-06  1.3028430394742587E+01  2.1079201764429153E-01  4.5828686475002095E-01  7.1150753554250915E-07
  3960   300.96000      0.0000000000000000E+00  1.9383505006811758E-06  1.3077263033911994E+01  2.0992224469883225E-01  4.3532238413900715E-01  7.9986836123391859E-07
  3970   301.72000      0.0000000000000000E+00  2.0804588726843663E-06  1.3109224784102063E+01  2.1027223548188578E-01  4.2316597003844658E-01  7.3059537189575998E-07
  3980   302.48000      0.0000000000000000E+00  1.9996189823247930E-06  1.3126013436528861E+01  2.0361619047251142E-01  4.2607377526853707E-01  6.7075537863665825E-07
  3990   303.24000      0.0000000000000000E+00  1.9452397720043253E-06  1.3151558983424463E+01  2.3433031958597550E-01  4.3674938816208153E-01  5.9949878791255347E-07
  4000   304.00000      0.0000000000000000E+00  1.8903556294891414E-06  1.3196863326154460E+01  2.3644459836389276E-01  4.4542015859795592E-01  7.4234480692884794E-07
  4010   304.76000      0.0000000000000000E+00  1.9915799277331547E-06  1.3246401388509700E+01  2.2158521362997907E-01  4.5923414895669112E-01  7.7346084907160451E-07
  4020   305.52000      0.0000000000000000E+00  2.1198905812087956E-06  1.3274536865239508E+01  2.0367827188621640E-01  4.7741646641023705E-01  5.5404109895986495E-07
  4030   306.28000      0.0000000000000000E+00  2.1596157959964456E-06  1.3289574072200647E+01  2.0485086256092574E-01  4.6476130212127315E-01  7.4573508155662305E-07
  4040   307.04000      0.0000000000000000E+00  1.9490882590436264E-06  1.3309388109247493E+01  2.1618776728365027E-01  4.2759351370499532E-01  8.5920062491976661E-07
  4050   307.80000      0.0000000000000000E+00  2.0793005467855695E-06  1.3325335895173307E+01  2.2472439055118612E-01  4.2639070136295282E-01  7.6168140007469520E-07
  4060   308.56000      0.0000000000000000E+00  2.1932449503402834E-06  1.3364903540441944E+01  2.2023377129465110E-01  4.5468141638264881E-01  5.8458749200957722E-07
  4070   309.32000      0.0000000000000000E+00  2.3090712001376367E-06  1.3407097073614953E+01  2.1663843590058993E-01  4.8747265067608769E-01  7.1380584679437585E-07
  4080   310.08000      0.0000000000000000E+00  2.1697372009333791E-06  1.3428572574478949E+01  2.0673141778605370E-01  4.9074758289114506E-01  7.9708548849771999E-07
  4090   310.84000      0.0000000000000000E+00  2.1393521917496802E-06  1.3451411796874332E+01  2.1947109236174611E-01  4.6410006432241258E-01  6.1060658049498813E-07
  4100   311.60000      0.0000000000000000E+00  2.1556194833612941E-06  1.3492271464995078E+01  2.3677987997616542E-01  4.5792817297074728E-01  8.2934813538027063E-07
  4110   312.36000      0.0000000000000000E+00  2.3917090898644841E-06  1.3552530430563589E+01  2.2639063142059865E-01  4.5899241605157270E-01  6.3691242716400365E-07
  4120   313.12000      0.0000000000000000E+00  2.3892164757979055E-06  1.3621625377411213E+01  2.1360157245922651E-01  4.5272522208556609E-01  7.5464075753169135E-07
  4130   313.88000      0.0000000000000000E+00  2.3494108373903019E-06  1.3656359918377035E+01  2.1818917389816730E-01  4.7332411672775193E-01  7.5963927232614956E-07
  4140   314.64000      0.0000000000000000E+00  2.0759896442190260E-06  1.3666063616441079E+01  2.4734476239615735E-01  4.8041292420306847E-01  6.5299836236160114E-07
  4150   315.40000      0.0000000000000000E+00  1.7921386614122256E-06  1.3693981471886040E+01  2.7219713276850671E-01  4.6569865871217431E-01  8.0765024438002307E-07
  4160   316.16000      0.0000000000000000E+00  2.2015736748060470E-06  1.3747334925151364E+01  2.6948534183165085E-01  4.7504888383487992E-01  7.2455248333168891E-07
  4170   316.92000      0.0000000000000000E+00  2.0892928752197370E-06  1.3791087283000154E+01  2.3896637538710647E-01  4.8986347587212076E-01  6.4222429532281263E-07
  4180   317.68000      0.0000000000000000E+00  1.6967202015183944E-06  1.3802943831679709E+01  2.4730095804334137E-01  4.6662474063380138E-01  7.8117877133772432E-07
  4190   318.44000      0.0000000000000000E+00  1.9378781897201852E-06  1.3812736611321782E+01  2.7209614518115832E-01  4.3562846397302396E-01  7.2659372722124560E-07
  4200   319.20000      0.0000000000000000E+00  2.0170840193505394E-06  1.3838582238674540E+01  2.8093919450529109E-01  4.5719498510427325E-01  8.5846550259614700E-07
  4210   319.96000      0.0000000000000000E+00  2.3130627222283567E-06  1.3891929241060172E+01  2.7998922599623749E-01  4.7658590477804219E-01  6.1851219014363185E-07
  4220   320.72000      0.0000000000000000E+00  1.9974085986330747E-06  1.3942941801231271E+01  2.5480345199795590E-01  4.7318046229440858E-01  7.8301909993999671E-07
  4230   321.48000      0.0000000000000000E+00  2.1897778459662632E-06  1.3959195564245279E+01  2.6246174119901050E-01  4.8372162377860856E-01  7.8633437390273834E-07
  4240   322.24000      0.0000000000000000E+00  2.1988133396218258E-06  1.3968080151916578E+01  2.8920100252905817E-01  4.6926146850039785E-01  7.4709068005661640E-07
  4250   323.00000      0.0000000000000000E+00  2.4313329891240116E-06  1.3991689136823425E+01  2.8857023067469717E-01  4.3747968192074937E-01  7.4100071073923944E-07
  4260   323.76000      0.0000000000000000E+00  2.1514708740509652E-06  1.4042416820829875E+01  2.5738337552452145E-01  4.3889142900718037E-01  6.8428073024750719E-07
  4270   324.52000      0.0000000000000000E+00  2.1989156586047579E-06  1.4091646047272462E+01  2.5665471185629557E-01  4.7675865018826302E-01  7.2428212713375885E-07
  4280   325.28000      0.0000000000000000E+00  2.5264680970832583E-06  1.4112754697567212E+01  2.5074571791347822E-01  4.9491428277753113E-01  8.0786593126189550E-07
  4290   326.04000      0.0000000000000000E+00  2.1394594318554452E-06  1.4126823527756812E+01  2.3963580174754606E-01  4.6807176469414313E-01  6.8512070833976033E-07
  4300   326.80000      0.0000000000000000E+00  2.2969772835306035E-06  1.4145551737777147E+01  2.5144583477426546E-01  4.4650877302006797E-01  6.8351646213077479E-07
  4310   327.56000      0.0000000000000000E+00  2.5325116446653852E-06  1.4162705629734910E+01  2.4224355377644424E-01  4.5753603436147811E-01  7.7648203441012842E-07
  4320   328.32000      0.0000000000000000E+00  2.4424448425128437E-06  1.4203730799565653E+01  2.1870940288753846E-01  4.8283181308655454E-01  5.6503828382927728E-07
  4330   329.08000      0.0000000000000000E+00  2.3142067003138837E-06  1.4263345175857715E+01  2.1224479368904126E-01  4.7296486915218028E-01  7.0454822393747437E-07
  4340   329.84000      0.0000000000000000E+00  2.0885267672215883E-06  1.4307371378137130E+01  2.0793136069991583E-01  4.6205244425492037E-01  7.4284740819078414E-07
  4350   330.60000      0.0000000000000000E+00  2.1612087489378304E-06  1.4339630894940079E+01  2.0686608819498870E-01  4.7455151099026127E-01  7.0648718102422590E-07
  4360   331.36000      0.0000000000000000E+00  2.4564409168752917E-06  1.4379000445859205E+01  2.1234060799957177E-01  4.6558056448091623E-01  6.1447001149992452E-07
  4370   332.12000      0.0000000000000000E+00  2.3016735358843826E-06  1.4430136519330134E+01  1.9412151660123958E-01  4.5606637851257892E-01  7.7019947819422271E-07
  4380   332.88000      0.0000000000000000E+00  2.2368903845856593E-06  1.4499168295357649E+01  1.9296483446062185E-01  4.8625651501331779E-01  8.3153736489450100E-07
  4390   333.64000      0.0000000000000000E+00  2.4720498148308676E-06  1.4558182237043855E+01  1.8619924170681657E-01  5.0322561608046557E-01  6.5894184946856955E-07
  4400   334.40000      0.0000000000000000E+00  2.3029497341897381E-06  1.4608099184515082E+01  1.8234516384375932E-01  4.7360725867837550E-01  6.7930967499932920E-07
  4410   335.16000      0.0000000000000000E+00  2.3103008434732893E-06  1.4678350693842441E+01  1.9586464523567867E-01  4.5712201671707187E-01  5.8403779502343669E-07
  4420   335.92000      0.0000000000000000E+00  2.3382317656568472E-06  1.4723937287571749E+01  2.0384596082680667E-01  4.8238496295014449E-01  7.2887641195250772E-07
  4430   336.68000      0.0000000000000000E+00  2.2530596511407929E-06  1.4748054053637617E+01  2.1093083927844133E-01  4.8739693715528210E-01  8.1426402785689774E-07
  4440   337.44000      0.0000000000000000E+00  2.2042315225810331E-06  1.4784677403530026E+01  2.0960720019506929E-01  4.8417991899014823E-01  5.9049494405908635E-07
  4450   338.20000      0.0000000000000000E+00  2.3159330668152595E-06  1.4831902190469382E+01  2.0737768190313166E-01  4.9033635521708230E-01  7.2790271602647270E-07
  4460   338.96000      0.0000000000000000E+00  2.3108525233610080E-06  1.4873086233433845E+01  1.9453544243480125E-01  4.8015901628127217E-01  7.8379870749641889E-07
  4470   339.72000      0.0000000000000000E+00  1.9869193973945475E-06  1.4904645275014865E+01  1.9875816899414117E-01  4.8212441480877305E-01  6.4065539660409653E-07
  4480   340.48000      0.0000000000000000E+00  2.0087298327769246E-06  1.4925381870901933E+01  2.0450699463754732E-01  4.9812387377250389E-01  6.1479480344743681E-07
  4490   341.24000      0.0000000000000000E+00  2.1712407389201055E-06  1.4950784232451122E+01  2.2150471556215773E-01  4.9345043559917368E-01  6.4067836034163414E-07
  4500   342.00000      0.0000000000000000E+00  2.2603703199535816E-06  1.4977114530217667E+01  2.2184230958081505E-01  4.8402674801175272E-01  6.9535799463753791E-07
  4510   342.76000      0.0000000000000000E+00  2.5085242064993159E-06  1.5011853418937251E+01  2.1317092598321435E-01  4.9935331562160062E-01  5.9567353431642588E-07
  4520   343.52000      0.0000000000000000E+00  2.1891790517671570E-06  1.5056901137014966E+01  1.9923788173997420E-01  5.0307240687587917E-01  8.3775455774575254E-07
  4530   344.28000      0.0000000000000000E+00  2.2527775213013624E-06  1.5083445820749557E+01  2.1033435472424816E-01  4.9578847602082643E-01  6.2422823689906992E-07
  4540   345.04000      0.0000000000000000E+00  2.1654316027435007E-06  1.5084020833584596E+01  2.2109520907045188E-01  5.0265664096529539E-01  7.9433262285589961E-07
  4550   345.80000      0.0000000000000000E+00  2.2904813431534630E-06  1.5107924316690314E+01  2.2695030234807501E-01  5.0202948904396527E-01  5.8340683582568445E-07
  4560   346.56000      0.0000000000000000E+00  2.2922735307518298E-06  1.5162062234324040E+01  2.2222215703488668E-01  4.9730846448517668E-01  5.0041211974844692E-07
  4570   347.32000      0.0000000000000000E+00  2.2525534379874238E-06  1.5211029357585851E+01  2.1096343999635642E-01  5.0496124184524471E-01  8.5548243450972137E-07
  4580   348.08000      0.0000000000000000E+00  2.2190802121081545E-06  1.5227880910002051E+01  2.1501963737148344E-01  5.1602274044926855E-01  5.6156114624925589E-07
  4590   348.84000      0.0000000000000000E+00  2.2219170384733640E-06  1.5251603790675359E+01  2.1346210621563264E-01  5.1692145230349384E-01  6.0963836538675588E-07
  4600   349.60000      0.0000000000000000E+00  1.9226336435255880E-06  1.5302323723648808E+01  2.4442822213115223E-01  5.0272120395889175E-01  7.4279917718573991E-07
  4610   350.36000      0.0000000000000000E+00  2.0425539189387663E-06  1.5343030099805382E+01  2.5171018099008141E-01  5.1395060434519124E-01  7.1286593014668266E-07
  4620   351.12000      0.0000000000000000E+00  2.1648762612968778E-06  1.5381678349254695E+01  2.3350705826551213E-01  5.2492402332082910E-01  5.3750979286998933E-07
  4630   351.88000      0.0000000000000000E+00  2.1064952194869484E-06  1.5433970997430473E+01  2.3544821848102040E-01  5.1210421304712239E-01  6.3150355060217856E-07
  4640   352.64000      0.0000000000000000E+00  2.1012502637534043E-06  1.5480049239330334E+01  2.5161327690975599E-01  4.9858300345834766E-01  5.9108796276012027E-07
  4650   353.40000      0.0000000000000000E+00  2.0195490042294225E-06  1.5535987994280925E+01  2.6801437371907033E-01  5.0535847153623370E-01  6.9551803857756313E-07
  4660   354.16000      0.0000000000000000E+00  1.9455895035407384E-06  1.5605402481595442E+01  2.4814984053269207E-01  5.2220564872893638E-01  6.1021264521957976E-07
  4670   354.92000      0.0000000000000000E+00  2.2277763468790000E-06  1.5665915002022221E+01  2.4817022821587947E-01  5.3394943584664223E-01  5.8181535625796589E-07
  4680   355.68000      0.0000000000000000E+00  2.2131262422879223E-06  1.5689072426365039E+01  2.7866377033101519E-01  5.2344712696409879E-01  6.0143123236331041E-07
  4690   356.44000      0.0000000000000000E+00  2.1158629595852866E-06  1.5696207819147965E+01  2.9629739795565718E-01  5.0520128888986837E-01  7.3728874762530308E-07
  4700   357.20000      0.0000000000000000E+00  2.2465429043408657E-06  1.5758849823342686E+01  2.9686215507552821E-01  5.0604943233285304E-01  5.1454258148328978E-07
  4710   357.96000      0.0000000000000000E+00  2.3445410259178807E-06  1.5845230168063587E+01  2.8424742937139591E-01  5.0326832504657493E-01  5.9951860358126426E-07
  4720   358.72000      0.0000000000000000E+00  2.3441139912646471E-06  1.5876574347726828E+01  2.6085738486845317E-01  4.9676367484955442E-01  7.0749611831124914E-07
  4730   359.48000      0.0000000000000000E+00  2.1412696706300731E-06  1.5900590258327936E+01  2.8438597057924803E-01  5.2138645243699555E-01  6.1466974775999064E-07
  4740   360.24000      0.0000000000000000E+00  2.1439909970882363E-06  1.5925684486204599E+01  3.2490841140810600E-01  5.4326387865977588E-01  5.4874184100534201E-07
  4750   361.00000      0.0000000000000000E+00  2.2749053591305164E-06  1.5947789178357221E+01  3.0784430551152231E-01  5.1783722728505799E-01  6.1872282499727457E-07
  4760   361.76000      0.0000000000000000E+00  2.3226328561436091E-06  1.5991152965484357E+01  3.0694790315215914E-01  4.8777228136188172E-01  6.2578567601991664E-07
  4770   362.52000      0.0000000000000000E+00  2.2367055805278832E-06  1.6030681722577739E+01  3.1185104047164131E-01  4.8743206925182964E-01  5.4850837802200456E-07
  4780   363.28000      0.0000000000000000E+00  2.3339213071307922E-06  1.6056046293616951E+01  3.0675771502997062E-01  4.9862681435827350E-01  6.4660312965121757E-07
  4790   364.04000      0.0000000000000000E+00  2.2794675263894273E-06  1.6073794188558761E+01  3.0109163851182169E-01  5.2317718014188097E-01  5.4994271331330135E-07
  4800   364.80000      0.0000000000000000E+00  2.2875823542747327E-06  1.6099537257973402E+01  2.9797993314176646E-01  5.5329765305840084E-01  6.8932113715129176E-07
  4810   365.56000      0.0000000000000000E+00  1.9110570186086448E-06  1.6127372661763395E+01  2.9838817698830356E-01  5.3059219072370201E-01  6.2416123333292807E-07
  4820   366.32000      0.0000000000000000E+00  2.0457150267835006E-06  1.6153281766865017E+01  3.1209829448099868E-01  4.8963495762491049E-01  5.1222489276446600E-07
  4830   367.08000      0.0000000000000000E+00  1.9811293178551936E-06  1.6182978834887088E+01  3.2442517618874728E-01  4.7239761051192386E-01  5.9543359578434790E-07
  4840   367.84000      0.0000000000000000E+00  2.2073289607653172E-06  1.6190806096538616E+01  3.0933095199487864E-01  4.9674305874563518E-01  7.2909168991346930E-07
  4850   368.60000      0.0000000000000000E+00  2.0793614476211445E-06  1.6197322152363352E+01  2.8431387762125937E-01  5.4275748440058535E-01  6.2916752455017880E-07
  4860   369.36000      0.0000000000000000E+00  2.2145469330071824E-06  1.6233524195450364E+01  2.8999032760095234E-01  5.6081027210140311E-01  5.5109321636904480E-07
  4870   370.12000      0.0000000000000000E+00  2.0583945853609273E-06  1.6261104167279811E+01  2.9144010535457859E-01  5.3096056729260432E-01  6.3655334755770792E-07
  4880   370.88000      0.0000000000000000E+00  1.9728212106196707E-06  1.6255761122151728E+01  2.7320550856177350E-01  5.0776773941248976E-01  6.0242571313435937E-07
  4890   371.64000      0.0000000000000000E+00  2.1854257393818206E-06  1.6261224436661333E+01  2.7145983039765437E-01  5.0903602326308872E-01  6.2944585841794487E-07
  4900   372.40000      0.0000000000000000E+00  2.2056591846450377E-06  1.6290165852721771E+01  2.7030778706167280E-01  5.1060211722057913E-01  6.3832753923612128E-07
  4910   373.16000      0.0000000000000000E+00  2.1059353943310784E-06  1.6315788330123063E+01  2.4789325871623241E-01  5.3338505057614205E-01  5.5726477693307568E-07
  4920   373.92000      0.0000000000000000E+00  2.0495400329625085E-06  1.6331777439133344E+01  2.3576244388231671E-01  5.4949094079695759E-01  5.5108696098290384E-07
  4930   374.68000      0.0000000000000000E+00  2.2818525356629350E-06  1.6322926623350693E+01  2.4844915750081820E-01  5.5457220654671691E-01  7.3556636356176565E-07
  4940   375.44000      0.0000000000000000E+00  2.2312377045364174E-06  1.6328086704097782E+01  2.5224153454077725E-01  5.5031199580745560E-01  4.9870530360264409E-07
  4950   376.20000      0.0000000000000000E+00  2.1785005042212011E-06  1.6345836807027077E+01  2.4658838988989995E-01  5.2481614985963887E-01  6.0306988440563234E-07
  4960   376.96000      0.0000000000000000E+00  2.1610213619227543E-06  1.6364313122676968E+01  2.2692050348720477E-01  5.1903057659729690E-01  6.4772435589297697E-07
  4970   377.72000      0.0000000000000000E+00  2.3194081155767906E-06  1.6384755674046414E+01  2.1678090653118262E-01  5.6232937122728532E-01  5.6370194797786478E-07
  4980   378.48000      0.0000000000000000E+00  2.1229042431176104E-06  1.6406678830567124E+01  2.3961869078236511E-01  5.5556072794739431E-01  5.7827643526400450E-07
  4990   379.24000      0.0000000000000000E+00  2.2827805604268065E-06  1.6418655510917780E+01  2.4656491171565442E-01  5.3584113277529344E-01  7.0352638939028592E-07
  5000   380.00000      0.0000000000000000E+00  2.2409478705124611E-06  1.6445583489722118E+01  2.4586945432853102E-01  5.6109115414296651E-01  5.5331238521608233E-07
  5010   380.76000      0.0000000000000000E+00  2.0871226966718941E-06  1.6471349076340228E+01  2.3896876152966451E-01  5.9038534266431408E-01  7.0472154959970614E-07
  5020   381.52000      0.0000000000000000E+00  2.2992292078932773E-06  1.6485564295971997E+01  2.3561184680461522E-01  5.5323474393974059E-01  5.3969251292961828E-07
  5030   382.28000      0.0000000000000000E+00  2.2524966109138692E-06  1.6516244111640972E+01  2.3747590109273958E-01  5.3774773419994593E-01  6.0413981295596039E-07
  5040   383.04000      0.0000000000000000E+00  2.3108271228710005E-06  1.6565088884383012E+01  2.3344040193806503E-01  5.5809831311244518E-01  5.5821412736115760E-07
  5050   383.80000      0.0000000000000000E+00  2.5482105913408672E-06  1.6608451421847295E+01  2.3327704822816292E-01  5.6261400285042340E-01  7.0495635142853576E-07
  5060   384.56000      0.0000000000000000E+00  2.3754512877728400E-06  1.6630423214240306E+01  2.3130211742567383E-01  5.6883663845653554E-01  4.5430205519120321E-07
  5070   385.32000      0.0000000000000000E+00  2.1892057566501806E-06  1.6651189792375359E+01  2.6408118363598687E-01  5.7823459407505418E-01  6.8984180817132870E-07
  5080   386.08000      0.0000000000000000E+00  2.2649166997861950E-06  1.6684364287583922E+01  2.4991889465433548E-01  5.7491907406236120E-01  6.9188026387212532E-07
  5090   386.84000      0.0000000000000000E+00  2.4212188582471856E-06  1.6741498233236552E+01  2.3258936094496391E-01  5.6953890448490330E-01  4.7473478732448982E-07
  5100   387.60000      0.0000000000000000E+00  2.2920664979283921E-06  1.6787436945127713E+01  2.2003952892625395E-01  5.4918204923830283E-01  6.4266473867815003E-07
  5110   388.36000      0.0000000000000000E+00  2.3793029694655195E-06  1.6810684530447332E+01  2.2690113247007984E-01  5.4472221321536973E-01  6.1566316994266466E-07
  5120   389.12000      0.0000000000000000E+00  2.4103055437342763E-06  1.6827036517519662E+01  2.3692844577757552E-01  5.5177045721213402E-01  5.9011256530450900E-07
  5130   389.88000      0.0000000000000000E+00  2.3529030915112075E-06  1.6857505498089900E+01  2.5441746940119792E-01  5.6108172123292288E-01  5.1829621399774775E-07
  5140   390.64000      0.0000000000000000E+00  2.3513061827798446E-06  1.6901307830783669E+01  2.5310550179173436E-01  5.8914274905078079E-01  7.1629731867755355E-07
  5150   391.40000      0.0000000000000000E+00  2.3982932228803677E-06  1.6931744514552193E+01  2.2655157912875271E-01  5.9223519477868669E-01  4.9671599716544052E-07
  5160   392.16000      0.0000000000000000E+00  2.5142256865757315E-06  1.6951523445909480E+01  2.1822963168582621E-01  5.3941694276089158E-01  7.4077917843446229E-07
  5170   392.92000      0.0000000000000000E+00  2.5442805188826378E-06  1.6947847261871434E+01  2.5307204648081250E-01  5.1752910301567878E-01  5.2104386333011939E-07
  5180   393.68000      0.0000000000000000E+00  2.4549436313317595E-06  1.6944066959633314E+01  2.6312474278813347E-01  5.4881689443752391E-01  5.3572383533201285E-07
  5190   394.44000      0.0000000000000000E+00  2.4781139945680971E-06  1.6961686563914931E+01  2.4208580481779984E-01  5.8612245561973531E-01  5.2962335233211504E-07
  5200   395.20000      0.0000000000000000E+00  2.2731836710244617E-06  1.6983066039973398E+01  2.1505615246806667E-01  5.7853404169821454E-01  6.5183782582677397E-07
  5210   395.96000      0.0000000000000000E+00  2.3789897303814848E-06  1.6979703449149643E+01  2.3950030250142895E-01  5.6576009167939278E-01  4.8638043057384192E-07
  5220   396.72000      0.0000000000000000E+00  2.4731168365837190E-06  1.6968839480513328E+01  2.6512871155956641E-01  5.6334098629894236E-01  5.5244570855850970E-07
  5230   397.48000      0.0000000000000000E+00  2.4102010569235309E-06  1.6972206663321064E+01  2.7387067657468378E-01  5.4289525814247641E-01  6.6199970528253172E-07
  5240   398.24000      0.0000000000000000E+00  2.3605002633348036E-06  1.6983814772202813E+01  2.5958089838284565E-01  5.4164813020155211E-01  5.7167676360853849E-07
  5250   399.00000      0.0000000000000000E+00  2.4404549921218613E-06  1.7004085916894894E+01  2.5859811373160507E-01  5.7825387081874990E-01  6.3679656926379288E-07
  5260   399.76000      0.0000000000000000E+00  2.6201135520525552E-06  1.7050148265923024E+01  2.7441004613209130E-01  5.6907768381866963E-01  6.2536752216501166E-07
