! Kinetic energy for species "ions"
  Iter        Time          Total Par.             Kin. Energy
     0   0.0000000            1024000  3.6004629591988859E+01
    10  0.76000000            1026795  3.6104451227837110E+01
    20   1.5200000            1029591  3.6213846119556884E+01
    30   2.2800000            1032386  3.6338861281412782E+01
    40   3.0400000            1035181  3.6477988910580962E+01
    50   3.8000000            1037977  3.6612835040044402E+01
    60   4.5600000            1040772  3.6718426513049003E+01
    70   5.3200000            1043567  3.6780168602271928E+01
    80   6.0800000            1046363  3.6807863340302987E+01
    90   6.8400000            1049158  3.6835584915717341E+01
   100   7.6000000            1051953  3.6901994890273365E+01
   110   8.3600000            1054749  3.7023418780664734E+01
   120   9.1200000            1057544  3.7185464771150805E+01
   130   9.8800000            1060339  3.7351161768818521E+01
   140   10.640000            1063135  3.7476700375544951E+01
   150   11.400000            1065930  3.7542741381189991E+01
   160   12.160000            1068725  3.7562864006348875E+01
   170   12.920000            1071521  3.7577524778613508E+01
   180   13.680000            1074316  3.7625316293588575E+01
   190   14.440000            1077111  3.7712691314246136E+01
   200   15.200000            1079907  3.7824794858009781E+01
   210   15.960000            1082702  3.7939503993023109E+01
   220   16.720000            1085497  3.8044758658419624E+01
   230   17.480000            1088292  3.8132048115323883E+01
   240   18.240000            1091088  3.8209105342012180E+01
   250   19.000000            1093883  3.8279810963607098E+01
   260   19.760000            1096678  3.8339189624859578E+01
   270   20.520000            1099474  3.8394605575471871E+01
   280   21.280000            1102269  3.8453649638351330E+01
   290   22.040000            1105064  3.8518389240458816E+01
   300   22.800000            1107860  3.8595046422320166E+01
   310   23.560000            1110655  3.8691999723243597E+01
   320   24.320000            1113450  3.8818589893802162E+01
   330   25.080000            1116246  3.8957867979603279E+01
   340   25.840000            1119041  3.9071790765442387E+01
   350   26.600000            1121836  3.9126720427951135E+01
   360   27.360000            1124632  3.9124859373972200E+01
   370   28.120000            1127427  3.9116451610095041E+01
   380   28.880000            1130222  3.9150323124031601E+01
   390   29.640000            1133018  3.9239621960782145E+01
   400   30.400000            1135813  3.9358233151102297E+01
   410   31.160000            1138608  3.9468330630351630E+01
   420   31.920000            1141404  3.9556220227341250E+01
   430   32.680000            1144199  3.9621954602642305E+01
   440   33.440000            1146994  3.9674298168268251E+01
   450   34.200000            1149790  3.9704415633293280E+01
   460   34.960000            1152585  3.9716903165043007E+01
   470   35.720000            1155380  3.9733539350719987E+01
   480   36.480000            1158175  3.9772795079571189E+01
   490   37.240000            1160971  3.9844483294978311E+01
   500   38.000000            1163766  3.9935423993584337E+01
   510   38.760000            1166561  4.0022574488885098E+01
   520   39.520000            1169357  4.0093799689101665E+01
   530   40.280000            1172152  4.0152874776389375E+01
   540   41.040000            1174947  4.0199371888270221E+01
   550   41.800000            1177743  4.0229347097142899E+01
   560   42.560000            1180538  4.0240812272616189E+01
   570   43.320000            1183333  4.0244530343697853E+01
   580   44.080000            1186129  4.0267897630290470E+01
   590   44.840000            1188924  4.0335409370022255E+01
   600   45.600000            1191719  4.0435962108422530E+01
   610   46.360000            1194515  4.0539808125110845E+01
   620   47.120000            1197310  4.0623707929009839E+01
   630   47.880000            1200105  4.0672075981644774E+01
   640   48.640000            1202901  4.0685660191037101E+01
   650   49.400000            1205696  4.0688582422198202E+01
   660   50.160000            1208491  4.0704366038515040E+01
   670   50.920000            1211287  4.0746781641093015E+01
   680   51.680000            1214082  4.0828701584824969E+01
   690   52.440000            1216877  4.0941164694568435E+01
   700   53.200000            1219673  4.1058202707098694E+01
   710   53.960000            1222468  4.1158370870381923E+01
   720   54.720000            1225263  4.1232328788065693E+01
   730   55.480000            1228058  4.1281395605090353E+01
   740   56.240000            1230854  4.1325175330449774E+01
   750   57.000000            1233649  4.1381699619880237E+01
   760   57.760000            1236444  4.1445619629934427E+01
   770   58.520000            1239240  4.1506420503898340E+01
   780   59.280000            1242035  4.1555066338156280E+01
   790   60.040000            1244830  4.1613959190594521E+01
   800   60.800000            1247626  4.1690757088302774E+01
   810   61.560000            1250421  4.1772666354327555E+01
   820   62.320000            1253216  4.1830564448700478E+01
   830   63.080000            1256012  4.1841929077813617E+01
   840   63.840000            1258807  4.1813257031712858E+01
   850   64.600000            1261602  4.1768150489848935E+01
   860   65.360000            1264398  4.1746132494716058E+01
   870   66.120000            1267193  4.1757254835329320E+01
   880   66.880000            1269988  4.1792057565029374E+01
   890   67.640000            1272784  4.1848282288396248E+01
   900   68.400000            1275579  4.1897770377978524E+01
   910   69.160000            1278374  4.1950562736782125E+01
   920   69.920000            1281170  4.1995658127160240E+01
   930   70.680000            1283965  4.1998392765274730E+01
   940   71.440000            1286760  4.1984388769475061E+01
   950   72.200000            1289556  4.1981322050104566E+01
   960   72.960000            1292351  4.2031768969559359E+01
   970   73.720000            1295146  4.2124234702441562E+01
   980   74.480000            1297941  4.2210066179466864E+01
   990   75.240000            1300737  4.2278494642533154E+01
  1000   76.000000            1303532  4.2332597440216780E+01
  1010   76.760000            1306327  4.2393968901580969E+01
  1020   77.520000            1309123  4.2461374315955105E+01
  1030   78.280000            1311918  4.2510192284400127E+01
  1040   79.040000            1314713  4.2538914252060863E+01
  1050   79.800000            1317509  4.2557127924658914E+01
  1060   80.560000            1320304  4.2594143114454653E+01
  1070   81.320000            1323099  4.2660752165818366E+01
  1080   82.080000            1325895  4.2743693036862766E+01
  1090   82.840000            1328690  4.2845472591797076E+01
  1100   83.600000            1331485  4.2948636780104366E+01
  1110   84.360000            1334281  4.3040558790191781E+01
  1120   85.120000            1337076  4.3112126811522678E+01
  1130   85.880000            1339871  4.3152571247192981E+01
  1140   86.640000            1342667  4.3195174891852204E+01
  1150   87.400000            1345462  4.3276853770140114E+01
  1160   88.160000            1348257  4.3400436063551012E+01
  1170   88.920000            1351053  4.3560234763024205E+01
  1180   89.680000            1353848  4.3734768596126465E+01
  1190   90.440000            1356643  4.3891853546248626E+01
  1200   91.200000            1359439  4.4038772690323498E+01
  1210   91.960000            1362234  4.4171314483185789E+01
  1220   92.720000            1365029  4.4283033734823832E+01
  1230   93.480000            1367824  4.4404327168105205E+01
  1240   94.240000            1370620  4.4552317642434843E+01
  1250   95.000000            1373415  4.4699401771772436E+01
  1260   95.760000            1376210  4.4833949759198362E+01
  1270   96.520000            1379006  4.4971253296024670E+01
  1280   97.280000            1381801  4.5128852764620142E+01
  1290   98.040000            1384596  4.5305373416574426E+01
  1300   98.800000            1387392  4.5470013416029055E+01
  1310   99.560000            1390187  4.5589828835750232E+01
  1320   100.32000            1392982  4.5680556133254456E+01
  1330   101.08000            1395778  4.5764747900939376E+01
  1340   101.84000            1398573  4.5845397954503618E+01
  1350   102.60000            1401368  4.5926956519154999E+01
  1360   103.36000            1404164  4.6035526442679306E+01
  1370   104.12000            1406959  4.6183307096640547E+01
  1380   104.88000            1409754  4.6338746469509275E+01
  1390   105.64000            1412550  4.6458196434922243E+01
  1400   106.40000            1415345  4.6535093980354823E+01
  1410   107.16000            1418140  4.6586662585828790E+01
  1420   107.92000            1420936  4.6638820834458961E+01
  1430   108.68000            1423731  4.6715580293128490E+01
  1440   109.44000            1426526  4.6814554123429815E+01
  1450   110.20000            1429322  4.6917021597862259E+01
  1460   110.96000            1432117  4.7017629289250628E+01
  1470   111.72000            1434912  4.7116727361427593E+01
  1480   112.48000            1437707  4.7217014024689163E+01
  1490   113.24000            1440503  4.7318565235895065E+01
  1500   114.00000            1443298  4.7410196071819954E+01
  1510   114.76000            1446093  4.7475090158960086E+01
  1520   115.52000            1448889  4.7515716446514844E+01
  1530   116.28000            1451684  4.7549566595133570E+01
  1540   117.04000            1454479  4.7600744636259648E+01
  1550   117.80000            1457275  4.7684337894750854E+01
  1560   118.56000            1460070  4.7781099481412923E+01
  1570   119.32000            1462865  4.7876245700609694E+01
  1580   120.08000            1465661  4.7965919921435599E+01
  1590   120.84000            1468456  4.8036871318422477E+01
  1600   121.60000            1471251  4.8093298517391148E+01
  1610   122.36000            1474047  4.8147650685683608E+01
  1620   123.12000            1476842  4.8191148391568539E+01
  1630   123.88000            1479637  4.8222798794075601E+01
  1640   124.64000            1482433  4.8270956088023361E+01
  1650   125.40000            1485228  4.8348828715480586E+01
  1660   126.16000            1488023  4.8436320595689843E+01
  1670   126.92000            1490819  4.8529323542786408E+01
  1680   127.68000            1493614  4.8608036593384384E+01
  1690   128.44000            1496409  4.8650821206420460E+01
  1700   129.20000            1499205  4.8667129509521835E+01
  1710   129.96000            1502000  4.8690235938076469E+01
  1720   130.72000            1504795  4.8728158303201816E+01
  1730   131.48000            1507590  4.8778191014547900E+01
  1740   132.24000            1510386  4.8861111607995021E+01
  1750   133.00000            1513181  4.8954380214158839E+01
  1760   133.76000            1515976  4.9046159907857138E+01
  1770   134.52000            1518772  4.9143668940933182E+01
  1780   135.28000            1521567  4.9242788411562138E+01
  1790   136.04000            1524362  4.9346862216878044E+01
  1800   136.80000            1527158  4.9452096514777139E+01
  1810   137.56000            1529953  4.9539956735447902E+01
  1820   138.32000            1532748  4.9591875908407282E+01
  1830   139.08000            1535544  4.9642206507849231E+01
  1840   139.84000            1538339  4.9727591546469270E+01
  1850   140.60000            1541134  4.9834917456073725E+01
  1860   141.36000            1543930  4.9944645235973752E+01
  1870   142.12000            1546725  5.0048909758257302E+01
  1880   142.88000            1549520  5.0132878472903826E+01
  1890   143.64000            1552316  5.0181817151104433E+01
  1900   144.40000            1555111  5.0187154040851539E+01
  1910   145.16000            1557906  5.0191937215025909E+01
  1920   145.92000            1560702  5.0245692532561449E+01
  1930   146.68000            1563497  5.0302865899250293E+01
  1940   147.44000            1566292  5.0351393245201017E+01
  1950   148.20000            1569088  5.0405090257612294E+01
  1960   148.96000            1571883  5.0459519847973567E+01
  1970   149.72000            1574678  5.0527413131344929E+01
  1980   150.48000            1577473  5.0605869262807268E+01
  1990   151.24000            1580269  5.0666159342830738E+01
  2000   152.00000            1583064  5.0692900057318631E+01
  2010   152.76000            1585859  5.0729561732512593E+01
  2020   153.52000            1588655  5.0803382606719026E+01
  2030   154.28000            1591450  5.0891567569016345E+01
  2040   155.04000            1594245  5.0957141102516459E+01
  2050   155.80000            1597041  5.1017839368584994E+01
  2060   156.56000            1599836  5.1106646908536597E+01
  2070   157.32000            1602631  5.1199725982958114E+01
  2080   158.08000            1605427  5.1279848308314833E+01
  2090   158.84000            1608222  5.1342555701529065E+01
  2100   159.60000            1611017  5.1375503574317960E+01
  2110   160.36000            1613813  5.1412504705883840E+01
  2120   161.12000            1616608  5.1479835266295751E+01
  2130   161.88000            1619403  5.1563446815620821E+01
  2140   162.64000            1622199  5.1657643703089235E+01
  2150   163.40000            1624994  5.1754831381369648E+01
  2160   164.16000            1627789  5.1835037250115747E+01
  2170   164.92000            1630585  5.1896741572013312E+01
  2180   165.68000            1633380  5.1954387138418817E+01
  2190   166.44000            1636175  5.2002664864583252E+01
  2200   167.20000            1638971  5.2054551905353620E+01
  2210   167.96000            1641766  5.2116410735561544E+01
  2220   168.72000            1644561  5.2175798898498869E+01
  2230   169.48000            1647356  5.2224663840962101E+01
  2240   170.24000            1650152  5.2280112860724557E+01
  2250   171.00000            1652947  5.2355717297203817E+01
  2260   171.76000            1655742  5.2446366443375211E+01
  2270   172.52000            1658538  5.2538951864550548E+01
  2280   173.28000            1661333  5.2608840031714088E+01
  2290   174.04000            1664128  5.2655951915035203E+01
  2300   174.80000            1666924  5.2707145186679540E+01
  2310   175.56000            1669719  5.2779157737972000E+01
  2320   176.32000            1672514  5.2864662963962431E+01
  2330   177.08000            1675310  5.2957232010429031E+01
  2340   177.84000            1678105  5.3060040296125266E+01
  2350   178.60000            1680900  5.3146731350973688E+01
  2360   179.36000            1683696  5.3217712179752290E+01
  2370   180.12000            1686491  5.3285858973793346E+01
  2380   180.88000            1689286  5.3338458350958632E+01
  2390   181.64000            1692082  5.3386613805032802E+01
  2400   182.40000            1694877  5.3433015166362722E+01
  2410   183.16000            1697672  5.3470351401958681E+01
  2420   183.92000            1700468  5.3517528531753960E+01
  2430   184.68000            1703263  5.3595146799641178E+01
  2440   185.44000            1706058  5.3690569798633561E+01
  2450   186.20000            1708854  5.3790318744054083E+01
  2460   186.96000            1711649  5.3862833235258755E+01
  2470   187.72000            1714444  5.3913548690222640E+01
  2480   188.48000            1717240  5.3986343251654141E+01
  2490   189.24000            1720035  5.4073213957883276E+01
  2500   190.00000            1722830  5.4157566446795883E+01
  2510   190.76000            1725625  5.4245097570349301E+01
  2520   191.52000            1728421  5.4330297440895791E+01
  2530   192.28000            1731216  5.4400989663406811E+01
  2540   193.04000            1734011  5.4478934197169892E+01
  2550   193.80000            1736807  5.4574934868091525E+01
  2560   194.56000            1739602  5.4650941246443743E+01
  2570   195.32000            1742397  5.4703533573629457E+01
  2580   196.08000            1745193  5.4752109581939486E+01
  2590   196.84000            1747988  5.4776256611014809E+01
  2600   197.60000            1750783  5.4803293882175069E+01
  2610   198.36000            1753579  5.4866269881685128E+01
  2620   199.12000            1756374  5.4953878250467952E+01
  2630   199.88000            1759169  5.5021474946448905E+01
  2640   200.64000            1761965  5.5066161703486941E+01
  2650   201.40000            1764760  5.5128901711731388E+01
  2660   202.16000            1767555  5.5233377569131704E+01
  2670   202.92000            1770351  5.5328102173096084E+01
  2680   203.68000            1773146  5.5377769104998904E+01
  2690   204.44000            1775941  5.5421094902466677E+01
  2700   205.20000            1778737  5.5479888931177797E+01
  2710   205.96000            1781532  5.5567808843068690E+01
  2720   206.72000            1784327  5.5657718393953800E+01
  2730   207.48000            1787123  5.5720625951225799E+01
  2740   208.24000            1789918  5.5756412807039005E+01
  2750   209.00000            1792713  5.5800073539285250E+01
  2760   209.76000            1795508  5.5868220891219494E+01
  2770   210.52000            1798304  5.5917035629678537E+01
  2780   211.28000            1801099  5.5935925338039475E+01
  2790   212.04000            1803894  5.5953605631667436E+01
  2800   212.80000            1806690  5.6000634152518217E+01
  2810   213.56000            1809485  5.6069506789670292E+01
  2820   214.32000            1812280  5.6136228785457590E+01
  2830   215.08000            1815076  5.6197141708630681E+01
  2840   215.84000            1817871  5.6259289394628482E+01
  2850   216.60000            1820666  5.6326153130121270E+01
  2860   217.36000            1823462  5.6393274337036203E+01
  2870   218.12000            1826257  5.6454858180383972E+01
  2880   218.88000            1829052  5.6502572045889934E+01
  2890   219.64000            1831848  5.6544040676286933E+01
  2900   220.40000            1834643  5.6580537178411639E+01
  2910   221.16000            1837438  5.6612905804702656E+01
  2920   221.92000            1840234  5.6654778352129185E+01
  2930   222.68000            1843029  5.6718536576097414E+01
  2940   223.44000            1845824  5.6769644637600059E+01
  2950   224.20000            1848620  5.6797647260214141E+01
  2960   224.96000            1851415  5.6848634521167462E+01
  2970   225.72000            1854210  5.6959824299365842E+01
  2980   226.48000            1857006  5.7064616925753754E+01
  2990   227.24000            1859801  5.7166301841389426E+01
  3000   228.00000            1862596  5.7294823976766892E+01
  3010   228.76000            1865391  5.7449288438535554E+01
  3020   229.52000            1868187  5.7609821431954266E+01
  3030   230.28000            1870982  5.7758513761996049E+01
  3040   231.04000            1873777  5.7905379427809230E+01
  3050   231.80000            1876573  5.8039774154162970E+01
  3060   232.56000            1879368  5.8146192673643284E+01
  3070   233.32000            1882163  5.8247393642680812E+01
  3080   234.08000            1884959  5.8374046890144164E+01
  3090   234.84000            1887754  5.8531047946745005E+01
  3100   235.60000            1890549  5.8679857302781180E+01
  3110   236.36000            1893345  5.8813263370846975E+01
  3120   237.12000            1896140  5.8925810713123134E+01
  3130   237.88000            1898935  5.9031434061689254E+01
  3140   238.64000            1901731  5.9144210503631271E+01
  3150   239.40000            1904526  5.9256189339707490E+01
  3160   240.16000            1907321  5.9355221549413926E+01
  3170   240.92000            1910117  5.9462711234836625E+01
  3180   241.68000            1912912  5.9597157356553708E+01
  3190   242.44000            1915707  5.9729230975340855E+01
  3200   243.20000            1918503  5.9839954786063728E+01
  3210   243.96000            1921298  5.9929020079405277E+01
  3220   244.72000            1924093  6.0004362405882269E+01
  3230   245.48000            1926889  6.0109886150360417E+01
  3240   246.24000            1929684  6.0252790898116544E+01
  3250   247.00000            1932479  6.0375333786001136E+01
  3260   247.76000            1935274  6.0447566241259025E+01
  3270   248.52000            1938070  6.0505464224846783E+01
  3280   249.28000            1940865  6.0577603393440739E+01
  3290   250.04000            1943660  6.0660588850009873E+01
  3300   250.80000            1946456  6.0742098472228363E+01
  3310   251.56000            1949251  6.0811248074811473E+01
  3320   252.32000            1952046  6.0854482180863243E+01
  3330   253.08000            1954842  6.0895595175883010E+01
  3340   253.84000            1957637  6.0951675308673074E+01
  3350   254.60000            1960432  6.1012491573396673E+01
  3360   255.36000            1963228  6.1059567706839744E+01
  3370   256.12000            1966023  6.1080818305046293E+01
  3380   256.88000            1968818  6.1097807702738365E+01
  3390   257.64000            1971614  6.1118873711747320E+01
  3400   258.40000            1974409  6.1144610553842753E+01
  3410   259.16000            1977204  6.1160378705769538E+01
  3420   259.92000            1980000  6.1164939533586448E+01
  3430   260.68000            1982795  6.1185235593004975E+01
  3440   261.44000            1985590  6.1228517343345892E+01
  3450   262.20000            1988386  6.1275086898985776E+01
  3460   262.96000            1991181  6.1319640522416947E+01
  3470   263.72000            1993976  6.1354321684293808E+01
  3480   264.48000            1996772  6.1405698957626470E+01
  3490   265.24000            1999567  6.1500443419358049E+01
  3500   266.00000            2002362  6.1605371147544368E+01
  3510   266.76000            2005157  6.1715970826046259E+01
  3520   267.52000            2007953  6.1847409294324500E+01
  3530   268.28000            2010748  6.1958957086315799E+01
  3540   269.04000            2013543  6.2049654671014409E+01
  3550   269.80000            2016339  6.2142676314049140E+01
  3560   270.56000            2019134  6.2273910314315629E+01
  3570   271.32000            2021929  6.2430881649674376E+01
  3580   272.08000            2024725  6.2570292011743668E+01
  3590   272.84000            2027520  6.2674492969266197E+01
  3600   273.60000            2030315  6.2768725321675873E+01
  3610   274.36000            2033111  6.2890664490751774E+01
  3620   275.12000            2035906  6.3004771581748926E+01
  3630   275.88000            2038701  6.3089953000057918E+01
  3640   276.64000            2041497  6.3157843414094586E+01
  3650   277.40000            2044292  6.3223164842115835E+01
  3660   278.16000            2047087  6.3317380392191147E+01
  3670   278.92000            2049883  6.3400992649801942E+01
  3680   279.68000            2052678  6.3468221456881594E+01
  3690   280.44000            2055473  6.3543525460265542E+01
  3700   281.20000            2058269  6.3622130207782511E+01
  3710   281.96000            2061064  6.3714401576138158E+01
  3720   282.72000            2063859  6.3826891289675523E+01
  3730   283.48000            2066655  6.3935216312125561E+01
  3740   284.24000            2069450  6.4038999433857512E+01
  3750   285.00000            2072245  6.4119766175090078E+01
  3760   285.76000            2075040  6.4191914612761181E+01
  3770   286.52000            2077836  6.4304319244699172E+01
  3780   287.28000            2080631  6.4424562822660462E+01
  3790   288.04000            2083426  6.4508511087982441E+01
  3800   288.80000            2086222  6.4589958853716865E+01
  3810   289.56000            2089017  6.4690059891380344E+01
  3820   290.32000            2091812  6.4777658812945489E+01
  3830   291.08000            2094608  6.4862032352238330E+01
  3840   291.84000            2097403  6.4950789614300078E+01
  3850   292.60000            2100198  6.5024025708475463E+01
  3860   293.36000            2102994  6.5073144368107052E+01
  3870   294.12000            2105789  6.5124121448713140E+01
  3880   294.88000            2108584  6.5179609626489395E+01
  3890   295.64000            2111380  6.5240870279808988E+01
  3900   296.40000            2114175  6.5319431552543151E+01
  3910   297.16000            2116970  6.5392154013742498E+01
  3920   297.92000            2119766  6.5454563086980855E+01
  3930   298.68000            2122561  6.5522763749009187E+01
  3940   299.44000            2125356  6.5609109253602654E+01
  3950   300.20000            2128152  6.5710548375842890E+01
  3960   300.96000            2130947  6.5808062075884578E+01
  3970   301.72000            2133742  6.5870070989028221E+01
  3980   302.48000            2136538  6.5910526252296023E+01
  3990   303.24000            2139333  6.5970122539894859E+01
  4000   304.00000            2142128  6.6057362725856422E+01
  4010   304.76000            2144923  6.6156001482246154E+01
  4020   305.52000            2147719  6.6257034069193821E+01
  4030   306.28000            2150514  6.6353669318356140E+01
  4040   307.04000            2153309  6.6436189162737520E+01
  4050   307.80000            2156105  6.6516564254402837E+01
  4060   308.56000            2158900  6.6592874235334818E+01
  4070   309.32000            2161695  6.6682473569265497E+01
  4080   310.08000            2164491  6.6799543091960118E+01
  4090   310.84000            2167286  6.6899402453210186E+01
  4100   311.60000            2170081  6.6942678297706152E+01
  4110   312.36000            2172877  6.6951224305298695E+01
  4120   313.12000            2175672  6.6991564935016569E+01
  4130   313.88000            2178467  6.7069335148829410E+01
  4140   314.64000            2181263  6.7131885626972462E+01
  4150   315.40000            2184058  6.7182863023122920E+01
  4160   316.16000            2186853  6.7231002570273091E+01
  4170   316.92000            2189649  6.7303225778724013E+01
  4180   317.68000            2192444  6.7385381865956376E+01
  4190   318.44000            2195239  6.7439994221028499E+01
  4200   319.20000            2198035  6.7488373488987776E+01
  4210   319.96000            2200830  6.7546199607906317E+01
  4220   320.72000            2203625  6.7622204160239079E+01
  4230   321.48000            2206421  6.7726785828757954E+01
  4240   322.24000            2209216  6.7844857285859234E+01
  4250   323.00000            2212011  6.7935033216931402E+01
  4260   323.76000            2214806  6.8001459669677189E+01
  4270   324.52000            2217602  6.8075629701370460E+01
  4280   325.28000            2220397  6.8172341767162962E+01
  4290   326.04000            2223192  6.8298134875354606E+01
  4300   326.80000            2225988  6.8454000358758094E+01
  4310   327.56000            2228783  6.8581854276242026E+01
  4320   328.32000            2231578  6.8648803379619849E+01
  4330   329.08000            2234374  6.8700659605354360E+01
  4340   329.84000            2237169  6.8776930273365352E+01
  4350   330.60000            2239964  6.8874381007005070E+01
  4360   331.36000            2242760  6.8965948488741660E+01
  4370   332.12000            2245555  6.9030523821780179E+01
  4380   332.88000            2248350  6.9073643102902125E+01
  4390   333.64000            2251146  6.9112230730956384E+01
  4400   334.40000            2253941  6.9152149251613693E+01
  4410   335.16000            2256736  6.9199503553259035E+01
  4420   335.92000            2259532  6.9259656778514966E+01
  4430   336.68000            2262327  6.9326930078940137E+01
  4440   337.44000            2265122  6.9404438949375205E+01
  4450   338.20000            2267918  6.9476313082850353E+01
  4460   338.96000            2270713  6.9530969113695690E+01
  4470   339.72000            2273508  6.9581560040004888E+01
  4480   340.48000            2276304  6.9646096096993332E+01
  4490   341.24000            2279099  6.9718526100016078E+01
  4500   342.00000            2281894  6.9813537120752642E+01
  4510   342.76000            2284689  6.9909546469381539E+01
  4520   343.52000            2287485  6.9985320129981204E+01
  4530   344.28000            2290280  7.0053287209108646E+01
  4540   345.04000            2293075  7.0134662208222380E+01
  4550   345.80000            2295871  7.0205254700067840E+01
  4560   346.56000            2298666  7.0258537877376369E+01
  4570   347.32000            2301461  7.0335056359756408E+01
  4580   348.08000            2304257  7.0424565926823178E+01
  4590   348.84000            2307052  7.0499766861992555E+01
  4600   349.60000            2309847  7.0559070025151726E+01
  4610   350.36000            2312643  7.0604445866764848E+01
  4620   351.12000            2315438  7.0642533159384811E+01
  4630   351.88000            2318233  7.0686748337395400E+01
  4640   352.64000            2321029  7.0734281373486823E+01
  4650   353.40000            2323824  7.0755782820398835E+01
  4660   354.16000            2326619  7.0783125968811163E+01
  4670   354.92000            2329415  7.0829100551914138E+01
  4680   355.68000            2332210  7.0867878450568455E+01
  4690   356.44000            2335005  7.0890007668382339E+01
  4700   357.20000            2337801  7.0920388337455037E+01
  4710   357.96000            2340596  7.0988595039008104E+01
  4720   358.72000            2343391  7.1064488590280391E+01
  4730   359.48000            2346187  7.1125207781118434E+01
  4740   360.24000            2348982  7.1187630389496562E+01
  4750   361.00000            2351777  7.1250660169174353E+01
  4760   361.76000            2354572  7.1322261058542210E+01
  4770   362.52000            2357368  7.1408487831589213E+01
  4780   363.28000            2360163  7.1510426148474451E+01
  4790   364.04000            2362958  7.1614142182985034E+01
  4800   364.80000            2365754  7.1688263458089295E+01
  4810   365.56000            2368549  7.1735049296734815E+01
  4820   366.32000            2371344  7.1799390030989798E+01
  4830   367.08000            2374140  7.1917873111212131E+01
  4840   367.84000            2376935  7.2058349414073447E+01
  4850   368.60000            2379730  7.2194228709104564E+01
  4860   369.36000            2382526  7.2308334949539571E+01
  4870   370.12000            2385321  7.2405545754034833E+01
  4880   370.88000            2388116  7.2511425966068160E+01
  4890   371.64000            2390912  7.2638271188464543E+01
  4900   372.40000            2393707  7.2763866524292510E+01
  4910   373.16000            2396502  7.2879466686024344E+01
  4920   373.92000            2399298  7.2995662884545467E+01
  4930   374.68000            2402093  7.3114495888477549E+01
  4940   375.44000            2404888  7.3243854952584542E+01
  4950   376.20000            2407684  7.3363841595286715E+01
  4960   376.96000            2410479  7.3452130053288016E+01
  4970   377.72000            2413274  7.3535658686940835E+01
  4980   378.48000            2416070  7.3624323308465520E+01
  4990   379.24000            2418865  7.3705021429820263E+01
  5000   380.00000            2421660  7.3802616708313948E+01
  5010   380.76000            2424455  7.3899325491536558E+01
  5020   381.52000            2427251  7.3972515469938926E+01
  5030   382.28000            2430046  7.4027582438707043E+01
  5040   383.04000            2432841  7.4081164440107017E+01
  5050   383.80000            2435637  7.4145180784227136E+01
  5060   384.56000            2438432  7.4256555757594526E+01
  5070   385.32000            2441227  7.4369858590944730E+01
  5080   386.08000            2444023  7.4454395653669920E+01
  5090   386.84000            2446818  7.4517641839162749E+01
  5100   387.60000            2449613  7.4581215972069160E+01
  5110   388.36000            2452409  7.4668058481120809E+01
  5120   389.12000            2455204  7.4763505153554121E+01
  5130   389.88000            2457999  7.4840575635164882E+01
  5140   390.64000            2460795  7.4919845735097624E+01
  5150   391.40000            2463590  7.5010155055217410E+01
  5160   392.16000            2466385  7.5102405629200490E+01
  5170   392.92000            2469181  7.5188412788204317E+01
  5180   393.68000            2471976  7.5266559532551696E+01
  5190   394.44000            2474771  7.5356694677076121E+01
  5200   395.20000            2477567  7.5472848723743979E+01
  5210   395.96000            2480362  7.5607654589458178E+01
  5220   396.72000            2483157  7.5699175385163102E+01
  5230   397.48000            2485953  7.5751343894717706E+01
  5240   398.24000            2488748  7.5819210287373551E+01
  5250   399.00000            2491543  7.5904508905527621E+01
  5260   399.76000            2494338  7.5982311654137561E+01
