! Kinetic energy for species "electrons"
  Iter        Time          Total Par.             Kin. Energy
     0   0.0000000            1024000  1.6611264231366811E+00
    10  0.76000000            1025908  1.6641139561814322E+00
    20   1.5200000            1027815  1.6670972862710083E+00
    30   2.2800000            1029723  1.6701526456103857E+00
    40   3.0400000            1031631  1.6733562551468950E+00
    50   3.8000000            1033539  1.6765559323784058E+00
    60   4.5600000            1035447  1.6796574035532434E+00
    70   5.3200000            1037354  1.6826234240398983E+00
    80   6.0800000            1039262  1.6855377935688691E+00
    90   6.8400000            1041170  1.6885534610068578E+00
   100   7.6000000            1043078  1.6916684067389058E+00
   110   8.3600000            1044986  1.6948303970524017E+00
   120   9.1200000            1046894  1.6978953035358841E+00
   130   9.8800000            1048801  1.7008178960494305E+00
   140   10.640000            1050709  1.7035988627627185E+00
   150   11.400000            1052617  1.7060513279396095E+00
   160   12.160000            1054525  1.7079292893831295E+00
   170   12.920000            1056433  1.7094213855579672E+00
   180   13.680000            1058340  1.7119419436904326E+00
   190   14.440000            1060248  1.7158740506466192E+00
   200   15.200000            1062156  1.7185057596478166E+00
   210   15.960000            1064064  1.7225758292401181E+00
   220   16.720000            1065972  1.7246430878832646E+00
   230   17.480000            1067880  1.7259715534260618E+00
   240   18.240000            1069787  1.7251210082899715E+00
   250   19.000000            1071695  1.7266145733644167E+00
   260   19.760000            1073603  1.7319071687080023E+00
   270   20.520000            1075511  1.7410131313952277E+00
   280   21.280000            1077419  1.7443620384258063E+00
   290   22.040000            1079326  1.7445255068269030E+00
   300   22.800000            1081234  1.7459293456863230E+00
   310   23.560000            1083142  1.7489484308170404E+00
   320   24.320000            1085050  1.7548140855532577E+00
   330   25.080000            1086958  1.7636676086970817E+00
   340   25.840000            1088866  1.7694004383942279E+00
   350   26.600000            1090773  1.7664922959737683E+00
   360   27.360000            1092681  1.7637757243826924E+00
   370   28.120000            1094589  1.7645191382414158E+00
   380   28.880000            1096497  1.7653272363195911E+00
   390   29.640000            1098405  1.7661407814821515E+00
   400   30.400000            1100312  1.7677080974938661E+00
   410   31.160000            1102220  1.7719383879440267E+00
   420   31.920000            1104128  1.7749189958860110E+00
   430   32.680000            1106036  1.7796223561903608E+00
   440   33.440000            1107944  1.7886871866662850E+00
   450   34.200000            1109852  1.7928920634126611E+00
   460   34.960000            1111759  1.7939601689786544E+00
   470   35.720000            1113667  1.7984018556298631E+00
   480   36.480000            1115575  1.8040267742091416E+00
   490   37.240000            1117483  1.8095056322036296E+00
   500   38.000000            1119391  1.8129710360552145E+00
   510   38.760000            1121298  1.8167370838463803E+00
   520   39.520000            1123206  1.8209966877409103E+00
   530   40.280000            1125114  1.8253636143844845E+00
   540   41.040000            1127022  1.8278410886696195E+00
   550   41.800000            1128930  1.8291998812210131E+00
   560   42.560000            1130838  1.8307065646614249E+00
   570   43.320000            1132745  1.8327353828503283E+00
   580   44.080000            1134653  1.8360604117613060E+00
   590   44.840000            1136561  1.8388085436512949E+00
   600   45.600000            1138469  1.8413189642119878E+00
   610   46.360000            1140377  1.8450022542141300E+00
   620   47.120000            1142284  1.8498497639823812E+00
   630   47.880000            1144192  1.8528210428547340E+00
   640   48.640000            1146100  1.8571732577710762E+00
   650   49.400000            1148008  1.8636154161734753E+00
   660   50.160000            1149916  1.8662510681183120E+00
   670   50.920000            1151824  1.8670402255596645E+00
   680   51.680000            1153731  1.8684748176101029E+00
   690   52.440000            1155639  1.8698672310187283E+00
   700   53.200000            1157547  1.8716861934930100E+00
   710   53.960000            1159455  1.8736197427205181E+00
   720   54.720000            1161363  1.8774759475547285E+00
   730   55.480000            1163270  1.8823085882180994E+00
   740   56.240000            1165178  1.8852602621872794E+00
   750   57.000000            1167086  1.8879611705043549E+00
   760   57.760000            1168994  1.8920406439103001E+00
   770   58.520000            1170902  1.8942790026986054E+00
   780   59.280000            1172810  1.8941414686848665E+00
   790   60.040000            1174717  1.8954501701060928E+00
   800   60.800000            1176625  1.8962737845191304E+00
   810   61.560000            1178533  1.8995504623036197E+00
   820   62.320000            1180441  1.9024363784957619E+00
   830   63.080000            1182349  1.9047936427803851E+00
   840   63.840000            1184256  1.9073745595421312E+00
   850   64.600000            1186164  1.9083424905336326E+00
   860   65.360000            1188072  1.9098135400420295E+00
   870   66.120000            1189980  1.9118184106381109E+00
   880   66.880000            1191888  1.9154863637373984E+00
   890   67.640000            1193796  1.9183283389318599E+00
   900   68.400000            1195703  1.9189133007544035E+00
   910   69.160000            1197611  1.9197858559792411E+00
   920   69.920000            1199519  1.9223206822051215E+00
   930   70.680000            1201427  1.9264368271276697E+00
   940   71.440000            1203335  1.9267655162453829E+00
   950   72.200000            1205242  1.9291960130598746E+00
   960   72.960000            1207150  1.9346672190802205E+00
   970   73.720000            1209058  1.9383797579269855E+00
   980   74.480000            1210966  1.9391823131250649E+00
   990   75.240000            1212874  1.9398975490285273E+00
  1000   76.000000            1214782  1.9416010603463130E+00
  1010   76.760000            1216689  1.9433781946164093E+00
  1020   77.520000            1218597  1.9477721894859945E+00
  1030   78.280000            1220505  1.9498157798447855E+00
  1040   79.040000            1222413  1.9541709169157628E+00
  1050   79.800000            1224321  1.9593869745525678E+00
  1060   80.560000            1226228  1.9679642975540106E+00
  1070   81.320000            1228136  1.9716441620134284E+00
  1080   82.080000            1230044  1.9765164687481014E+00
  1090   82.840000            1231952  1.9814918415190195E+00
  1100   83.600000            1233860  1.9857514805517025E+00
  1110   84.360000            1235768  1.9843596312986946E+00
  1120   85.120000            1237675  1.9867015456599288E+00
  1130   85.880000            1239583  1.9940531549629583E+00
  1140   86.640000            1241491  1.9973832205721616E+00
  1150   87.400000            1243399  2.0016500011288874E+00
  1160   88.160000            1245307  2.0087959849958064E+00
  1170   88.920000            1247214  2.0141697522301540E+00
  1180   89.680000            1249122  2.0137909583975269E+00
  1190   90.440000            1251030  2.0161072325196043E+00
  1200   91.200000            1252938  2.0215110767705871E+00
  1210   91.960000            1254846  2.0219684570210346E+00
  1220   92.720000            1256754  2.0233950836163146E+00
  1230   93.480000            1258661  2.0289878961225698E+00
  1240   94.240000            1260569  2.0305694739695328E+00
  1250   95.000000            1262477  2.0335463924435739E+00
  1260   95.760000            1264385  2.0379408724246608E+00
  1270   96.520000            1266293  2.0386511435906720E+00
  1280   97.280000            1268200  2.0400626613935668E+00
  1290   98.040000            1270108  2.0411483140333004E+00
  1300   98.800000            1272016  2.0424380836275593E+00
  1310   99.560000            1273924  2.0447942757749029E+00
  1320   100.32000            1275832  2.0483258759530067E+00
  1330   101.08000            1277740  2.0500278121935236E+00
  1340   101.84000            1279647  2.0512641605099704E+00
  1350   102.60000            1281555  2.0546460071013821E+00
  1360   103.36000            1283463  2.0572783681328608E+00
  1370   104.12000            1285371  2.0590547653605080E+00
  1380   104.88000            1287279  2.0626013700943302E+00
  1390   105.64000            1289186  2.0655492431180029E+00
  1400   106.40000            1291094  2.0682861224090869E+00
  1410   107.16000            1293002  2.0712968605366018E+00
  1420   107.92000            1294910  2.0737779029115342E+00
  1430   108.68000            1296818  2.0767314355731372E+00
  1440   109.44000            1298726  2.0795992120086195E+00
  1450   110.20000            1300633  2.0808533888226695E+00
  1460   110.96000            1302541  2.0816866060597063E+00
  1470   111.72000            1304449  2.0839516192420566E+00
  1480   112.48000            1306357  2.0858271479738177E+00
  1490   113.24000            1308265  2.0856083313899751E+00
  1500   114.00000            1310172  2.0869613066662835E+00
  1510   114.76000            1312080  2.0882071922187810E+00
  1520   115.52000            1313988  2.0893478617546237E+00
  1530   116.28000            1315896  2.0930241397659350E+00
  1540   117.04000            1317804  2.0974080840887850E+00
  1550   117.80000            1319712  2.0999409007246284E+00
  1560   118.56000            1321619  2.1038759208039757E+00
  1570   119.32000            1323527  2.1082897535022207E+00
  1580   120.08000            1325435  2.1127903305921358E+00
  1590   120.84000            1327343  2.1184352368672625E+00
  1600   121.60000            1329251  2.1244581012350534E+00
  1610   122.36000            1331158  2.1301944688626717E+00
  1620   123.12000            1333066  2.1352800950413187E+00
  1630   123.88000            1334974  2.1380788243646855E+00
  1640   124.64000            1336882  2.1365059854852486E+00
  1650   125.40000            1338790  2.1345571356488726E+00
  1660   126.16000            1340698  2.1356332558776212E+00
  1670   126.92000            1342605  2.1397501306469326E+00
  1680   127.68000            1344513  2.1445316607316500E+00
  1690   128.44000            1346421  2.1510052647232030E+00
  1700   129.20000            1348329  2.1559525435861819E+00
  1710   129.96000            1350237  2.1594800808582155E+00
  1720   130.72000            1352144  2.1636141647433873E+00
  1730   131.48000            1354052  2.1675316870345700E+00
  1740   132.24000            1355960  2.1736861479841907E+00
  1750   133.00000            1357868  2.1772548805624012E+00
  1760   133.76000            1359776  2.1789820816990906E+00
  1770   134.52000            1361684  2.1778180943913363E+00
  1780   135.28000            1363591  2.1793510140944807E+00
  1790   136.04000            1365499  2.1783143099928601E+00
  1800   136.80000            1367407  2.1731851865184457E+00
  1810   137.56000            1369315  2.1749544215175853E+00
  1820   138.32000            1371223  2.1786566438889228E+00
  1830   139.08000            1373130  2.1812026725692073E+00
  1840   139.84000            1375038  2.1854711401602964E+00
  1850   140.60000            1376946  2.1915433451384394E+00
  1860   141.36000            1378854  2.1987091191174764E+00
  1870   142.12000            1380762  2.2040994915175967E+00
  1880   142.88000            1382669  2.2063868299719358E+00
  1890   143.64000            1384577  2.2089852673293837E+00
  1900   144.40000            1386485  2.2119873595795605E+00
  1910   145.16000            1388393  2.2167796885409605E+00
  1920   145.92000            1390301  2.2220225011784778E+00
  1930   146.68000            1392209  2.2265476750263624E+00
  1940   147.44000            1394116  2.2330109703766690E+00
  1950   148.20000            1396024  2.2406638464049844E+00
  1960   148.96000            1397932  2.2450847838575041E+00
  1970   149.72000            1399840  2.2501760426275359E+00
  1980   150.48000            1401748  2.2576807093704931E+00
  1990   151.24000            1403655  2.2631568413912726E+00
  2000   152.00000            1405563  2.2655582672852748E+00
  2010   152.76000            1407471  2.2696414252511232E+00
  2020   153.52000            1409379  2.2730720668102355E+00
  2030   154.28000            1411287  2.2760484089861004E+00
  2040   155.04000            1413195  2.2784909586911803E+00
  2050   155.80000            1415102  2.2793281756826791E+00
  2060   156.56000            1417010  2.2785338870387211E+00
  2070   157.32000            1418918  2.2792350602579150E+00
  2080   158.08000            1420826  2.2806536494238614E+00
  2090   158.84000            1422734  2.2830495676222142E+00
  2100   159.60000            1424641  2.2861225095569648E+00
  2110   160.36000            1426549  2.2860613545627189E+00
  2120   161.12000            1428457  2.2884166261156080E+00
  2130   161.88000            1430365  2.2954701962945729E+00
  2140   162.64000            1432273  2.2992939072837841E+00
  2150   163.40000            1434181  2.3013363736627905E+00
  2160   164.16000            1436088  2.3043797006432771E+00
  2170   164.92000            1437996  2.3045443640611194E+00
  2180   165.68000            1439904  2.3010250108827677E+00
  2190   166.44000            1441812  2.3023794048004964E+00
  2200   167.20000            1443720  2.3032209897782598E+00
  2210   167.96000            1445627  2.3015610646679621E+00
  2220   168.72000            1447535  2.3032051222230727E+00
  2230   169.48000            1449443  2.3061366797940268E+00
  2240   170.24000            1451351  2.3079993762328357E+00
  2250   171.00000            1453259  2.3084606850936260E+00
  2260   171.76000            1455167  2.3092122504428225E+00
  2270   172.52000            1457074  2.3112912404203851E+00
  2280   173.28000            1458982  2.3141892481721564E+00
  2290   174.04000            1460890  2.3167455942354227E+00
  2300   174.80000            1462798  2.3196051955067412E+00
  2310   175.56000            1464706  2.3214308983374488E+00
  2320   176.32000            1466613  2.3220867759603170E+00
  2330   177.08000            1468521  2.3228310427213139E+00
  2340   177.84000            1470429  2.3226995999142388E+00
  2350   178.60000            1472337  2.3229007896844429E+00
  2360   179.36000            1474245  2.3238631955079225E+00
  2370   180.12000            1476153  2.3264086458563424E+00
  2380   180.88000            1478060  2.3297736466692931E+00
  2390   181.64000            1479968  2.3320346375269181E+00
  2400   182.40000            1481876  2.3376676905883502E+00
  2410   183.16000            1483784  2.3412040933923381E+00
  2420   183.92000            1485692  2.3446960794816754E+00
  2430   184.68000            1487599  2.3503024481583217E+00
  2440   185.44000            1489507  2.3558840110578192E+00
  2450   186.20000            1491415  2.3589329005948763E+00
  2460   186.96000            1493323  2.3606272967335014E+00
  2470   187.72000            1495231  2.3615667166469563E+00
  2480   188.48000            1497139  2.3574529350884812E+00
  2490   189.24000            1499046  2.3499743610577895E+00
  2500   190.00000            1500954  2.3476982903243124E+00
  2510   190.76000            1502862  2.3548883905330067E+00
  2520   191.52000            1504770  2.3614694914595482E+00
  2530   192.28000            1506678  2.3629201756932074E+00
  2540   193.04000            1508585  2.3636718792147260E+00
  2550   193.80000            1510493  2.3615389028132485E+00
  2560   194.56000            1512401  2.3650392257118793E+00
  2570   195.32000            1514309  2.3754697669218694E+00
  2580   196.08000            1516217  2.3847031571418755E+00
  2590   196.84000            1518125  2.3928359526247096E+00
  2600   197.60000            1520032  2.3990028606253242E+00
  2610   198.36000            1521940  2.4050238657081482E+00
  2620   199.12000            1523848  2.4105207742103349E+00
  2630   199.88000            1525756  2.4135663768044542E+00
  2640   200.64000            1527664  2.4164048128593287E+00
  2650   201.40000            1529571  2.4191946031397551E+00
  2660   202.16000            1531479  2.4199781098273516E+00
  2670   202.92000            1533387  2.4215587507754948E+00
  2680   203.68000            1535295  2.4237083031553581E+00
  2690   204.44000            1537203  2.4247704989355254E+00
  2700   205.20000            1539111  2.4269181357739198E+00
  2710   205.96000            1541018  2.4307912891517516E+00
  2720   206.72000            1542926  2.4324682743552208E+00
  2730   207.48000            1544834  2.4328843080491356E+00
  2740   208.24000            1546742  2.4353987569713715E+00
  2750   209.00000            1548650  2.4389456279228368E+00
  2760   209.76000            1550557  2.4425921682912692E+00
  2770   210.52000            1552465  2.4475854127292518E+00
  2780   211.28000            1554373  2.4518090523352272E+00
  2790   212.04000            1556281  2.4560392655483834E+00
  2800   212.80000            1558189  2.4602601884417661E+00
  2810   213.56000            1560097  2.4630868613029273E+00
  2820   214.32000            1562004  2.4658188963061267E+00
  2830   215.08000            1563912  2.4701596850206982E+00
  2840   215.84000            1565820  2.4729149329240432E+00
  2850   216.60000            1567728  2.4739246313877041E+00
  2860   217.36000            1569636  2.4762335331449012E+00
  2870   218.12000            1571543  2.4821171251058436E+00
  2880   218.88000            1573451  2.4867659371111031E+00
  2890   219.64000            1575359  2.4880000925339343E+00
  2900   220.40000            1577267  2.4908636156503232E+00
  2910   221.16000            1579175  2.4945597192953652E+00
  2920   221.92000            1581083  2.4949893021592358E+00
  2930   222.68000            1582990  2.5018261147458172E+00
  2940   223.44000            1584898  2.5108861898533674E+00
  2950   224.20000            1586806  2.5172939934497602E+00
  2960   224.96000            1588714  2.5238363249142508E+00
  2970   225.72000            1590622  2.5268562431869714E+00
  2980   226.48000            1592529  2.5270708370050703E+00
  2990   227.24000            1594437  2.5310744333681461E+00
  3000   228.00000            1596345  2.5312865422799078E+00
  3010   228.76000            1598253  2.5293256721635755E+00
  3020   229.52000            1600161  2.5289667464944721E+00
  3030   230.28000            1602069  2.5295826442792384E+00
  3040   231.04000            1603976  2.5266588852565448E+00
  3050   231.80000            1605884  2.5267171473813428E+00
  3060   232.56000            1607792  2.5323289839230840E+00
  3070   233.32000            1609700  2.5372561588698836E+00
  3080   234.08000            1611608  2.5399412244567308E+00
  3090   234.84000            1613515  2.5431670152628754E+00
  3100   235.60000            1615423  2.5448517821032333E+00
  3110   236.36000            1617331  2.5453014719730058E+00
  3120   237.12000            1619239  2.5445082854728707E+00
  3130   237.88000            1621147  2.5455604055206309E+00
  3140   238.64000            1623055  2.5463141364620117E+00
  3150   239.40000            1624962  2.5504654551059844E+00
  3160   240.16000            1626870  2.5559322880927540E+00
  3170   240.92000            1628778  2.5603280266887491E+00
  3180   241.68000            1630686  2.5655276153976896E+00
  3190   242.44000            1632594  2.5734328650607985E+00
  3200   243.20000            1634501  2.5793174326881916E+00
  3210   243.96000            1636409  2.5832055444142927E+00
  3220   244.72000            1638317  2.5884124603048746E+00
  3230   245.48000            1640225  2.5938425851418874E+00
  3240   246.24000            1642133  2.5920177706701377E+00
  3250   247.00000            1644041  2.5931201500655026E+00
  3260   247.76000            1645948  2.5976721878952387E+00
  3270   248.52000            1647856  2.5959371930149944E+00
  3280   249.28000            1649764  2.5984358930902784E+00
  3290   250.04000            1651672  2.6076488315268604E+00
  3300   250.80000            1653580  2.6099922491238856E+00
  3310   251.56000            1655487  2.6123246024644997E+00
  3320   252.32000            1657395  2.6157983529205660E+00
  3330   253.08000            1659303  2.6157402052341965E+00
  3340   253.84000            1661211  2.6142636828155021E+00
  3350   254.60000            1663119  2.6185100283669400E+00
  3360   255.36000            1665027  2.6191845119665262E+00
  3370   256.12000            1666934  2.6179831122546213E+00
  3380   256.88000            1668842  2.6275450598592522E+00
  3390   257.64000            1670750  2.6292235896585292E+00
  3400   258.40000            1672658  2.6289988659493493E+00
  3410   259.16000            1674566  2.6415536015379888E+00
  3420   259.92000            1676473  2.6438992225096190E+00
  3430   260.68000            1678381  2.6462815210620123E+00
  3440   261.44000            1680289  2.6544047922870728E+00
  3450   262.20000            1682197  2.6570632661765639E+00
  3460   262.96000            1684105  2.6582164250422498E+00
  3470   263.72000            1686013  2.6633427216838754E+00
  3480   264.48000            1687920  2.6670251673301610E+00
  3490   265.24000            1689828  2.6661467644612808E+00
  3500   266.00000            1691736  2.6709698394639592E+00
  3510   266.76000            1693644  2.6724433461015549E+00
  3520   267.52000            1695552  2.6716739385105321E+00
  3530   268.28000            1697459  2.6746394504480180E+00
  3540   269.04000            1699367  2.6786115442722935E+00
  3550   269.80000            1701275  2.6779307740819647E+00
  3560   270.56000            1703183  2.6812675242908872E+00
  3570   271.32000            1705091  2.6871547166017899E+00
  3580   272.08000            1706998  2.6860441046585048E+00
  3590   272.84000            1708906  2.6889538660711976E+00
  3600   273.60000            1710814  2.6967957830597147E+00
  3610   274.36000            1712722  2.7004152294298467E+00
  3620   275.12000            1714630  2.7028580861116831E+00
  3630   275.88000            1716538  2.7080457800586459E+00
  3640   276.64000            1718445  2.7111774549175243E+00
  3650   277.40000            1720353  2.7107813831698921E+00
  3660   278.16000            1722261  2.7152308191489052E+00
  3670   278.92000            1724169  2.7203459808370796E+00
  3680   279.68000            1726077  2.7222154560227985E+00
  3690   280.44000            1727984  2.7254033643806430E+00
  3700   281.20000            1729892  2.7288056473656068E+00
  3710   281.96000            1731800  2.7309629134450568E+00
  3720   282.72000            1733708  2.7329782764858130E+00
  3730   283.48000            1735616  2.7352562498564179E+00
  3740   284.24000            1737524  2.7375434900225581E+00
  3750   285.00000            1739431  2.7387145316034927E+00
  3760   285.76000            1741339  2.7428883918255651E+00
  3770   286.52000            1743247  2.7450844297769090E+00
  3780   287.28000            1745155  2.7477763307267109E+00
  3790   288.04000            1747063  2.7531504727719542E+00
  3800   288.80000            1748970  2.7575811037046476E+00
  3810   289.56000            1750878  2.7613754214493333E+00
  3820   290.32000            1752786  2.7659801575713208E+00
  3830   291.08000            1754694  2.7710076014831611E+00
  3840   291.84000            1756602  2.7765181722841006E+00
  3850   292.60000            1758510  2.7780850235483987E+00
  3860   293.36000            1760417  2.7782444348083781E+00
  3870   294.12000            1762325  2.7769274736601792E+00
  3880   294.88000            1764233  2.7718956301930349E+00
  3890   295.64000            1766141  2.7728920978604630E+00
  3900   296.40000            1768049  2.7744527936789956E+00
  3910   297.16000            1769956  2.7756243378099241E+00
  3920   297.92000            1771864  2.7847600638234131E+00
  3930   298.68000            1773772  2.7848873309131208E+00
  3940   299.44000            1775680  2.7875077664983197E+00
  3950   300.20000            1777588  2.7916252428658810E+00
  3960   300.96000            1779496  2.7936278128078733E+00
  3970   301.72000            1781403  2.7975057671272401E+00
  3980   302.48000            1783311  2.8038815363634697E+00
  3990   303.24000            1785219  2.8052444649168549E+00
  4000   304.00000            1787127  2.8069521640518813E+00
  4010   304.76000            1789035  2.8140347708055824E+00
  4020   305.52000            1790942  2.8147522446936892E+00
  4030   306.28000            1792850  2.8182646506342550E+00
  4040   307.04000            1794758  2.8220375163403952E+00
  4050   307.80000            1796666  2.8200092347992101E+00
  4060   308.56000            1798574  2.8245165602558133E+00
  4070   309.32000            1800482  2.8288443298480930E+00
  4080   310.08000            1802389  2.8302557707043006E+00
  4090   310.84000            1804297  2.8343040890594327E+00
  4100   311.60000            1806205  2.8421948772228669E+00
  4110   312.36000            1808113  2.8429360082214212E+00
  4120   313.12000            1810021  2.8462039453965762E+00
  4130   313.88000            1811928  2.8510763112961279E+00
  4140   314.64000            1813836  2.8524487659136453E+00
  4150   315.40000            1815744  2.8556882170464881E+00
  4160   316.16000            1817652  2.8571355521540069E+00
  4170   316.92000            1819560  2.8593652055070549E+00
  4180   317.68000            1821468  2.8630507720912872E+00
  4190   318.44000            1823375  2.8637445099361751E+00
  4200   319.20000            1825283  2.8671862107994928E+00
  4210   319.96000            1827191  2.8726411983283247E+00
  4220   320.72000            1829099  2.8727935789643877E+00
  4230   321.48000            1831007  2.8783537930618248E+00
  4240   322.24000            1832914  2.8836877124938183E+00
  4250   323.00000            1834822  2.8832644366741196E+00
  4260   323.76000            1836730  2.8892531455105992E+00
  4270   324.52000            1838638  2.8966591198664142E+00
  4280   325.28000            1840546  2.8962477282554802E+00
  4290   326.04000            1842454  2.9012693478283360E+00
  4300   326.80000            1844361  2.9069320654558886E+00
  4310   327.56000            1846269  2.9096910071413946E+00
  4320   328.32000            1848177  2.9151386882501900E+00
  4330   329.08000            1850085  2.9197161996763228E+00
  4340   329.84000            1851993  2.9246615702385914E+00
  4350   330.60000            1853900  2.9291903961991808E+00
  4360   331.36000            1855808  2.9339648823835232E+00
  4370   332.12000            1857716  2.9397807997227710E+00
  4380   332.88000            1859624  2.9438901007006644E+00
  4390   333.64000            1861532  2.9531213361620248E+00
  4400   334.40000            1863440  2.9565072508540422E+00
  4410   335.16000            1865347  2.9612453607223355E+00
  4420   335.92000            1867255  2.9675060921766958E+00
  4430   336.68000            1869163  2.9702535672606429E+00
  4440   337.44000            1871071  2.9738913133836551E+00
  4450   338.20000            1872979  2.9743127555750961E+00
  4460   338.96000            1874886  2.9818046999597803E+00
  4470   339.72000            1876794  2.9849308876173488E+00
  4480   340.48000            1878702  2.9875047982905327E+00
  4490   341.24000            1880610  2.9928699677502340E+00
  4500   342.00000            1882518  2.9963931866716269E+00
  4510   342.76000            1884426  3.0011155293833185E+00
  4520   343.52000            1886333  3.0053499610751597E+00
  4530   344.28000            1888241  3.0148999875740508E+00
  4540   345.04000            1890149  3.0201698202107963E+00
  4550   345.80000            1892057  3.0241384841044163E+00
  4560   346.56000            1893965  3.0258451573010201E+00
  4570   347.32000            1895872  3.0322664019160959E+00
  4580   348.08000            1897780  3.0331229584217834E+00
  4590   348.84000            1899688  3.0286050299433422E+00
  4600   349.60000            1901596  3.0267861355819439E+00
  4610   350.36000            1903504  3.0306619659035507E+00
  4620   351.12000            1905412  3.0288309080181097E+00
  4630   351.88000            1907319  3.0243645442298210E+00
  4640   352.64000            1909227  3.0249224637252894E+00
  4650   353.40000            1911135  3.0242937737136812E+00
  4660   354.16000            1913043  3.0234760205865774E+00
  4670   354.92000            1914951  3.0235952490545404E+00
  4680   355.68000            1916858  3.0253035342213686E+00
  4690   356.44000            1918766  3.0286997042160060E+00
  4700   357.20000            1920674  3.0300239772089492E+00
  4710   357.96000            1922582  3.0342319215632454E+00
  4720   358.72000            1924490  3.0404243648019551E+00
  4730   359.48000            1926398  3.0443485204496628E+00
  4740   360.24000            1928305  3.0481582748473013E+00
  4750   361.00000            1930213  3.0514363943603655E+00
  4760   361.76000            1932121  3.0553267176904821E+00
  4770   362.52000            1934029  3.0583890701573884E+00
  4780   363.28000            1935937  3.0611214693061779E+00
  4790   364.04000            1937844  3.0703052133026754E+00
  4800   364.80000            1939752  3.0748129500897403E+00
  4810   365.56000            1941660  3.0767399879908353E+00
  4820   366.32000            1943568  3.0839208126206050E+00
  4830   367.08000            1945476  3.0888480973424635E+00
  4840   367.84000            1947384  3.0923970939971968E+00
  4850   368.60000            1949291  3.1009818397906761E+00
  4860   369.36000            1951199  3.1086511216201349E+00
  4870   370.12000            1953107  3.1107860785310359E+00
  4880   370.88000            1955015  3.1114623878045915E+00
  4890   371.64000            1956923  3.1133309869382524E+00
  4900   372.40000            1958830  3.1185454218400577E+00
  4910   373.16000            1960738  3.1245552483591856E+00
  4920   373.92000            1962646  3.1256397949032806E+00
  4930   374.68000            1964554  3.1240507642226367E+00
  4940   375.44000            1966462  3.1255937166989654E+00
  4950   376.20000            1968370  3.1256286344836917E+00
  4960   376.96000            1970277  3.1231105140695616E+00
  4970   377.72000            1972185  3.1225423840236104E+00
  4980   378.48000            1974093  3.1264650804665397E+00
  4990   379.24000            1976001  3.1302531839793928E+00
  5000   380.00000            1977909  3.1345468732520421E+00
  5010   380.76000            1979816  3.1393039674396643E+00
  5020   381.52000            1981724  3.1421877543933254E+00
  5030   382.28000            1983632  3.1480573711411939E+00
  5040   383.04000            1985540  3.1543105912478295E+00
  5050   383.80000            1987448  3.1570164722170553E+00
  5060   384.56000            1989356  3.1610759350840727E+00
  5070   385.32000            1991263  3.1667764409958870E+00
  5080   386.08000            1993171  3.1701360689569227E+00
  5090   386.84000            1995079  3.1729748552054859E+00
  5100   387.60000            1996987  3.1762260715064992E+00
  5110   388.36000            1998895  3.1778267179534341E+00
  5120   389.12000            2000802  3.1803890099119045E+00
  5130   389.88000            2002710  3.1833435483115506E+00
  5140   390.64000            2004618  3.1828648981372885E+00
  5150   391.40000            2006526  3.1831844718350326E+00
  5160   392.16000            2008434  3.1835372262599173E+00
  5170   392.92000            2010342  3.1822752272635784E+00
  5180   393.68000            2012249  3.1821670903692887E+00
  5190   394.44000            2014157  3.1826418569931607E+00
  5200   395.20000            2016065  3.1828343429042070E+00
  5210   395.96000            2017973  3.1833924314080013E+00
  5220   396.72000            2019881  3.1833655403328396E+00
  5230   397.48000            2021788  3.1838449248347906E+00
  5240   398.24000            2023696  3.1858839858331987E+00
  5250   399.00000            2025604  3.1888636549636620E+00
  5260   399.76000            2027512  3.1908917078955588E+00
  5270   400.52000            2029420  3.1909097239741824E+00
  5280   401.28000            2031328  3.1928098928800246E+00
  5290   402.04000            2033235  3.1975557966261898E+00
  5300   402.80000            2035143  3.2023878540993564E+00
  5310   403.56000            2037051  3.2056845039645832E+00
  5320   404.32000            2038959  3.2120738219741987E+00
  5330   405.08000            2040867  3.2206428800918161E+00
  5340   405.84000            2042774  3.2232130646000612E+00
  5350   406.60000            2044682  3.2279673801186757E+00
  5360   407.36000            2046590  3.2333496679101374E+00
  5370   408.12000            2048498  3.2355753144143322E+00
  5380   408.88000            2050406  3.2361501835677506E+00
  5390   409.64000            2052313  3.2383931234844785E+00
  5400   410.40000            2054221  3.2416137010136428E+00
  5410   411.16000            2056129  3.2433162126201358E+00
  5420   411.92000            2058037  3.2435059618243547E+00
  5430   412.68000            2059945  3.2459409751985566E+00
  5440   413.44000            2061853  3.2492509800878926E+00
  5450   414.20000            2063760  3.2499234264639383E+00
  5460   414.96000            2065668  3.2503729377675228E+00
  5470   415.72000            2067576  3.2499069517276582E+00
  5480   416.48000            2069484  3.2536006259217372E+00
  5490   417.24000            2071392  3.2583703364270535E+00
  5500   418.00000            2073299  3.2602808977327347E+00
  5510   418.76000            2075207  3.2634963970362731E+00
  5520   419.52000            2077115  3.2682577131640898E+00
  5530   420.28000            2079023  3.2710765803115356E+00
  5540   421.04000            2080931  3.2758622981915950E+00
  5550   421.80000            2082839  3.2804012468978501E+00
  5560   422.56000            2084746  3.2818491497530440E+00
  5570   423.32000            2086654  3.2838404483725054E+00
  5580   424.08000            2088562  3.2883905681435857E+00
  5590   424.84000            2090470  3.2933293618740369E+00
  5600   425.60000            2092378  3.2992194942084687E+00
  5610   426.36000            2094285  3.3049155736905309E+00
  5620   427.12000            2096193  3.3092610265934228E+00
  5630   427.88000            2098101  3.3116999222271488E+00
  5640   428.64000            2100009  3.3156191874963770E+00
  5650   429.40000            2101917  3.3211967457931895E+00
  5660   430.16000            2103825  3.3246236584330719E+00
  5670   430.92000            2105732  3.3265200462892239E+00
  5680   431.68000            2107640  3.3303138563933952E+00
  5690   432.44000            2109548  3.3339268133951112E+00
  5700   433.20000            2111456  3.3369400974911847E+00
  5710   433.96000            2113364  3.3405715851115874E+00
  5720   434.72000            2115271  3.3437777676312073E+00
  5730   435.48000            2117179  3.3470424634221190E+00
  5740   436.24000            2119087  3.3515559218139295E+00
  5750   437.00000            2120995  3.3561672089076073E+00
  5760   437.76000            2122903  3.3600153151484546E+00
  5770   438.52000            2124811  3.3638576719489746E+00
  5780   439.28000            2126718  3.3665396901880165E+00
  5790   440.04000            2128626  3.3691768665024684E+00
  5800   440.80000            2130534  3.3720696605026159E+00
  5810   441.56000            2132442  3.3741861894507563E+00
  5820   442.32000            2134350  3.3745426558954796E+00
  5830   443.08000            2136257  3.3758612479240870E+00
  5840   443.84000            2138165  3.3798069260492642E+00
  5850   444.60000            2140073  3.3810652187300825E+00
  5860   445.36000            2141981  3.3829428910354746E+00
  5870   446.12000            2143889  3.3871763251901861E+00
  5880   446.88000            2145797  3.3924561771605477E+00
  5890   447.64000            2147704  3.3951930179425749E+00
  5900   448.40000            2149612  3.3986042476582181E+00
  5910   449.16000            2151520  3.4047304550041191E+00
  5920   449.92000            2153428  3.4086978159394490E+00
  5930   450.68000            2155336  3.4136119591197103E+00
  5940   451.44000            2157243  3.4193975367061022E+00
  5950   452.20000            2159151  3.4222035439371106E+00
  5960   452.96000            2161059  3.4244580317304307E+00
  5970   453.72000            2162967  3.4284853865523832E+00
  5980   454.48000            2164875  3.4310266160007785E+00
  5990   455.24000            2166783  3.4317863332945455E+00
  6000   456.00000            2168690  3.4331588673530717E+00
  6010   456.76000            2170598  3.4362612977487985E+00
  6020   457.52000            2172506  3.4387544246729647E+00
  6030   458.28000            2174414  3.4403667550744830E+00
  6040   459.04000            2176322  3.4433259088214694E+00
  6050   459.80000            2178229  3.4452313422663194E+00
  6060   460.56000            2180137  3.4462657513207389E+00
  6070   461.32000            2182045  3.4505104375730244E+00
  6080   462.08000            2183953  3.4537623494547836E+00
  6090   462.84000            2185861  3.4552346715765792E+00
  6100   463.60000            2187769  3.4594155782673006E+00
  6110   464.36000            2189676  3.4652797901437840E+00
  6120   465.12000            2191584  3.4697406410608105E+00
  6130   465.88000            2193492  3.4733980451154451E+00
  6140   466.64000            2195400  3.4792918070063021E+00
  6150   467.40000            2197308  3.4863550146200080E+00
  6160   468.16000            2199215  3.4913138839429121E+00
  6170   468.92000            2201123  3.4960211200631237E+00
  6180   469.68000            2203031  3.5027949121679427E+00
  6190   470.44000            2204939  3.5068769596955547E+00
  6200   471.20000            2206847  3.5077941353122020E+00
  6210   471.96000            2208755  3.5073641490974059E+00
  6220   472.72000            2210662  3.5063946487038411E+00
  6230   473.48000            2212570  3.5062151863545394E+00
  6240   474.24000            2214478  3.5070536610984080E+00
  6250   475.00000            2216386  3.5086199710479269E+00
  6260   475.76000            2218294  3.5104405178559857E+00
  6270   476.52000            2220201  3.5125607933478435E+00
  6280   477.28000            2222109  3.5150611266580989E+00
  6290   478.04000            2224017  3.5197237420795462E+00
  6300   478.80000            2225925  3.5230974918716083E+00
  6310   479.56000            2227833  3.5285031210322435E+00
  6320   480.32000            2229741  3.5348182443969178E+00
  6330   481.08000            2231648  3.5378130785095410E+00
  6340   481.84000            2233556  3.5412486888610109E+00
  6350   482.60000            2235464  3.5450122693840718E+00
  6360   483.36000            2237372  3.5497647399022032E+00
  6370   484.12000            2239280  3.5545919038907843E+00
  6380   484.88000            2241187  3.5551173225743851E+00
  6390   485.64000            2243095  3.5563529765905297E+00
  6400   486.40000            2245003  3.5628888817314257E+00
  6410   487.16000            2246911  3.5686119922877437E+00
  6420   487.92000            2248819  3.5741201793904382E+00
  6430   488.68000            2250727  3.5796621763848346E+00
  6440   489.44000            2252634  3.5817573815079888E+00
  6450   490.20000            2254542  3.5818234872340851E+00
  6460   490.96000            2256450  3.5840751486508493E+00
  6470   491.72000            2258358  3.5893133410664615E+00
  6480   492.48000            2260266  3.5958935517785569E+00
  6490   493.24000            2262173  3.5994584690309539E+00
  6500   494.00000            2264081  3.6051577156157935E+00
  6510   494.76000            2265989  3.6101822460174122E+00
  6520   495.52000            2267897  3.6133637009153836E+00
  6530   496.28000            2269805  3.6174528903314425E+00
  6540   497.04000            2271713  3.6196697412005627E+00
  6550   497.80000            2273620  3.6237121148044240E+00
  6560   498.56000            2275528  3.6258014776881886E+00
  6570   499.32000            2277436  3.6276807114321143E+00
  6580   500.08000            2279344  3.6329217826599516E+00
  6590   500.84000            2281252  3.6366503816284217E+00
  6600   501.60000            2283159  3.6383053619657488E+00
  6610   502.36000            2285067  3.6418237413527046E+00
  6620   503.12000            2286975  3.6451185127297436E+00
  6630   503.88000            2288883  3.6467199038333460E+00
  6640   504.64000            2290791  3.6474813310362650E+00
  6650   505.40000            2292699  3.6484392877272875E+00
  6660   506.16000            2294606  3.6498189949304658E+00
  6670   506.92000            2296514  3.6516657715069423E+00
  6680   507.68000            2298422  3.6528912941683926E+00
  6690   508.44000            2300330  3.6547484401377472E+00
  6700   509.20000            2302238  3.6575618371916052E+00
  6710   509.96000            2304145  3.6600225192518856E+00
  6720   510.72000            2306053  3.6626772029117971E+00
  6730   511.48000            2307961  3.6665428882391935E+00
  6740   512.24000            2309869  3.6701669863949751E+00
  6750   513.00000            2311777  3.6735211349866210E+00
  6760   513.76000            2313685  3.6762268046032149E+00
  6770   514.52000            2315592  3.6805680302600159E+00
  6780   515.28000            2317500  3.6833210108977519E+00
  6790   516.04000            2319408  3.6836214441891517E+00
  6800   516.80000            2321316  3.6837704932372759E+00
  6810   517.56000            2323224  3.6858031689890529E+00
  6820   518.32000            2325131  3.6879815124031472E+00
  6830   519.08000            2327039  3.6893947438611194E+00
  6840   519.84000            2328947  3.6928162169491721E+00
  6850   520.60000            2330855  3.6953206970940453E+00
  6860   521.36000            2332763  3.6982373550002903E+00
  6870   522.12000            2334671  3.6971994327805944E+00
  6880   522.88000            2336578  3.6974274250933958E+00
  6890   523.64000            2338486  3.6993659949190532E+00
  6900   524.40000            2340394  3.7034222014896669E+00
  6910   525.16000            2342302  3.7062058156394322E+00
  6920   525.92000            2344210  3.7116829745078146E+00
  6930   526.68000            2346117  3.7200523927083271E+00
  6940   527.44000            2348025  3.7266985986950467E+00
  6950   528.20000            2349933  3.7304281087342948E+00
  6960   528.96000            2351841  3.7352240778634855E+00
  6970   529.72000            2353749  3.7373941425576263E+00
  6980   530.48000            2355657  3.7396831141785336E+00
  6990   531.24000            2357564  3.7474627308012392E+00
  7000   532.00000            2359472  3.7535661310677209E+00
  7010   532.76000            2361380  3.7562839762412175E+00
  7020   533.52000            2363288  3.7594917031503488E+00
  7030   534.28000            2365196  3.7618860136918943E+00
  7040   535.04000            2367103  3.7655660893312182E+00
  7050   535.80000            2369011  3.7719337501923125E+00
  7060   536.56000            2370919  3.7740641324422315E+00
  7070   537.32000            2372827  3.7756737244948266E+00
  7080   538.08000            2374735  3.7776398523353594E+00
  7090   538.84000            2376643  3.7761294227446687E+00
  7100   539.60000            2378550  3.7762105683901344E+00
  7110   540.36000            2380458  3.7820344742954592E+00
  7120   541.12000            2382366  3.7890961356139274E+00
  7130   541.88000            2384274  3.7951562986089504E+00
  7140   542.64000            2386182  3.8020939368692450E+00
  7150   543.40000            2388089  3.8096581578474562E+00
  7160   544.16000            2389997  3.8138772033103976E+00
  7170   544.92000            2391905  3.8169901430633679E+00
  7180   545.68000            2393813  3.8160254345034894E+00
  7190   546.44000            2395721  3.8142516489449529E+00
  7200   547.20000            2397628  3.8119176210629426E+00
  7210   547.96000            2399536  3.8087399748134061E+00
  7220   548.72000            2401444  3.8123770833775819E+00
  7230   549.48000            2403352  3.8195375083279410E+00
  7240   550.24000            2405260  3.8242010156691983E+00
  7250   551.00000            2407168  3.8295132612124521E+00
  7260   551.76000            2409075  3.8346906287928175E+00
  7270   552.52000            2410983  3.8362379091871737E+00
  7280   553.28000            2412891  3.8380577410703967E+00
  7290   554.04000            2414799  3.8435759710588533E+00
  7300   554.80000            2416707  3.8469025107705690E+00
  7310   555.56000            2418614  3.8484043287946297E+00
  7320   556.32000            2420522  3.8516662542841735E+00
  7330   557.08000            2422430  3.8512267087023409E+00
  7340   557.84000            2424338  3.8504597233875550E+00
  7350   558.60000            2426246  3.8548874515498319E+00
  7360   559.36000            2428154  3.8591664251858298E+00
  7370   560.12000            2430061  3.8611791112960687E+00
  7380   560.88000            2431969  3.8630822428179061E+00
  7390   561.64000            2433877  3.8652462089073758E+00
  7400   562.40000            2435785  3.8676479527184511E+00
  7410   563.16000            2437693  3.8711680182155734E+00
  7420   563.92000            2439600  3.8735015857428827E+00
  7430   564.68000            2441508  3.8720048545142856E+00
  7440   565.44000            2443416  3.8728274605608597E+00
  7450   566.20000            2445324  3.8765966008786386E+00
  7460   566.96000            2447232  3.8805716338889518E+00
  7470   567.72000            2449140  3.8827230935921015E+00
  7480   568.48000            2451047  3.8837004587966564E+00
  7490   569.24000            2452955  3.8869125094192891E+00
  7500   570.00000            2454863  3.8877112469022350E+00
  7510   570.76000            2456771  3.8916333328821886E+00
  7520   571.52000            2458679  3.8942685653436624E+00
  7530   572.28000            2460586  3.8931463260978436E+00
  7540   573.04000            2462494  3.8956927382277660E+00
  7550   573.80000            2464402  3.8992784708283619E+00
  7560   574.56000            2466310  3.9028070683232192E+00
  7570   575.32000            2468218  3.9067139381838181E+00
  7580   576.08000            2470126  3.9122958028065185E+00
  7590   576.84000            2472033  3.9179284872681444E+00
  7600   577.60000            2473941  3.9177362327543190E+00
  7610   578.36000            2475849  3.9177344140045447E+00
  7620   579.12000            2477757  3.9201487349282735E+00
  7630   579.88000            2479665  3.9220481350884198E+00
  7640   580.64000            2481572  3.9226728815754139E+00
  7650   581.40000            2483480  3.9239472997566178E+00
  7660   582.16000            2485388  3.9267069464722306E+00
  7670   582.92000            2487296  3.9281258406954285E+00
  7680   583.68000            2489204  3.9306903259090173E+00
  7690   584.44000            2491112  3.9334116883650174E+00
  7700   585.20000            2493019  3.9338907397918605E+00
  7710   585.96000            2494927  3.9328736977956722E+00
  7720   586.72000            2496835  3.9338756462453457E+00
  7730   587.48000            2498743  3.9391461975319428E+00
  7740   588.24000            2500651  3.9427277159544589E+00
  7750   589.00000            2502558  3.9444191690666264E+00
  7760   589.76000            2504466  3.9487740449294111E+00
  7770   590.52000            2506374  3.9538513012827234E+00
  7780   591.28000            2508282  3.9591624354657355E+00
  7790   592.04000            2510190  3.9679326286889793E+00
  7800   592.80000            2512098  3.9772959404894288E+00
  7810   593.56000            2514005  3.9884706697340628E+00
  7820   594.32000            2515913  3.9989233384670446E+00
  7830   595.08000            2517821  4.0057629048604459E+00
  7840   595.84000            2519729  4.0115437114728261E+00
  7850   596.60000            2521637  4.0185922223954975E+00
  7860   597.36000            2523544  4.0219475976426624E+00
  7870   598.12000            2525452  4.0221878492848786E+00
  7880   598.88000            2527360  4.0221801396245969E+00
  7890   599.64000            2529268  4.0197238169984564E+00
  7900   600.40000            2531176  4.0193586672735053E+00
  7910   601.16000            2533084  4.0226845418965835E+00
  7920   601.92000            2534991  4.0237169575952576E+00
  7930   602.68000            2536899  4.0224404495060577E+00
  7940   603.44000            2538807  4.0230394104408189E+00
  7950   604.20000            2540715  4.0248777483045721E+00
  7960   604.96000            2542623  4.0271398909309513E+00
  7970   605.72000            2544530  4.0286568660856155E+00
  7980   606.48000            2546438  4.0309835849859379E+00
  7990   607.24000            2548346  4.0343852014925954E+00
  8000   608.00000            2550254  4.0388764053713260E+00
  8010   608.76000            2552162  4.0421342281212702E+00
  8020   609.52000            2554070  4.0453113536087573E+00
  8030   610.28000            2555977  4.0481101214353528E+00
  8040   611.04000            2557885  4.0507294925812376E+00
  8050   611.80000            2559793  4.0551772260255978E+00
  8060   612.56000            2561701  4.0588238917491815E+00
  8070   613.32000            2563609  4.0629863508020856E+00
  8080   614.08000            2565516  4.0692669523635105E+00
  8090   614.84000            2567424  4.0743525593248631E+00
  8100   615.60000            2569332  4.0795478875126996E+00
  8110   616.36000            2571240  4.0862971157862029E+00
  8120   617.12000            2573148  4.0928257265100303E+00
  8130   617.88000            2575056  4.0966521165684098E+00
  8140   618.64000            2576963  4.0995587293218145E+00
  8150   619.40000            2578871  4.1036392634554844E+00
  8160   620.16000            2580779  4.1084007647900336E+00
  8170   620.92000            2582687  4.1135156849324073E+00
  8180   621.68000            2584595  4.1187493529493162E+00
  8190   622.44000            2586502  4.1233719768237140E+00
  8200   623.20000            2588410  4.1245965866232064E+00
  8210   623.96000            2590318  4.1247663421956631E+00
  8220   624.72000            2592226  4.1253407311617130E+00
  8230   625.48000            2594134  4.1245882502175739E+00
  8240   626.24000            2596042  4.1240237904027151E+00
  8250   627.00000            2597949  4.1244353410507308E+00
  8260   627.76000            2599857  4.1244923201857313E+00
  8270   628.52000            2601765  4.1262180935782409E+00
  8280   629.28000            2603673  4.1307576217027702E+00
  8290   630.04000            2605581  4.1338689997897307E+00
  8300   630.80000            2607488  4.1370335622948247E+00
  8310   631.56000            2609396  4.1417959424974002E+00
  8320   632.32000            2611304  4.1463375053081810E+00
  8330   633.08000            2613212  4.1486194248597439E+00
  8340   633.84000            2615120  4.1545215778837177E+00
  8350   634.60000            2617028  4.1624845162710988E+00
  8360   635.36000            2618935  4.1664338757544472E+00
  8370   636.12000            2620843  4.1731012187893857E+00
  8380   636.88000            2622751  4.1816754379386634E+00
  8390   637.64000            2624659  4.1859935170801732E+00
  8400   638.40000            2626567  4.1904919337131172E+00
  8410   639.16000            2628474  4.1958138932782107E+00
  8420   639.92000            2630382  4.1997154773290886E+00
  8430   640.68000            2632290  4.2032702797720169E+00
  8440   641.44000            2634198  4.2064463497024560E+00
  8450   642.20000            2636106  4.2119454900616606E+00
  8460   642.96000            2638014  4.2166584705371175E+00
  8470   643.72000            2639921  4.2190723471328884E+00
  8480   644.48000            2641829  4.2216631414915859E+00
  8490   645.24000            2643737  4.2254696734536461E+00
  8500   646.00000            2645645  4.2302615564405928E+00
  8510   646.76000            2647553  4.2322639712566303E+00
  8520   647.52000            2649460  4.2360744990288905E+00
  8530   648.28000            2651368  4.2414298918759705E+00
  8540   649.04000            2653276  4.2453644863598878E+00
  8550   649.80000            2655184  4.2485060121714877E+00
  8560   650.56000            2657092  4.2515984136105045E+00
  8570   651.32000            2659000  4.2550106304111388E+00
  8580   652.08000            2660907  4.2567719782247533E+00
  8590   652.84000            2662815  4.2587149771609099E+00
  8600   653.60000            2664723  4.2629575991671960E+00
  8610   654.36000            2666631  4.2648795191053877E+00
  8620   655.12000            2668539  4.2655401532008339E+00
  8630   655.88000            2670446  4.2676018486594494E+00
  8640   656.64000            2672354  4.2685532163140643E+00
  8650   657.40000            2674262  4.2677835389073175E+00
  8660   658.16000            2676170  4.2707496886118435E+00
  8670   658.92000            2678078  4.2742127986164933E+00
  8680   659.68000            2679986  4.2755270512170611E+00
  8690   660.44000            2681893  4.2785127744079530E+00
  8700   661.20000            2683801  4.2822373493263495E+00
  8710   661.96000            2685709  4.2841044252831129E+00
  8720   662.72000            2687617  4.2871011592499784E+00
  8730   663.48000            2689525  4.2910106952555926E+00
  8740   664.24000            2691432  4.2931900652439401E+00
  8750   665.00000            2693340  4.2944386322997357E+00
  8760   665.76000            2695248  4.2969967585328934E+00
  8770   666.52000            2697156  4.2996702831211682E+00
  8780   667.28000            2699064  4.2995725812371344E+00
  8790   668.04000            2700972  4.3015354499576723E+00
  8800   668.80000            2702879  4.3041272874413350E+00
  8810   669.56000            2704787  4.3052946236601297E+00
  8820   670.32000            2706695  4.3066912091986769E+00
  8830   671.08000            2708603  4.3083845437277688E+00
  8840   671.84000            2710511  4.3116682344176596E+00
  8850   672.60000            2712418  4.3139548121428879E+00
  8860   673.36000            2714326  4.3154856180337635E+00
  8870   674.12000            2716234  4.3183782382582265E+00
  8880   674.88000            2718142  4.3205977177262733E+00
  8890   675.64000            2720050  4.3233480360518124E+00
  8900   676.40000            2721958  4.3257762373247743E+00
  8910   677.16000            2723865  4.3275476166169033E+00
  8920   677.92000            2725773  4.3293357028981339E+00
  8930   678.68000            2727681  4.3309244868002157E+00
  8940   679.44000            2729589  4.3335029176610282E+00
  8950   680.20000            2731497  4.3362449927234845E+00
  8960   680.96000            2733404  4.3370911709152100E+00
  8970   681.72000            2735312  4.3389075962921186E+00
  8980   682.48000            2737220  4.3442978937457966E+00
  8990   683.24000            2739128  4.3466033332532259E+00
  9000   684.00000            2741036  4.3476682024473510E+00
  9010   684.76000            2742943  4.3503375077228084E+00
  9020   685.52000            2744851  4.3536053188124679E+00
  9030   686.28000            2746759  4.3553020506323090E+00
  9040   687.04000            2748667  4.3551054578966868E+00
  9050   687.80000            2750575  4.3573972454434111E+00
  9060   688.56000            2752483  4.3638292511657273E+00
  9070   689.32000            2754390  4.3701960092503578E+00
  9080   690.08000            2756298  4.3761734442468958E+00
  9090   690.84000            2758206  4.3841620130914380E+00
  9100   691.60000            2760114  4.3891373022821139E+00
  9110   692.36000            2762022  4.3911094711287646E+00
  9120   693.12000            2763929  4.3940998811622594E+00
  9130   693.88000            2765837  4.3956355613409412E+00
  9140   694.64000            2767745  4.3983418988637402E+00
  9150   695.40000            2769653  4.4002353797582536E+00
  9160   696.16000            2771561  4.4005119504397223E+00
  9170   696.92000            2773469  4.3999020440015633E+00
  9180   697.68000            2775376  4.3991285296537450E+00
  9190   698.44000            2777284  4.3990191692965688E+00
  9200   699.20000            2779192  4.4005787390583446E+00
  9210   699.96000            2781100  4.4023257208957434E+00
