! EM field energy per field component
  Iter        Time                          B1                      B2                      B3                      E1                      E2                      E3
     0   0.0000000      0.0000000000000000E+00  0.0000000000000000E+00  0.0000000000000000E+00  0.0000000000000000E+00  0.0000000000000000E+00  0.0000000000000000E+00
    10  0.96000000      0.0000000000000000E+00  1.2896084193077610E-06  1.7087959265128542E-06  6.5507405063160773E-01  1.1513890302458771E-05  1.4472296432083345E-06
    20   1.9200000      0.0000000000000000E+00  1.8214170161687422E-06  7.3590059396847497E-06  8.8394548684231966E-01  1.2601733784464051E-03  1.1302071671096008E-06
    30   2.8800000      0.0000000000000000E+00  1.8925695198890146E-06  1.3230219636992536E-04  8.2790795907192113E-02  1.5449855582337498E-02  6.2612069082186094E-07
    40   3.8400000      0.0000000000000000E+00  1.2370172846705540E-06  8.5965911579839120E-04  3.7154100626254627E-01  5.3571518403593983E-02  1.4996748274885613E-06
    50   4.8000000      0.0000000000000000E+00  9.7130059503763967E-07  2.4627111859907248E-03  9.4904651272608331E-01  6.5954769803994978E-02  1.1933207347638129E-06
    60   5.7600000      0.0000000000000000E+00  1.0986140521153567E-06  3.6376739759932239E-03  2.7901363960824371E-01  1.7694148973226707E-02  7.5158384001693184E-07
    70   6.7200000      0.0000000000000000E+00  1.3465249579050000E-06  2.7648471248036817E-03  1.3181889173856870E-01  1.1531867352508723E-02  1.3102915348610297E-06
    80   7.6800000      0.0000000000000000E+00  1.7057173104533303E-06  1.2197685670664743E-03  8.4450367473553556E-01  5.1293894139326626E-02  1.1168597954165107E-06
    90   8.6400000      0.0000000000000000E+00  1.4044204957204377E-06  2.0070555917771553E-03  5.2034772884319147E-01  1.4841963181254051E-02  9.5219526746675703E-07
   100   9.6000000      0.0000000000000000E+00  1.3107575150607036E-06  3.7192008332182142E-03  2.7556147014709268E-02  4.1741969462817323E-02  1.3529721910898510E-06
   110   10.560000      0.0000000000000000E+00  1.3359064263975200E-06  4.3319095356349731E-03  6.0553280130306408E-01  2.0799021158291967E-01  1.1431741304739794E-06
   120   11.520000      0.0000000000000000E+00  1.2492273069895464E-06  6.6879898638526484E-03  6.5135277320718188E-01  1.7842607264932164E-01  9.6660390136484235E-07
   130   12.480000      0.0000000000000000E+00  1.2642268793866018E-06  9.1603916790376112E-03  4.5283087633345230E-02  1.0245251544496693E-02  1.0405602936709703E-06
   140   13.440000      0.0000000000000000E+00  1.4259426592606145E-06  7.2796356251674139E-03  3.4058823859452886E-01  1.0586066713556778E-01  1.0917385128198656E-06
   150   14.400000      0.0000000000000000E+00  1.3525118849269292E-06  5.9971639038058589E-03  6.9062247198568705E-01  1.7669744806119608E-01  1.2454879362465633E-06
   160   15.360000      0.0000000000000000E+00  1.4002497755042050E-06  8.8373549068442945E-03  1.8058151114959214E-01  1.3975892548082675E-02  1.0925610953848902E-06
   170   16.320000      0.0000000000000000E+00  1.5176694568753652E-06  9.0820925045013920E-03  1.2803434188144430E-01  1.7911640968068263E-01  1.1123952542293154E-06
   180   17.280000      0.0000000000000000E+00  1.2449199884127456E-06  1.0657316752419007E-02  5.5988860505110405E-01  4.6144830184141006E-01  1.1855997517458165E-06
   190   18.240000      0.0000000000000000E+00  1.3736367847061257E-06  2.0410565590225686E-02  2.8282309787536669E-01  1.9448848033130500E-01  8.9053455604393547E-07
   200   19.200000      0.0000000000000000E+00  1.2387542894235470E-06  2.3496219001833386E-02  3.1319893470420732E-02  3.0803370643159651E-02  1.2213822706342006E-06
   210   20.160000      0.0000000000000000E+00  1.5519034143959130E-06  1.4374210443283450E-02  3.8670993184878166E-01  3.3875819885148062E-01  1.1644649143630028E-06
   220   21.120000      0.0000000000000000E+00  1.7170605220957640E-06  1.3335187965602598E-02  3.6182440249328757E-01  2.3774854319715066E-01  1.0341099377732578E-06
   230   22.080000      0.0000000000000000E+00  1.5485608483281471E-06  1.8894489052332982E-02  3.3104645811048251E-02  2.7036497403743240E-02  1.1606278378620718E-06
   240   23.040000      0.0000000000000000E+00  1.4059064682506626E-06  1.6651051678664847E-02  1.8940620968886607E-01  4.9468491674739362E-01  1.0038790634365388E-06
   250   24.000000      0.0000000000000000E+00  1.2131064657199790E-06  2.0384612589924311E-02  3.2820966996147694E-01  6.2886743979442594E-01  1.0999475735030634E-06
   260   24.960000      0.0000000000000000E+00  1.5563976909283720E-06  2.9962758266413422E-02  7.5637181698942277E-02  8.9738943044701966E-02  1.1900170204676123E-06
   270   25.920000      0.0000000000000000E+00  1.7322848720225007E-06  2.4440002497366855E-02  7.2057126441775102E-02  2.0798301944580513E-01  9.2079387089542864E-07
   280   26.880000      0.0000000000000000E+00  1.6297252167206288E-06  1.9246272194061307E-02  2.4077338124344033E-01  5.6251736873044866E-01  1.2337322907366268E-06
   290   27.840000      0.0000000000000000E+00  1.3335181797849321E-06  3.0313369776019214E-02  1.2226007159790883E-01  1.4780633187451817E-01  1.2529107790591237E-06
   300   28.800000      0.0000000000000000E+00  1.4198182135723567E-06  3.1961915850408015E-02  2.7343501731949833E-02  1.8392252842717066E-01  7.0869881578208260E-07
   310   29.760000      0.0000000000000000E+00  1.4299379384149509E-06  2.4188149041523808E-02  1.3598900452832444E-01  8.4380265889071460E-01  1.3487535521173553E-06
   320   30.720000      0.0000000000000000E+00  1.5736032840256574E-06  3.5595841388949834E-02  1.2495682327982685E-01  5.3320256044563286E-01  1.1062777507509674E-06
   330   31.680000      0.0000000000000000E+00  1.6453330382828552E-06  4.4353504014903899E-02  2.5376771405538182E-02  2.3321282470280348E-02  6.9148287136700337E-07
   340   32.640000      0.0000000000000000E+00  1.2889768056699405E-06  2.9815797922597059E-02  5.6532612712088544E-02  5.1172094127965440E-01  1.4878804472324820E-06
   350   33.600000      0.0000000000000000E+00  1.4641325887794682E-06  2.4853794768014657E-02  8.9043944125583988E-02  5.6482539879650751E-01  1.0851492816334650E-06
   360   34.560000      0.0000000000000000E+00  1.7269129924706878E-06  3.4056207255203232E-02  4.2172750253555220E-02  3.6107597396936988E-02  6.8275274486957276E-07
   370   35.520000      0.0000000000000000E+00  1.3600585611106884E-06  3.0287372481102987E-02  2.7442190920820581E-02  5.1921476078694728E-01  1.4093766823770122E-06
   380   36.480000      0.0000000000000000E+00  1.5162730330434972E-06  3.2937231726718190E-02  4.7547262594944892E-02  9.7188131766311703E-01  9.9609229744328727E-07
   390   37.440000      0.0000000000000000E+00  1.5147492869302376E-06  5.0033811415810120E-02  3.9656491469397634E-02  2.6441729784951201E-01  8.9116282991630456E-07
   400   38.400000      0.0000000000000000E+00  1.4631986853621811E-06  4.3391628425999390E-02  2.2694000094048046E-02  1.5219389676152045E-01  1.4109922881361795E-06
   410   39.360000      0.0000000000000000E+00  1.7267495161004530E-06  2.6950243155402700E-02  1.9398546700851216E-02  7.2275196972157840E-01  9.9461972811754632E-07
   420   40.320000      0.0000000000000000E+00  1.5053535978585989E-06  3.7126286598085215E-02  2.2406008153689202E-02  3.4249653277464298E-01  9.2176734718489833E-07
   430   41.280000      0.0000000000000000E+00  1.3524943852271160E-06  4.4349182904953550E-02  2.6472533846452883E-02  9.6370688562260221E-02  1.2157235741127242E-06
   440   42.240000      0.0000000000000000E+00  1.4157594695759935E-06  3.4159776806684916E-02  3.1172417431107859E-02  8.3345577279689809E-01  1.1585197651709020E-06
   450   43.200000      0.0000000000000000E+00  1.5742957526785276E-06  4.0927091768096162E-02  2.7467855581412032E-02  7.5792192892103993E-01  9.8047807661063268E-07
   460   44.160000      0.0000000000000000E+00  1.6004813735762635E-06  5.0675138328555872E-02  3.0147147846404772E-02  5.9845551384962239E-02  1.1937135657808164E-06
   470   45.120000      0.0000000000000000E+00  1.5770681866588035E-06  3.7305773874307141E-02  6.3320583748400550E-02  3.8611902173311091E-01  9.2962632826826927E-07
   480   46.080000      0.0000000000000000E+00  1.4557661465642045E-06  3.2630498644419498E-02  6.4600228128773557E-02  6.4847596927961837E-01  1.1624949723538087E-06
   490   47.040000      0.0000000000000000E+00  1.5388943727917305E-06  4.5260811041361183E-02  2.6772276574421966E-02  1.0677277297257563E-01  1.0616984942082627E-06
   500   48.000000      0.0000000000000000E+00  1.4843091202986386E-06  4.2456533087811145E-02  6.7922798544832463E-02  3.1663942125873595E-01  1.0612055330211334E-06
   510   48.960000      0.0000000000000000E+00  1.4796893727415034E-06  4.0454891856986960E-02  1.2214027201821334E-01  8.7386882387681286E-01  1.0884041207015603E-06
   520   49.920000      0.0000000000000000E+00  1.6097429746758692E-06  5.7282218630960988E-02  5.3256367445970343E-02  3.8588906686277041E-01  8.7087689446720340E-07
   530   50.880000      0.0000000000000000E+00  1.5324726170720395E-06  5.4849623770570718E-02  6.4652238564089359E-02  6.2963689220246477E-02  1.1015348562006108E-06
   540   51.840000      0.0000000000000000E+00  1.6654743398002885E-06  3.7607254589820761E-02  1.8911442845879625E-01  5.0634276064794836E-01  1.0829148988359104E-06
   550   52.800000      0.0000000000000000E+00  1.5603571649176441E-06  4.1811305366157500E-02  1.3137306177495434E-01  3.7330263549973969E-01  1.0446942746975057E-06
   560   53.760000      0.0000000000000000E+00  1.3902523412895500E-06  4.8650913582486965E-02  4.3282692826098132E-02  5.0885957272346467E-02  1.0855562532397142E-06
   570   54.720000      0.0000000000000000E+00  1.6679390241570332E-06  4.2341937548798975E-02  2.0714077841404471E-01  4.9378850193286700E-01  9.7951988343381123E-07
   580   55.680000      0.0000000000000000E+00  1.5986875707408869E-06  4.7010544706738565E-02  2.3634810564922132E-01  6.2729054566952169E-01  1.1008482736141836E-06
   590   56.640000      0.0000000000000000E+00  1.6002140478223781E-06  5.4802693156183975E-02  5.1595307166695657E-02  1.2579144699213188E-01  1.0736790910902311E-06
   600   57.600000      0.0000000000000000E+00  1.4766463338946686E-06  4.6769471449699007E-02  1.8319109189765170E-01  1.5914505600931730E-01  1.0482728237900274E-06
   610   58.560000      0.0000000000000000E+00  1.4302089589510778E-06  4.2665579718030006E-02  3.5850567287109147E-01  3.9797795136472652E-01  1.0849048856206005E-06
   620   59.520000      0.0000000000000000E+00  1.6259489848589471E-06  4.9666559508557348E-02  1.1991138639660816E-01  1.3190359130086932E-01  1.1358700263630128E-06
   630   60.480000      0.0000000000000000E+00  1.7230128064728099E-06  4.8608397260099308E-02  1.2020664395564828E-01  1.2232168082782396E-01  8.8091027353669342E-07
   640   61.440000      0.0000000000000000E+00  1.5732344658849322E-06  4.5571903536603869E-02  4.3360023893900163E-01  4.5662911308043791E-01  1.2414218204289115E-06
   650   62.400000      0.0000000000000000E+00  1.3512267409122696E-06  5.5213383941156519E-02  2.5912481043358226E-01  3.0653483730637615E-01  1.0879404237117455E-06
   660   63.360000      0.0000000000000000E+00  1.4603422730210117E-06  5.8118578842130085E-02  6.8023224446365910E-02  4.4289334110197004E-02  9.4214140789476380E-07
   670   64.320000      0.0000000000000000E+00  1.8261811453318674E-06  4.7426123228657233E-02  4.3213658845521913E-01  1.8017345759318451E-01  1.2931829100002323E-06
   680   65.280000      0.0000000000000000E+00  1.6146422264575448E-06  4.5786013421420704E-02  4.3455645679777338E-01  1.9393275885413477E-01  1.0221773148942646E-06
   690   66.240000      0.0000000000000000E+00  1.4892943020655599E-06  4.9940515947933466E-02  6.6678821515716705E-02  4.7014463275192889E-02  9.2316786424302795E-07
   700   67.200000      0.0000000000000000E+00  1.4657765575373386E-06  4.8520120319873940E-02  3.4600022699735722E-01  1.7084204794507851E-01  1.3556212672284428E-06
   710   68.160000      0.0000000000000000E+00  1.6195936649869927E-06  5.4550748554164773E-02  5.8366491293916734E-01  2.7014599362436664E-01  9.9732456426831560E-07
   720   69.120000      0.0000000000000000E+00  1.6470358800741535E-06  5.9459689058302817E-02  1.5641093346885154E-01  1.1316045886021216E-01  1.0503956483449896E-06
   730   70.080000      0.0000000000000000E+00  1.6520628811338204E-06  5.3958686829730096E-02  2.2003209824313683E-01  5.5275559316897351E-02  1.0689171433222991E-06
   740   71.040000      0.0000000000000000E+00  1.5491348527916333E-06  5.2349562881308993E-02  6.5852884666622136E-01  1.0678657429218458E-01  1.0668493080631442E-06
   750   72.000000      0.0000000000000000E+00  1.5751152782890408E-06  5.7296626376541822E-02  3.1344315652721655E-01  6.7385126530914122E-02  9.5075720798843806E-07
   760   72.960000      0.0000000000000000E+00  1.6306354668252388E-06  5.6793629791329792E-02  1.1270874498960137E-01  5.5796492291072163E-02  1.1231882543608571E-06
   770   73.920000      0.0000000000000000E+00  1.6555870156224607E-06  5.4570558693526866E-02  6.1511973355091687E-01  1.1443937908493279E-01  1.0852705277035146E-06
   780   74.880000      0.0000000000000000E+00  1.7305417310951191E-06  5.7234943418385004E-02  5.1151913594166742E-01  1.1010872842925613E-01  1.0313112993016119E-06
   790   75.840000      0.0000000000000000E+00  1.5766390059174968E-06  6.0939570827963835E-02  8.7548658289871351E-02  6.1584219764473459E-02  1.1158031972401510E-06
   800   76.800000      0.0000000000000000E+00  1.4872559976830392E-06  6.1289279244376819E-02  4.7834920591032060E-01  4.3810745982409957E-02  1.0399018996829917E-06
   810   77.760000      0.0000000000000000E+00  1.5195898065434689E-06  5.9912103943547693E-02  6.6468011058117948E-01  4.8467508179572828E-02  1.2399898803566253E-06
   820   78.720000      0.0000000000000000E+00  1.8239536466759001E-06  6.0928686854656938E-02  1.5521975691305029E-01  4.8671781475150777E-02  9.6798002867022950E-07
   830   79.680000      0.0000000000000000E+00  1.7608165479961598E-06  6.4052998809985912E-02  2.9691985409999844E-01  4.7812522602764362E-02  1.0732041051842776E-06
   840   80.640000      0.0000000000000000E+00  1.6925271365424652E-06  6.5542294570071297E-02  7.2106664720998381E-01  5.3173971839801500E-02  1.1357841657569921E-06
   850   81.600000      0.0000000000000000E+00  1.5108463708967871E-06  6.2538095288793782E-02  2.9592404343181489E-01  6.1867877721667359E-02  8.7996719967250431E-07
   860   82.560000      0.0000000000000000E+00  1.5972734504814658E-06  6.7695793729137546E-02  1.5826994493503496E-01  6.2273041370733459E-02  1.1378407989218904E-06
   870   83.520000      0.0000000000000000E+00  1.7044132450049518E-06  7.0005296843517528E-02  6.5117120607194945E-01  6.9313468247166332E-02  1.0231698750142358E-06
   880   84.480000      0.0000000000000000E+00  1.7935361879740347E-06  6.8961326686418273E-02  4.6041392007051329E-01  6.1559973826996836E-02  9.2587848327753255E-07
   890   85.440000      0.0000000000000000E+00  1.6217388897151747E-06  6.6754766300493554E-02  1.0115346636135265E-01  5.2997181184442528E-02  1.0983395295196353E-06
   900   86.400000      0.0000000000000000E+00  1.4802113346943742E-06  6.9079295822001396E-02  5.0257126096304294E-01  5.8220365481489414E-02  1.1372301791092609E-06
   910   87.360000      0.0000000000000000E+00  1.6147005348929565E-06  6.5441744032288890E-02  5.8104894471539192E-01  5.7752707045019384E-02  9.5018815625152913E-07
   920   88.320000      0.0000000000000000E+00  1.7666998834534130E-06  6.7732715718863454E-02  1.3694180373823964E-01  5.5606741892336803E-02  1.0595111692001782E-06
   930   89.280000      0.0000000000000000E+00  1.6034422496089500E-06  7.0975307893476614E-02  3.3100180487244357E-01  1.2013357106592928E-01  1.0820797517774631E-06
   940   90.240000      0.0000000000000000E+00  1.7978736077565561E-06  7.6109432879486724E-02  6.0612045349429733E-01  1.4401998930846710E-01  1.0021051564318815E-06
   950   91.200000      0.0000000000000000E+00  1.5863638902031588E-06  7.4998408408181588E-02  2.3339290499624371E-01  7.3571168709846479E-02  1.1490882111793713E-06
   960   92.160000      0.0000000000000000E+00  1.7488651876051876E-06  7.3478033276233520E-02  1.8551462054555601E-01  7.0826422301178873E-02  9.6438964112688685E-07
   970   93.120000      0.0000000000000000E+00  1.6141769031978835E-06  6.7915959291103847E-02  5.3443239144743204E-01  1.2948915723421392E-01  1.1383401611700726E-06
   980   94.080000      0.0000000000000000E+00  1.5926126586649596E-06  7.3056694798076222E-02  3.4340152629986648E-01  7.4692656714507644E-02  9.8321056503547423E-07
   990   95.040000      0.0000000000000000E+00  1.7362674432645785E-06  7.3057810282546071E-02  1.1650186275553803E-01  9.1106957445534029E-02  9.4562923520998112E-07
  1000   96.000000      0.0000000000000000E+00  1.7397977585841033E-06  7.6596237064030376E-02  4.0353352907394119E-01  2.4790803348040313E-01  1.2485790023499204E-06
  1010   96.960000      0.0000000000000000E+00  1.7278695017935276E-06  8.1456293066927796E-02  3.9947861761892722E-01  2.1774567476434126E-01  1.0521005022568085E-06
  1020   97.920000      0.0000000000000000E+00  1.7092653633484580E-06  8.2347823468793352E-02  1.1172848549649797E-01  6.9946517036432163E-02  9.7263880534158241E-07
  1030   98.880000      0.0000000000000000E+00  1.6471180555724886E-06  7.9442580678665206E-02  2.6443298020349915E-01  1.5736067175196949E-01  1.1446748395101475E-06
  1040   99.840000      0.0000000000000000E+00  1.8710416933508325E-06  7.6988890932143755E-02  3.9314051496306135E-01  2.1712061197116783E-01  1.0375617481013072E-06
  1050   100.80000      0.0000000000000000E+00  2.0293942967712862E-06  7.5577383050728211E-02  1.6175053382342350E-01  8.1644334255740456E-02  8.8211116883799707E-07
  1060   101.76000      0.0000000000000000E+00  1.7586036254377558E-06  8.0689890000011893E-02  1.6137823875388707E-01  2.0312800655982580E-01  1.2560533673047900E-06
  1070   102.72000      0.0000000000000000E+00  1.7737524127954601E-06  8.6300808615517491E-02  3.2756014363344765E-01  4.0998711793850717E-01  1.0620464115538186E-06
  1080   103.68000      0.0000000000000000E+00  1.6784767595871230E-06  8.9197290082948966E-02  2.0810135361361964E-01  2.0307507816535739E-01  9.5523028503202297E-07
  1090   104.64000      0.0000000000000000E+00  1.8404513921864678E-06  8.9118889844225307E-02  1.0690443570486896E-01  8.6406329694897324E-02  1.1202992633666321E-06
  1100   105.60000      0.0000000000000000E+00  1.9327625435222785E-06  8.0519290499198773E-02  2.3968271037150493E-01  3.1536545950331257E-01  9.8433368802297350E-07
  1110   106.56000      0.0000000000000000E+00  1.9928718081101700E-06  8.1909779747214570E-02  2.1851700008515465E-01  2.3211908285850663E-01  9.6811937090034738E-07
  1120   107.52000      0.0000000000000000E+00  1.7800029128876226E-06  8.8769025042968477E-02  9.8825337155982879E-02  8.9188140621337758E-02  1.0840172169100756E-06
  1130   108.48000      0.0000000000000000E+00  1.7548072400079826E-06  9.1736713569056438E-02  1.5983677299596297E-01  4.0613823904869351E-01  9.8706691586031441E-07
  1140   109.44000      0.0000000000000000E+00  1.8257610709846201E-06  9.7627994098063275E-02  1.9171800873260891E-01  4.6721437134157484E-01  1.0849036948278250E-06
  1150   110.40000      0.0000000000000000E+00  1.9891900337905368E-06  1.0301672259725281E-01  1.1349254629588365E-01  1.2670156304879993E-01  8.6643599524537210E-07
  1160   111.36000      0.0000000000000000E+00  1.8138497544137711E-06  9.9244028251824504E-02  1.0636815684273344E-01  2.1163676457675634E-01  1.1130010573612510E-06
  1170   112.32000      0.0000000000000000E+00  1.7646243629515042E-06  9.1538148304054476E-02  1.4985265468626402E-01  4.1132327808203267E-01  1.0869062620836343E-06
  1180   113.28000      0.0000000000000000E+00  1.9086649085633356E-06  8.8908639013773855E-02  1.1949569856403330E-01  1.7896814402477382E-01  9.4860536051075237E-07
  1190   114.24000      0.0000000000000000E+00  1.9406662594853872E-06  1.0779247579898592E-01  7.8535135809844434E-02  1.9906779068905403E-01  1.1698032233189957E-06
  1200   115.20000      0.0000000000000000E+00  1.8921882783867346E-06  1.0982833079839570E-01  1.0941837260453319E-01  5.5776755715997695E-01  9.2897467135742550E-07
  1210   116.16000      0.0000000000000000E+00  1.7826640471644894E-06  9.7828084210398125E-02  1.0011732759486665E-01  4.0655169693407645E-01  9.8147006243345648E-07
  1220   117.12000      0.0000000000000000E+00  1.9350728267437235E-06  1.2089621904394757E-01  7.7508805335796793E-02  9.1857655352141923E-02  9.7520420516430841E-07
  1230   118.08000      0.0000000000000000E+00  1.9417348575650312E-06  1.0788706354444504E-01  8.7971679350092410E-02  3.5071932239709647E-01  1.0720633268327725E-06
  1240   119.04000      0.0000000000000000E+00  2.0015721537386383E-06  9.1173947510441930E-02  8.6186912435782248E-02  4.2078614600553987E-01  9.3693670770738341E-07
  1250   120.00000      0.0000000000000000E+00  1.7550701997229074E-06  1.2856214724518655E-01  8.5182622892420373E-02  9.8207609541147683E-02  1.0628025669602137E-06
  1260   120.96000      0.0000000000000000E+00  1.8102419004258520E-06  1.1762855936564320E-01  7.1598234651012602E-02  3.5276401869850771E-01  1.0289062865787915E-06
  1270   121.92000      0.0000000000000000E+00  2.0300140839271860E-06  9.8247005699979087E-02  7.7951667701186708E-02  6.2558056635050741E-01  9.1957604058247794E-07
  1280   122.88000      0.0000000000000000E+00  1.9897771661184965E-06  1.3591590196297690E-01  7.7664946763389628E-02  1.9667078533568019E-01  9.7320203730325530E-07
  1290   123.84000      0.0000000000000000E+00  2.0393922983312853E-06  1.1604406292802344E-01  7.0140530362219344E-02  1.6554410011409867E-01  9.3699394383677806E-07
  1300   124.80000      0.0000000000000000E+00  2.0088400965463514E-06  9.2374898531588368E-02  9.6197002832956818E-02  4.7507735348002628E-01  1.1351774798322028E-06
  1310   125.76000      0.0000000000000000E+00  2.2107721935100370E-06  1.3575682553093141E-01  7.5538219682980731E-02  2.2208352914266941E-01  9.1654682447777312E-07
  1320   126.72000      0.0000000000000000E+00  2.0522009411635357E-06  1.0741928902526422E-01  7.4740006100152523E-02  1.5655673869189701E-01  1.0020002875788642E-06
  1330   127.68000      0.0000000000000000E+00  1.8994917319782497E-06  1.0559654411094593E-01  1.0287473956304199E-01  5.1316524777140149E-01  1.0741729742956226E-06
  1340   128.64000      0.0000000000000000E+00  2.1771894290263556E-06  1.4536974020857393E-01  8.8234270455413571E-02  4.1543298323468925E-01  8.4939698892694664E-07
  1350   129.60000      0.0000000000000000E+00  2.0037558261572761E-06  1.1149891611223944E-01  7.0763706787363712E-02  1.5717136560382619E-01  1.0504105904092359E-06
  1360   130.56000      0.0000000000000000E+00  1.7199212888534363E-06  1.1576776242727123E-01  1.1386522094794978E-01  2.6471903688578613E-01  1.0731896124511699E-06
  1370   131.52000      0.0000000000000000E+00  1.8858814453979066E-06  1.3655384336124937E-01  1.2819896210393059E-01  3.5006901695995890E-01  8.9188242574295385E-07
  1380   132.48000      0.0000000000000000E+00  2.2416985625841424E-06  9.5984085924534501E-02  6.8736350278172098E-02  1.9221987055277495E-01  9.2514572698541495E-07
  1390   133.44000      0.0000000000000000E+00  2.0338597274214542E-06  1.1939034901098358E-01  1.0630856731814146E-01  2.1231268241190188E-01  1.0453476296510082E-06
  1400   134.40000      0.0000000000000000E+00  1.6702231109947812E-06  1.3243586064286839E-01  1.6178542289912168E-01  4.6180722127162899E-01  9.9014916238507228E-07
  1410   135.36000      0.0000000000000000E+00  1.8101423334382728E-06  9.6655929906983296E-02  9.7436030479328528E-02  3.1709365442972937E-01  1.0340944543591269E-06
  1420   136.32000      0.0000000000000000E+00  2.1401359920952270E-06  1.3838813532699262E-01  1.0068324795826677E-01  6.7855440999838229E-02  1.0163303554253645E-06
  1430   137.28000      0.0000000000000000E+00  2.2100062284606933E-06  1.2091909082478064E-01  1.9711739109013410E-01  3.0078528037303170E-01  8.2486544829236587E-07
  1440   138.24000      0.0000000000000000E+00  2.0574303866359692E-06  9.0166510262144270E-02  1.5396748435787672E-01  2.8907507632429402E-01  9.2857860294298545E-07
  1450   139.20000      0.0000000000000000E+00  1.7028216680584015E-06  1.3647016745736429E-01  7.8909335077585921E-02  5.2124673879003235E-02  1.1198716542511442E-06
  1460   140.16000      0.0000000000000000E+00  1.9534913385692664E-06  1.0527978963119826E-01  1.9092134461069110E-01  3.3401927825765548E-01  9.3500008150778717E-07
  1470   141.12000      0.0000000000000000E+00  2.0436894075049704E-06  1.0843962204758439E-01  2.2341811120211807E-01  3.6713336996095636E-01  9.0967514208478893E-07
  1480   142.08000      0.0000000000000000E+00  1.9128903791324339E-06  1.4717367061716713E-01  9.3028110426714758E-02  7.1179182006808325E-02  9.5005784592045545E-07
  1490   143.04000      0.0000000000000000E+00  1.8960141780933082E-06  9.9742648873151457E-02  1.7091570537629922E-01  2.0880116838632956E-01  9.0304374261788866E-07
  1500   144.00000      0.0000000000000000E+00  1.9325993571727778E-06  1.1730583403339338E-01  2.8350788884833628E-01  2.3302689086432754E-01  9.2258342226203162E-07
  1510   144.96000      0.0000000000000000E+00  1.8875248971124779E-06  1.3750190809461563E-01  1.4019490451276795E-01  8.3849884360152130E-02  1.0375364598408365E-06
  1520   145.92000      0.0000000000000000E+00  1.8421512755718439E-06  9.3882229238607659E-02  1.2740523448689245E-01  2.2658360865805505E-01  9.5852319781239162E-07
  1530   146.88000      0.0000000000000000E+00  2.1184046135199825E-06  1.4085374416786689E-01  3.1691959341235626E-01  2.2110398065440490E-01  8.5402865875326522E-07
  1540   147.84000      0.0000000000000000E+00  1.9502191983140649E-06  1.3723847417689214E-01  2.1496084743956542E-01  1.7261639401228296E-01  8.6633842679648162E-07
  1550   148.80000      0.0000000000000000E+00  2.0198546698695163E-06  9.8482851418765074E-02  9.8230901210126689E-02  1.8551897029140338E-01  8.7032586374937117E-07
  1560   149.76000      0.0000000000000000E+00  1.9709368675523337E-06  1.5712599889841186E-01  3.1168815480619827E-01  7.5947482672924949E-02  1.0388032145226186E-06
  1570   150.72000      0.0000000000000000E+00  1.8916496305008631E-06  1.1844372115509796E-01  3.0037139297255155E-01  1.5896859600747848E-01  8.1016187066059555E-07
  1580   151.68000      0.0000000000000000E+00  1.6310432286464653E-06  1.0376964027861695E-01  1.0320270380419967E-01  1.7860147208223598E-01  1.0322367821007313E-06
  1590   152.64000      0.0000000000000000E+00  1.9313456585233938E-06  1.7086814946868081E-01  2.6126967654191241E-01  6.1912885211967264E-02  6.9850491021299732E-07
  1600   153.60000      0.0000000000000000E+00  1.8246556081898048E-06  1.1168579122030302E-01  3.6908321758147711E-01  2.2258388774364535E-01  8.5582578575944282E-07
  1610   154.56000      0.0000000000000000E+00  1.9281167447261791E-06  1.2549908698087567E-01  1.5220687613853945E-01  1.5655946684560409E-01  9.5738759833963252E-07
  1620   155.52000      0.0000000000000000E+00  1.8559484372087836E-06  1.7085973873207783E-01  2.0122661841755196E-01  2.0550411157844319E-02  8.7339368397368410E-07
  1630   156.48000      0.0000000000000000E+00  1.8910821035021499E-06  9.9392730145562713E-02  3.9653503849658750E-01  1.9299805437299475E-01  9.1567696279446232E-07
  1640   157.44000      0.0000000000000000E+00  2.1724247805043931E-06  1.4152225966819165E-01  2.2032197128760336E-01  1.0993200744341051E-01  6.7655755361153141E-07
  1650   158.40000      0.0000000000000000E+00  1.7338002092364588E-06  1.6365511072998348E-01  1.5469756285726602E-01  4.6336800394376841E-02  9.8351140296588930E-07
  1660   159.36000      0.0000000000000000E+00  1.7886723368405764E-06  1.0078728517564185E-01  3.7132849134584828E-01  2.0822713532846573E-01  8.7676286022621727E-07
  1670   160.32000      0.0000000000000000E+00  2.0316785876303373E-06  1.5963402646932073E-01  3.0603293701310397E-01  7.9483811872884363E-02  8.2595807364791516E-07
  1680   161.28000      0.0000000000000000E+00  1.8152524136317988E-06  1.4740895622693256E-01  1.4613184806300400E-01  8.2670954738293764E-02  9.1806355693442609E-07
  1690   162.24000      0.0000000000000000E+00  1.6657160206014780E-06  1.0557871801994401E-01  3.2007174300854679E-01  1.8940215916923880E-01  8.8965823529673601E-07
  1700   163.20000      0.0000000000000000E+00  1.9126375761245533E-06  1.7918845360879998E-01  3.8378644854164490E-01  3.6044705815793179E-02  7.9512038998040080E-07
  1710   164.16000      0.0000000000000000E+00  1.9470209605025069E-06  1.4104947247480559E-01  1.5591669474734249E-01  1.1553116564799100E-01  8.3848209570962997E-07
  1720   165.12000      0.0000000000000000E+00  1.6577722004353093E-06  1.1515630767891630E-01  2.4470681710793141E-01  1.6647456780773809E-01  1.0274476065572761E-06
  1730   166.08000      0.0000000000000000E+00  1.8295957304436994E-06  1.7302725021756382E-01  4.1030700944480686E-01  1.9260529703250429E-02  7.1887709513168677E-07
  1740   167.04000      0.0000000000000000E+00  1.7651902232505029E-06  1.1499470700027588E-01  1.9987933903629662E-01  1.7041518642588180E-01  8.5247077203778821E-07
  1750   168.00000      0.0000000000000000E+00  1.7912756289854943E-06  1.3981156421362509E-01  1.9868352026144606E-01  1.4289798370374152E-01  8.9093572666863364E-07
  1760   168.96000      0.0000000000000000E+00  2.0158939047494441E-06  1.9225974233430052E-01  3.9728762153299180E-01  3.1670476451476873E-02  7.7595995105453299E-07
  1770   169.92000      0.0000000000000000E+00  1.9700986790104007E-06  1.1811797705195115E-01  2.4923623611182735E-01  2.0503258834880528E-01  9.1681912965983061E-07
  1780   170.88000      0.0000000000000000E+00  1.8001767165968865E-06  1.5008624911478777E-01  1.5865549985808203E-01  8.5648256693257457E-02  9.0929657108144071E-07
  1790   171.84000      0.0000000000000000E+00  1.6955037648764873E-06  1.7031065309039450E-01  3.5029705762702701E-01  7.3338577973908511E-02  7.2933289031294027E-07
  1800   172.80000      0.0000000000000000E+00  1.8921961649029169E-06  1.1782373080389817E-01  2.9541931670090416E-01  2.2283413552957640E-01  9.8238667746023319E-07
  1810   173.76000      0.0000000000000000E+00  2.0162626344084298E-06  1.7659240274416324E-01  1.4912299429469594E-01  4.9612440055617830E-02  6.6645792551515151E-07
  1820   174.72000      0.0000000000000000E+00  1.7363934065178571E-06  1.6412950245149879E-01  3.0820434605587044E-01  1.5566497054423722E-01  9.6152233095163551E-07
  1830   175.68000      0.0000000000000000E+00  1.7050410992140402E-06  1.2295096040284267E-01  3.1832180515495917E-01  2.1598459288671959E-01  7.7050559386375458E-07
  1840   176.64000      0.0000000000000000E+00  1.8739398572025300E-06  1.8506543794244459E-01  1.6023070828570163E-01  4.4802092305779626E-02  8.7565776604330926E-07
  1850   177.60000      0.0000000000000000E+00  1.9306013102860770E-06  1.4808725311321183E-01  2.7107314015560335E-01  1.9076428432083906E-01  8.6105382096393184E-07
  1860   178.56000      0.0000000000000000E+00  1.9783181973356690E-06  1.3835789599580137E-01  2.9494669283908459E-01  1.7847925003972326E-01  7.7163008296079732E-07
  1870   179.52000      0.0000000000000000E+00  1.7383127811257986E-06  1.8854000652814007E-01  1.8858967782678709E-01  5.4864666745563812E-02  8.9161911066658564E-07
  1880   180.48000      0.0000000000000000E+00  1.9997597971044858E-06  1.3668540062928924E-01  2.4402829154474059E-01  2.1441626833945590E-01  8.4635117700003239E-07
  1890   181.44000      0.0000000000000000E+00  2.0633477229897871E-06  1.4694629228556011E-01  2.6763563554676151E-01  1.9407849819077438E-01  7.9181962600075357E-07
  1900   182.40000      0.0000000000000000E+00  1.7873667253288497E-06  1.7797719411828555E-01  2.3487127972364283E-01  8.9866585522535777E-02  8.5785908514290907E-07
  1910   183.36000      0.0000000000000000E+00  1.8046178179612320E-06  1.3601760345589653E-01  2.2276450421337626E-01  2.1434659623592742E-01  8.8894679808532322E-07
  1920   184.32000      0.0000000000000000E+00  2.0457387490155626E-06  1.5387761638266836E-01  2.3641821358129897E-01  1.6046702217725817E-01  7.7886827107753143E-07
  1930   185.28000      0.0000000000000000E+00  1.9856051067704830E-06  1.5588219601155728E-01  2.5513569795407903E-01  8.8051013985144644E-02  8.1801549370805498E-07
  1940   186.24000      0.0000000000000000E+00  1.5170589303356355E-06  1.2658371054310907E-01  2.0039813791836467E-01  2.3515775693326044E-01  9.6946522098211123E-07
  1950   187.20000      0.0000000000000000E+00  1.6717619614501783E-06  1.7233009124161147E-01  2.2659815143107895E-01  1.6628737952494879E-01  8.3752040248825142E-07
  1960   188.16000      0.0000000000000000E+00  1.8502881241710369E-06  1.7187485057678886E-01  2.5363603830455816E-01  1.3869588124329463E-01  9.1443203911776146E-07
  1970   189.12000      0.0000000000000000E+00  2.0693422527270556E-06  1.4400903369974710E-01  1.8519866684862371E-01  2.6023461180982788E-01  7.1099814602957288E-07
  1980   190.08000      0.0000000000000000E+00  1.5890175839692262E-06  1.6752018250595954E-01  2.1581522549995535E-01  9.6644388184516747E-02  1.0354245378220053E-06
  1990   191.04000      0.0000000000000000E+00  1.7406087606304775E-06  1.3823976953334680E-01  2.3274053193826713E-01  1.9094390285929388E-01  7.9245833778626203E-07
  2000   192.00000      0.0000000000000000E+00  1.7396777660738857E-06  1.4490230261269429E-01  2.0110633588903673E-01  2.5771232454439741E-01  9.6913651220704414E-07
  2010   192.96000      0.0000000000000000E+00  1.9092273718231993E-06  1.9214599173629740E-01  1.9853464656881598E-01  8.1379828102329826E-02  8.1734889726338978E-07
  2020   193.92000      0.0000000000000000E+00  1.7416613001572080E-06  1.6812516715033857E-01  2.1248322673574452E-01  2.7279037343903501E-01  9.3193626623259310E-07
  2030   194.88000      0.0000000000000000E+00  2.0151162976107935E-06  1.8371124615098236E-01  2.0862944116606116E-01  2.0233955811233698E-01  8.5819336859325761E-07
  2040   195.84000      0.0000000000000000E+00  1.8782502371635977E-06  1.8487566558639648E-01  1.6645793609668111E-01  8.4562285946970697E-02  9.1680456971167963E-07
  2050   196.80000      0.0000000000000000E+00  1.6859457148546836E-06  1.3948817193384738E-01  2.1744536310476728E-01  3.1907853092241178E-01  9.1175899169521669E-07
  2060   197.76000      0.0000000000000000E+00  1.7665596907173633E-06  1.8077744351185390E-01  2.0013117580453593E-01  1.5713866231131143E-01  9.6435717428192338E-07
  2070   198.72000      0.0000000000000000E+00  2.2207821983311319E-06  1.8167201439607528E-01  1.4264094649863487E-01  1.6154704465362407E-01  8.1395173351918058E-07
  2080   199.68000      0.0000000000000000E+00  1.9896449869492943E-06  1.9748036478264269E-01  2.2688873120457265E-01  2.7367035367058862E-01  9.3685599985685369E-07
  2090   200.64000      0.0000000000000000E+00  1.9970324457170167E-06  2.4114455995799208E-01  1.6350966725057128E-01  1.0968433383746096E-01  7.9898554918888494E-07
  2100   201.60000      0.0000000000000000E+00  1.9375844980698829E-06  1.9433136958307365E-01  1.5775209240856827E-01  1.9096650253271108E-01  8.9620462668308595E-07
  2110   202.56000      0.0000000000000000E+00  1.8666609296067002E-06  1.9055968034794668E-01  2.2484220475312691E-01  2.3253966639903809E-01  9.5593870870434500E-07
  2120   203.52000      0.0000000000000000E+00  2.0024619614921544E-06  1.9397748858762839E-01  1.4303744739332810E-01  1.6416558360871558E-01  7.7132603805414927E-07
  2130   204.48000      0.0000000000000000E+00  2.2129359632805603E-06  1.5461258177719761E-01  1.8197977796124329E-01  2.3425810066670646E-01  9.1275388431832798E-07
  2140   205.44000      0.0000000000000000E+00  2.0349909081632081E-06  2.1589369394103097E-01  1.9001076695850053E-01  1.9884168211589651E-01  7.8321432067980200E-07
  2150   206.40000      0.0000000000000000E+00  2.1111671922181099E-06  2.4713350630467035E-01  1.5151943273659177E-01  1.5116040871220754E-01  8.3259603475299862E-07
  2160   207.36000      0.0000000000000000E+00  2.0304972897329330E-06  2.1363780679682767E-01  1.8871698751353691E-01  1.9509940210823443E-01  9.8318953007837225E-07
  2170   208.32000      0.0000000000000000E+00  2.1706240328490035E-06  2.6029034342632507E-01  1.6793163534574967E-01  1.3640763184826041E-01  8.1076252106557764E-07
  2180   209.28000      0.0000000000000000E+00  2.1543431386753473E-06  1.9035153364152968E-01  1.6494030384875846E-01  2.0477827329872025E-01  8.0190902137928654E-07
  2190   210.24000      0.0000000000000000E+00  2.1559046073672932E-06  1.5456291309869116E-01  1.6252806201413048E-01  2.6517906631904248E-01  8.7236156228635062E-07
  2200   211.20000      0.0000000000000000E+00  2.1084568467798630E-06  2.5060479149460430E-01  1.5914699262836129E-01  2.0506353868111776E-01  8.4082832957420683E-07
  2210   212.16000      0.0000000000000000E+00  2.0831442919921884E-06  2.6007857020932978E-01  1.6057407473187355E-01  1.7704814353813808E-01  8.9959853509509333E-07
  2220   213.12000      0.0000000000000000E+00  2.3143727667740847E-06  2.3999558226456477E-01  1.3533886067830994E-01  2.3596674963440692E-01  9.5041662694784384E-07
  2230   214.08000      0.0000000000000000E+00  2.5103753022438156E-06  3.3410653660449119E-01  1.6166612876607542E-01  1.0034036016188574E-01  7.7884560599201101E-07
  2240   215.04000      0.0000000000000000E+00  2.2404655580920015E-06  2.2615549448993646E-01  1.3675838653300573E-01  2.2122333643282818E-01  9.0733849281486195E-07
  2250   216.00000      0.0000000000000000E+00  2.3104653329571173E-06  2.2953502745794738E-01  1.3295992745025031E-01  3.0595360766328789E-01  7.4674037935378970E-07
  2260   216.96000      0.0000000000000000E+00  2.1179997684475869E-06  2.8616899013232416E-01  1.4861892270761987E-01  1.5006196395549348E-01  1.0281358529770853E-06
  2270   217.92000      0.0000000000000000E+00  2.3814514160776834E-06  1.8157310417926520E-01  1.0863906202158109E-01  3.1136798948661321E-01  7.2152020052327705E-07
  2280   218.88000      0.0000000000000000E+00  2.6104214314256586E-06  2.8445562359232296E-01  1.3289176887443910E-01  2.1197951218018588E-01  9.0138723320809346E-07
  2290   219.84000      0.0000000000000000E+00  2.3856854485272429E-06  2.9085680923340607E-01  1.1819008965961317E-01  1.4171472220324463E-01  8.0589477462501627E-07
  2300   220.80000      0.0000000000000000E+00  2.4056675495380807E-06  2.5851101125153314E-01  1.1783564055390576E-01  2.5031245542421415E-01  8.5172626978749631E-07
  2310   221.76000      0.0000000000000000E+00  2.4673070302081320E-06  2.1844753536477157E-01  1.3252252037803422E-01  2.3772574285157824E-01  9.0817087227039446E-07
  2320   222.72000      0.0000000000000000E+00  2.4736661018327239E-06  2.2276538838284407E-01  1.0312683413922143E-01  1.8179413093914829E-01  8.4260278598799504E-07
  2330   223.68000      0.0000000000000000E+00  2.2865572449355430E-06  1.6729482062448792E-01  1.1773482157864743E-01  3.4312689552329451E-01  8.7721358441904455E-07
  2340   224.64000      0.0000000000000000E+00  2.4832589923100838E-06  2.3465199110985699E-01  1.0962182080102136E-01  1.6934828276702721E-01  8.2730939354266181E-07
  2350   225.60000      0.0000000000000000E+00  2.3856091873188055E-06  2.3554826696969625E-01  1.0997794102009220E-01  2.5348042994619968E-01  1.0320931719194553E-06
  2360   226.56000      0.0000000000000000E+00  2.6274942540567584E-06  2.3499482932444346E-01  1.3398360152782238E-01  2.0374920614284681E-01  8.9236173625250383E-07
  2370   227.52000      0.0000000000000000E+00  2.5443961946474039E-06  2.4205681584251754E-01  1.0400474927560224E-01  1.6748935767867146E-01  8.0339600630823468E-07
  2380   228.48000      0.0000000000000000E+00  2.5532202018053723E-06  2.2188362537752299E-01  1.1916314265660466E-01  2.7511193508864840E-01  8.8848966045913412E-07
  2390   229.44000      0.0000000000000000E+00  2.4025804010777471E-06  2.2556327585112915E-01  1.0223670195208237E-01  1.6413032965452784E-01  8.7538066426472190E-07
  2400   230.40000      0.0000000000000000E+00  2.7648142797374459E-06  2.2467444744477230E-01  1.0947461436722636E-01  3.4106478272972174E-01  8.2958989129798442E-07
  2410   231.36000      0.0000000000000000E+00  2.6905002510441733E-06  2.6691028907234171E-01  1.2840544551976724E-01  1.4242472727430325E-01  8.9098360157323118E-07
  2420   232.32000      0.0000000000000000E+00  2.5869159090893986E-06  2.1483961543407493E-01  9.4704942996834698E-02  2.7729866559609867E-01  9.2988171550388215E-07
  2430   233.28000      0.0000000000000000E+00  2.3139678827444166E-06  2.7503645279660355E-01  1.3435426302327649E-01  1.8815831497214966E-01  8.3576301635238021E-07
  2440   234.24000      0.0000000000000000E+00  2.5752756908134623E-06  2.0093796120422835E-01  9.5113892666763192E-02  2.0541728911160997E-01  8.8901468796740141E-07
  2450   235.20000      0.0000000000000000E+00  2.7798145236782027E-06  2.5509232794051673E-01  1.1778920111417372E-01  2.5915673551662438E-01  7.6581035147030753E-07
  2460   236.16000      0.0000000000000000E+00  2.4068034330052080E-06  2.3131964089082990E-01  1.4480519827816513E-01  2.0705621241256345E-01  9.5555138863480615E-07
  2470   237.12000      0.0000000000000000E+00  2.5808724696057922E-06  2.3839520030741332E-01  8.0250408092190348E-02  2.2009869270646112E-01  7.7933379772033301E-07
  2480   238.08000      0.0000000000000000E+00  2.8149546787988934E-06  2.3379803551633571E-01  1.5021665294000197E-01  2.1012128414213177E-01  9.8360663379262741E-07
  2490   239.04000      0.0000000000000000E+00  2.7769218509738798E-06  2.1286277178176216E-01  1.0369781393330356E-01  1.9169249946616501E-01  8.0884846383791943E-07
  2500   240.00000      0.0000000000000000E+00  2.8032557300291998E-06  2.4226550579693068E-01  1.1404819971638980E-01  1.8238783559744312E-01  8.7381760310043398E-07
  2510   240.96000      0.0000000000000000E+00  2.6351147988148682E-06  2.2484127618473485E-01  1.7666485677612151E-01  2.4058467577133250E-01  8.4497705903698406E-07
  2520   241.92000      0.0000000000000000E+00  2.7114121980702453E-06  2.5972633218910746E-01  8.7685451473898307E-02  1.2637797373465331E-01  8.8859050206246255E-07
  2530   242.88000      0.0000000000000000E+00  2.6201012094376422E-06  2.0271744734346622E-01  1.5692386665370356E-01  2.6653295180460529E-01  8.5196111743427288E-07
  2540   243.84000      0.0000000000000000E+00  2.8086255168152594E-06  2.3306635506441800E-01  1.3214356920307085E-01  1.3301736002041567E-01  9.5201033217528050E-07
  2550   244.80000      0.0000000000000000E+00  2.5005433102710808E-06  1.9769418651480530E-01  1.0347556812729639E-01  2.5623616420423806E-01  9.7135052853583901E-07
  2560   245.76000      0.0000000000000000E+00  2.6787894548778837E-06  2.5363705222998900E-01  1.9071415063218286E-01  1.6351290997024456E-01  7.8054664722719605E-07
  2570   246.72000      0.0000000000000000E+00  2.3094769532413059E-06  2.2033054521979142E-01  9.2499104498760337E-02  2.0758772749220453E-01  9.5806792570656417E-07
  2580   247.68000      0.0000000000000000E+00  2.3334434325579338E-06  2.5467348507776721E-01  1.4733072225057406E-01  1.8082613191161839E-01  7.7625366779355515E-07
  2590   248.64000      0.0000000000000000E+00  2.4036375823352132E-06  2.1681941234385113E-01  1.3312885081400749E-01  1.9387250697409311E-01  8.8801074083945137E-07
  2600   249.60000      0.0000000000000000E+00  2.6566692811205630E-06  2.3967423843722915E-01  9.9024467239678532E-02  2.1407909987286711E-01  8.3258320013535197E-07
  2610   250.56000      0.0000000000000000E+00  2.4908913815485446E-06  2.2958350942411337E-01  1.7942214825082811E-01  1.9223337480406510E-01  1.0252980449526334E-06
  2620   251.52000      0.0000000000000000E+00  2.1940945892666088E-06  2.4246925786730916E-01  8.6598832868664460E-02  2.2766788236374794E-01  9.4235123321089097E-07
  2630   252.48000      0.0000000000000000E+00  2.4859999973684359E-06  2.5129782194410055E-01  1.4312325338896617E-01  1.8043146335017471E-01  8.1017975716143456E-07
  2640   253.44000      0.0000000000000000E+00  2.4206859914883290E-06  2.2857610658437652E-01  1.1448146210326057E-01  2.3966651602334466E-01  8.8880607881183787E-07
  2650   254.40000      0.0000000000000000E+00  2.2430155164052052E-06  2.5236954490063668E-01  1.1948812623888863E-01  1.7032406031643832E-01  8.1207754294425548E-07
  2660   255.36000      0.0000000000000000E+00  2.3320037901563490E-06  2.2347114238573371E-01  1.4982508953348347E-01  2.5780744725224025E-01  9.2090241512554714E-07
  2670   256.32000      0.0000000000000000E+00  2.2494250928950059E-06  2.7660358712272870E-01  9.6816262539565101E-02  1.6876440825612155E-01  8.3552342522814265E-07
  2680   257.28000      0.0000000000000000E+00  2.2996346436811335E-06  2.2230666152783993E-01  1.2790923225827466E-01  2.6609625046244256E-01  1.0746520256859963E-06
  2690   258.24000      0.0000000000000000E+00  2.3540717680305916E-06  2.5224398410385068E-01  1.0625536428033990E-01  1.8421053275286939E-01  6.9676882066759793E-07
  2700   259.20000      0.0000000000000000E+00  2.2534235882548221E-06  2.2463429128044601E-01  1.1156626449059762E-01  2.5863219935455584E-01  8.7705282475671796E-07
  2710   260.16000      0.0000000000000000E+00  2.4634991535605088E-06  2.6358098382625395E-01  1.1533645481990273E-01  2.1545915990457190E-01  7.3608727797556050E-07
  2720   261.12000      0.0000000000000000E+00  2.2588208788922992E-06  2.4436290074015979E-01  8.8450159353817573E-02  2.2839443401366358E-01  8.5002621410961975E-07
  2730   262.08000      0.0000000000000000E+00  2.5166137574330185E-06  2.3652825833751265E-01  9.7072480392147942E-02  2.5650356477779923E-01  9.3892573627415354E-07
  2740   263.04000      0.0000000000000000E+00  2.5497103917653815E-06  2.4089173342678544E-01  9.8421071602181123E-02  1.9626008606708364E-01  8.0963724401081984E-07
  2750   264.00000      0.0000000000000000E+00  2.6958836889646672E-06  2.5043458735163776E-01  8.1526518574934009E-02  2.8099416521850168E-01  7.9588428798766344E-07
  2760   264.96000      0.0000000000000000E+00  2.4587644621470789E-06  2.7032918771506764E-01  1.0110759456372245E-01  1.8985284814902392E-01  7.6689680151905169E-07
  2770   265.92000      0.0000000000000000E+00  2.5306014333285484E-06  2.2838938742182618E-01  6.6683455353318016E-02  2.8867288632435689E-01  7.7584974194719286E-07
  2780   266.88000      0.0000000000000000E+00  2.5583365423397910E-06  2.3806528174865066E-01  9.3761226156343080E-02  2.2095577139114742E-01  6.9405900772174736E-07
  2790   267.84000      0.0000000000000000E+00  2.4519990837520676E-06  2.3787285602446068E-01  8.8590265225533496E-02  2.6147804077121950E-01  9.8975176279944554E-07
  2800   268.80000      0.0000000000000000E+00  2.6325577524741827E-06  2.8124718795492726E-01  8.1784931689373078E-02  2.3932888058210794E-01  8.6667016126733489E-07
  2810   269.76000      0.0000000000000000E+00  2.6380476323610478E-06  2.4201919668081165E-01  8.7717455264226390E-02  2.3883360997875946E-01  7.2050801188016546E-07
  2820   270.72000      0.0000000000000000E+00  2.4322621668194554E-06  2.4944923773115027E-01  6.4266996373357976E-02  2.5414644718213397E-01  7.8551749537204702E-07
  2830   271.68000      0.0000000000000000E+00  2.5998814667939233E-06  2.3964870533223209E-01  1.0140471363525515E-01  2.4534421001322770E-01  8.7786570597394368E-07
  2840   272.64000      0.0000000000000000E+00  2.6363279964631186E-06  2.6852009515817782E-01  8.6915576002887684E-02  2.5701233426152448E-01  8.1590502749530624E-07
  2850   273.60000      0.0000000000000000E+00  2.4433038867897683E-06  2.7027542244983738E-01  8.9762941427466145E-02  2.4728429840153551E-01  8.9256444597903533E-07
  2860   274.56000      0.0000000000000000E+00  2.6946019631371508E-06  2.4131255785693445E-01  7.4149230321343809E-02  2.5238402530476511E-01  7.9275296947171288E-07
  2870   275.52000      0.0000000000000000E+00  2.4481149085489919E-06  2.6091751691731835E-01  9.3434850084870930E-02  2.4125181873991405E-01  9.4181443103071772E-07
  2880   276.48000      0.0000000000000000E+00  2.7162805649974122E-06  2.5188243000596811E-01  9.4938215246552271E-02  2.6321172856503111E-01  7.2494719130460535E-07
  2890   277.44000      0.0000000000000000E+00  2.1747618398856958E-06  2.9346115544832874E-01  1.0610242779724388E-01  2.1564382911432245E-01  9.0417249695053945E-07
  2900   278.40000      0.0000000000000000E+00  2.7548978800750099E-06  2.4056842571579085E-01  8.0241164695817130E-02  2.7567010477936671E-01  8.7403123180685417E-07
  2910   279.36000      0.0000000000000000E+00  2.4611309726159968E-06  2.5901997240719488E-01  1.1033654278774473E-01  2.0521197077347558E-01  7.7622965827133947E-07
  2920   280.32000      0.0000000000000000E+00  2.6343432787323908E-06  2.3733952197219946E-01  1.2097310145242379E-01  2.9139850823828750E-01  9.1237859242880714E-07
  2930   281.28000      0.0000000000000000E+00  2.3447949425892347E-06  2.8043688894864666E-01  1.3418170904155616E-01  2.0827839766152492E-01  8.3036049848145203E-07
  2940   282.24000      0.0000000000000000E+00  2.5255887115485833E-06  2.5090952734084360E-01  1.1751818484008146E-01  2.6671515781694505E-01  8.8550868246255048E-07
  2950   283.20000      0.0000000000000000E+00  2.5157088871037108E-06  2.5292357236248358E-01  9.8425848076255665E-02  2.1471493795105559E-01  8.2060059401025647E-07
  2960   284.16000      0.0000000000000000E+00  2.6093152705761767E-06  2.4751101486325294E-01  1.3606887624563394E-01  2.4713504524554003E-01  9.2807126961060035E-07
  2970   285.12000      0.0000000000000000E+00  2.4934082077841949E-06  2.6615559058971344E-01  1.1251304043253581E-01  2.4753194005280990E-01  7.1533793606728409E-07
  2980   286.08000      0.0000000000000000E+00  2.4658118276175814E-06  2.7428477399697976E-01  1.4034746897277642E-01  2.2523550293818345E-01  8.9955025565356216E-07
  2990   287.04000      0.0000000000000000E+00  2.6242674318907612E-06  2.5454287983746160E-01  1.1407872764627271E-01  2.4497106116550219E-01  9.2700187539751680E-07
  3000   288.00000      0.0000000000000000E+00  2.7737832809294128E-06  2.4926336199483776E-01  1.3516384546218230E-01  2.2512760706423060E-01  8.7241681200118193E-07
  3010   288.96000      0.0000000000000000E+00  2.7804987136598118E-06  2.6983546169124656E-01  1.5475095391654317E-01  2.5877767341481600E-01  9.2051561299948776E-07
  3020   289.92000      0.0000000000000000E+00  2.5796058738787758E-06  2.8484109009260844E-01  1.4625013111929275E-01  2.3001433092205467E-01  7.2501857441512585E-07
  3030   290.88000      0.0000000000000000E+00  2.7441968216241597E-06  2.6661796707172430E-01  1.5541009618293530E-01  2.4440581837206843E-01  8.8817059436968751E-07
  3040   291.84000      0.0000000000000000E+00  2.6866326843288163E-06  2.6260276077311823E-01  1.3848447629960953E-01  2.2448537271024857E-01  7.2104573577637065E-07
  3050   292.80000      0.0000000000000000E+00  2.7622338003468217E-06  2.7263825155978511E-01  1.5949157054734572E-01  2.5294207050496748E-01  1.0055284433169524E-06
  3060   293.76000      0.0000000000000000E+00  2.7877284627397182E-06  2.8841035480562949E-01  1.5489952507657048E-01  2.2906063769628965E-01  8.1321544370728237E-07
  3070   294.72000      0.0000000000000000E+00  2.9467768828554678E-06  2.7233812901892623E-01  1.3853753293837368E-01  2.5627031048228704E-01  7.9740623229067686E-07
  3080   295.68000      0.0000000000000000E+00  2.6341415890225293E-06  2.6378527822394671E-01  1.6087272569012098E-01  2.1944714743950486E-01  8.4155987061648099E-07
  3090   296.64000      0.0000000000000000E+00  2.6480889427793118E-06  2.7513028825162811E-01  1.5033747854032686E-01  2.6300457346413558E-01  8.3413726760300896E-07
  3100   297.60000      0.0000000000000000E+00  2.7998580923916546E-06  2.9396191548149159E-01  1.9535500363322128E-01  2.1170548877663459E-01  7.2816865716567180E-07
  3110   298.56000      0.0000000000000000E+00  2.8101219548808395E-06  2.7054789138708679E-01  1.6069684919071395E-01  2.6098984632564248E-01  9.0278632006067571E-07
  3120   299.52000      0.0000000000000000E+00  2.6724828916296480E-06  2.6608735509255499E-01  1.9994245062195726E-01  2.1414908566562427E-01  9.8877657862970856E-07
  3130   300.48000      0.0000000000000000E+00  2.8849030684912696E-06  2.7390452517652053E-01  1.7932777260654251E-01  2.5766984265038673E-01  7.6975744565842944E-07
  3140   301.44000      0.0000000000000000E+00  2.9299657750445513E-06  2.9536460356673089E-01  2.0379485490264118E-01  2.1314675943198083E-01  8.5311061245214713E-07
  3150   302.40000      0.0000000000000000E+00  2.7439080848620820E-06  2.7403427881123105E-01  1.8708547566059611E-01  2.4130067101872957E-01  7.1441509633389733E-07
  3160   303.36000      0.0000000000000000E+00  2.6542889536570343E-06  2.7144787722134611E-01  2.0330825398947361E-01  2.2264726740899218E-01  8.7657869154279671E-07
  3170   304.32000      0.0000000000000000E+00  2.7629182662560032E-06  2.7999056188109189E-01  1.9205004484617258E-01  2.3841866611562318E-01  9.2103458281739795E-07
  3180   305.28000      0.0000000000000000E+00  2.9058355139969893E-06  2.9476665143086406E-01  2.0888903863510955E-01  2.1532604374664399E-01  7.8026253260202348E-07
  3190   306.24000      0.0000000000000000E+00  2.9584262593507462E-06  2.7835581712513352E-01  2.1874313707767709E-01  2.3193480465973049E-01  7.8867983954094361E-07
  3200   307.20000      0.0000000000000000E+00  2.7815853228394136E-06  2.7440197509511860E-01  2.4698851769590549E-01  2.2139372912108274E-01  8.6505284524184996E-07
  3210   308.16000      0.0000000000000000E+00  2.6905736460204830E-06  2.8656998452340821E-01  2.3950790429617849E-01  2.4339643212025769E-01  9.6958202195707831E-07
  3220   309.12000      0.0000000000000000E+00  2.7046674772666610E-06  3.0089912450964873E-01  2.3978188759629418E-01  2.0692617481471101E-01  7.8919374362214746E-07
  3230   310.08000      0.0000000000000000E+00  2.6504834436134810E-06  2.7712430379817676E-01  2.3770960327701277E-01  2.3348916578334961E-01  9.5391304734203877E-07
  3240   311.04000      0.0000000000000000E+00  2.8178315210429419E-06  2.8470515237961258E-01  2.5638196494126519E-01  2.1381900266548934E-01  8.1440109285254663E-07
  3250   312.00000      0.0000000000000000E+00  3.0896367072925134E-06  2.9597102709030443E-01  2.5512227975010227E-01  2.4897277272043006E-01  9.1612523468949462E-07
  3260   312.96000      0.0000000000000000E+00  3.1175555851376024E-06  3.0601279947275078E-01  2.4356033974239330E-01  2.1076753492540592E-01  8.0408286784913259E-07
  3270   313.92000      0.0000000000000000E+00  2.5818354168745070E-06  2.7732012830776365E-01  2.5408145681673350E-01  2.3299750196969857E-01  9.3473286587073433E-07
  3280   314.88000      0.0000000000000000E+00  2.5017345661964057E-06  2.8171107869622131E-01  2.6778610323885660E-01  2.1747362656268890E-01  8.7691137468597470E-07
  3290   315.84000      0.0000000000000000E+00  2.9413472680108425E-06  3.0646157637010812E-01  2.9281397445524904E-01  2.4566546285581425E-01  8.8278727447772271E-07
  3300   316.80000      0.0000000000000000E+00  2.9212685454178270E-06  3.0565811576461960E-01  2.9030180881430645E-01  2.1139254201922117E-01  8.4795293106146136E-07
  3310   317.76000      0.0000000000000000E+00  2.7427756374212276E-06  2.8605003047097199E-01  2.9611937524059756E-01  2.2202408462863157E-01  8.9149331153382107E-07
  3320   318.72000      0.0000000000000000E+00  2.4277821360586925E-06  2.8734151472603953E-01  2.9558066539248912E-01  2.1314411446887577E-01  9.7199085611841737E-07
  3330   319.68000      0.0000000000000000E+00  2.6316416779313096E-06  3.1029277856474807E-01  3.1304561225879057E-01  2.3291237436446566E-01  7.0868713537267905E-07
  3340   320.64000      0.0000000000000000E+00  2.4819069883084410E-06  3.0186600992139961E-01  3.1027366359224368E-01  2.1673415441871877E-01  8.8278383344773013E-07
  3350   321.60000      0.0000000000000000E+00  2.6708205240453737E-06  2.8856335907186809E-01  3.1818707374427679E-01  2.1044751603659245E-01  8.2480589750398739E-07
  3360   322.56000      0.0000000000000000E+00  2.6103471684721360E-06  2.8664989197903995E-01  2.9364849822986394E-01  2.1609326424030212E-01  9.7080828399577804E-07
  3370   323.52000      0.0000000000000000E+00  2.8549085752166340E-06  3.1166907575215969E-01  3.3055629072416676E-01  2.0659545014865943E-01  7.4859303329043611E-07
  3380   324.48000      0.0000000000000000E+00  2.5601764739022287E-06  3.0882586035503667E-01  3.1080750754527114E-01  2.0893866852218387E-01  1.0279252282612408E-06
  3390   325.44000      0.0000000000000000E+00  2.4644367259540219E-06  2.8869265389472815E-01  3.5865729716286232E-01  1.8998982434758871E-01  7.3440611469565096E-07
  3400   326.40000      0.0000000000000000E+00  2.5458676048084170E-06  2.8696601732554911E-01  3.2035856397832957E-01  2.1416869777699046E-01  7.9770079570879561E-07
  3410   327.36000      0.0000000000000000E+00  2.6118697311963019E-06  3.1891511580640919E-01  3.7871693470019163E-01  1.8512110063201109E-01  8.2490639489309411E-07
  3420   328.32000      0.0000000000000000E+00  2.9847551254388240E-06  3.0116003041851841E-01  3.3216939386108546E-01  2.0820556905299098E-01  7.4386098189086712E-07
  3430   329.28000      0.0000000000000000E+00  2.7116501198886992E-06  2.8543332297265600E-01  3.7714260783209635E-01  1.7859854480523238E-01  8.3570123815704535E-07
  3440   330.24000      0.0000000000000000E+00  2.7181043016275228E-06  2.8617457328686885E-01  3.6311745592280747E-01  2.1384668350351477E-01  8.0305496644720015E-07
  3450   331.20000      0.0000000000000000E+00  2.7671364999943782E-06  3.3017312623460449E-01  3.7464206218256241E-01  1.6901045092391312E-01  8.7694058783392593E-07
  3460   332.16000      0.0000000000000000E+00  2.5619311283182013E-06  3.0680302092184508E-01  3.5017633100477807E-01  1.9792763123113721E-01  7.3639632084875554E-07
  3470   333.12000      0.0000000000000000E+00  3.0010194728798373E-06  2.9597839490580946E-01  3.5608610260828505E-01  1.6955038651778415E-01  8.9325652545676393E-07
  3480   334.08000      0.0000000000000000E+00  2.8706364387003496E-06  2.9583613965203492E-01  3.5680161168485541E-01  1.9951336601846223E-01  8.1932638198059990E-07
  3490   335.04000      0.0000000000000000E+00  3.0402554507107109E-06  3.2316277150090467E-01  3.8663805968975024E-01  1.7094967615212700E-01  7.9618511747754289E-07
  3500   336.00000      0.0000000000000000E+00  3.0092754687508508E-06  3.0714908910794758E-01  3.8898022232761237E-01  1.8235525180856638E-01  8.2832163626331936E-07
  3510   336.96000      0.0000000000000000E+00  2.8642858137815339E-06  3.0205112710171950E-01  3.8249655818791695E-01  1.7414127887300265E-01  8.3216166819887087E-07
  3520   337.92000      0.0000000000000000E+00  2.9665328712734839E-06  3.0378963479586496E-01  3.6977041991524329E-01  1.7536860877895322E-01  8.8152653339332711E-07
  3530   338.88000      0.0000000000000000E+00  2.8933527199952483E-06  3.2189235683549872E-01  4.1376032829104148E-01  1.6805222492137781E-01  8.6107967167824824E-07
  3540   339.84000      0.0000000000000000E+00  2.7172516796092204E-06  3.1563580321170931E-01  4.2100199080256029E-01  1.6756006608935142E-01  7.1419394649664785E-07
  3550   340.80000      0.0000000000000000E+00  2.6628861237506106E-06  3.0906313336957658E-01  3.9478863489012406E-01  1.8213335498786556E-01  9.1018753317844165E-07
  3560   341.76000      0.0000000000000000E+00  3.0862666427201211E-06  3.1268369957785830E-01  3.7611879322512598E-01  1.6593932971027889E-01  7.5453558247702751E-07
  3570   342.72000      0.0000000000000000E+00  3.0058580243890343E-06  3.2216155868058444E-01  3.6654881694583069E-01  1.7972676710826235E-01  8.7353406698502678E-07
  3580   343.68000      0.0000000000000000E+00  2.8122035011699324E-06  3.2192829889023439E-01  3.8762045167572906E-01  1.6122710452195577E-01  8.3162543545922627E-07
  3590   344.64000      0.0000000000000000E+00  2.6511077214880890E-06  3.1410061510130877E-01  3.7373264953593321E-01  1.9502525128102702E-01  8.4305121804578287E-07
  3600   345.60000      0.0000000000000000E+00  2.7139225207504639E-06  3.2139961076040485E-01  3.8614691837153908E-01  1.6044550360625343E-01  8.4792308143528371E-07
  3610   346.56000      0.0000000000000000E+00  2.9797268865055291E-06  3.2823499685469842E-01  3.7377467456032565E-01  1.8199309789166199E-01  9.2635719392124529E-07
  3620   347.52000      0.0000000000000000E+00  2.9623641551940488E-06  3.2546348394118579E-01  3.9649219486874204E-01  1.5819172785112973E-01  7.3809479018315110E-07
  3630   348.48000      0.0000000000000000E+00  2.9037753408564718E-06  3.2404478326775005E-01  3.6846587405756237E-01  1.9640728862520104E-01  1.0431637503657569E-06
  3640   349.44000      0.0000000000000000E+00  2.7773967422148865E-06  3.2794194443901786E-01  3.8387805856383717E-01  1.6167831584557410E-01  9.0898249076361398E-07
  3650   350.40000      0.0000000000000000E+00  2.9908546068872855E-06  3.3164297632066497E-01  3.8527738921146415E-01  1.8305925744059576E-01  8.6775508010276043E-07
  3660   351.36000      0.0000000000000000E+00  2.6456135173551524E-06  3.3868549722162306E-01  3.7352075521807548E-01  1.6481339481388230E-01  7.4091714972668622E-07
  3670   352.32000      0.0000000000000000E+00  2.6132618501217927E-06  3.4192518437606007E-01  3.6708601891867104E-01  1.8663336168287145E-01  1.1195247107803663E-06
  3680   353.28000      0.0000000000000000E+00  3.2000366713553324E-06  3.3593382152446921E-01  3.6352372871708971E-01  1.6411758820951031E-01  6.5929323931298695E-07
  3690   354.24000      0.0000000000000000E+00  2.8460934748932653E-06  3.3562505231550910E-01  3.6832035320536705E-01  1.7703853900255606E-01  1.0133469155319965E-06
  3700   355.20000      0.0000000000000000E+00  2.3542098379617706E-06  3.5313429092072340E-01  3.7824346727167096E-01  1.7057032250988702E-01  7.7304614694618032E-07
  3710   356.16000      0.0000000000000000E+00  2.4353361752194987E-06  3.6425568099951400E-01  3.8948848105526740E-01  1.7241730140469388E-01  1.0026949297042603E-06
  3720   357.12000      0.0000000000000000E+00  2.6510681657017002E-06  3.3794456375961324E-01  3.7675868900391568E-01  1.6824576238199196E-01  7.7133800240014443E-07
  3730   358.08000      0.0000000000000000E+00  2.4360244210954424E-06  3.3489863839949358E-01  3.9249487477764017E-01  1.6567409991719875E-01  9.4806557698417958E-07
  3740   359.04000      0.0000000000000000E+00  2.7779917038992225E-06  3.6016730065730146E-01  3.9893672291341242E-01  1.7390852047651056E-01  7.5871861216795118E-07
  3750   360.00000      0.0000000000000000E+00  2.4163486267311898E-06  3.7543061525141103E-01  4.0937996595223775E-01  1.5672090216975088E-01  9.4560958587264641E-07
  3760   360.96000      0.0000000000000000E+00  2.3635013882462916E-06  3.3695340689818987E-01  3.7033962785910901E-01  1.7142451364787104E-01  9.0080525015007307E-07
  3770   361.92000      0.0000000000000000E+00  2.2849142648855306E-06  3.4197294035106202E-01  3.8420111138038165E-01  1.5433663956242685E-01  8.8803674983279307E-07
  3780   362.88000      0.0000000000000000E+00  2.3470862635883717E-06  3.7083352477287645E-01  3.7622215210829318E-01  1.7839807250068915E-01  9.2114967905522788E-07
  3790   363.84000      0.0000000000000000E+00  2.5139319052500829E-06  3.8473606023342849E-01  3.9079262864881420E-01  1.5202758373612610E-01  9.0386024609541491E-07
  3800   364.80000      0.0000000000000000E+00  2.5370873251047355E-06  3.4410540862188982E-01  3.8197975083646946E-01  1.6896253336879577E-01  8.6991804015886223E-07
  3810   365.76000      0.0000000000000000E+00  2.0617923269040690E-06  3.5274289037633366E-01  4.0536225119321606E-01  1.5683070778820998E-01  9.4174549119887548E-07
  3820   366.72000      0.0000000000000000E+00  2.5058740168455326E-06  3.9021381624925144E-01  3.9149343620054222E-01  1.6968395632311900E-01  8.2964803217014894E-07
  3830   367.68000      0.0000000000000000E+00  2.5407232654519222E-06  3.9072913262198850E-01  3.9638675089259595E-01  1.6170385626438294E-01  9.7581114852014963E-07
  3840   368.64000      0.0000000000000000E+00  2.4251563575096755E-06  3.5761088881530106E-01  3.8690853266980335E-01  1.6319145931988308E-01  8.2030064493736797E-07
  3850   369.60000      0.0000000000000000E+00  2.2428680712054339E-06  3.6902526384997492E-01  3.8816390386438265E-01  1.7213657861292420E-01  9.9195634933576888E-07
  3860   370.56000      0.0000000000000000E+00  2.4865501030987746E-06  4.0827743127593519E-01  3.7671323813863855E-01  1.5881238394666070E-01  8.9132145561474554E-07
  3870   371.52000      0.0000000000000000E+00  2.7183774063124993E-06  3.9329379415827287E-01  3.9673001890880066E-01  1.7242175592389047E-01  7.5259453433826226E-07
  3880   372.48000      0.0000000000000000E+00  2.4480854485461889E-06  3.6951772004223715E-01  3.8389010721884681E-01  1.6273344645423846E-01  1.0396604813125576E-06
  3890   373.44000      0.0000000000000000E+00  2.4099480807546461E-06  3.8308199684336058E-01  4.0121501625201744E-01  1.7775553688706361E-01  8.3095776076347944E-07
  3900   374.40000      0.0000000000000000E+00  2.6125335809645048E-06  4.2455774311504718E-01  3.9606457528576644E-01  1.5577688869541859E-01  1.0342300588225490E-06
  3910   375.36000      0.0000000000000000E+00  2.7694146154418258E-06  3.9712842366873613E-01  4.0361719068413360E-01  1.6695520574795075E-01  7.4885249377590238E-07
  3920   376.32000      0.0000000000000000E+00  2.5226515702477197E-06  3.7514634720892714E-01  3.9804937484866276E-01  1.6608718550652882E-01  1.0876160928788999E-06
  3930   377.28000      0.0000000000000000E+00  2.4595972678829320E-06  4.0160285990515909E-01  3.9302146953568629E-01  1.7410611758670211E-01  7.5769224426927822E-07
  3940   378.24000      0.0000000000000000E+00  2.5678184267624638E-06  4.3223245675089877E-01  3.8152680350417062E-01  1.5771937427270732E-01  9.4196899504157695E-07
  3950   379.20000      0.0000000000000000E+00  2.6185850879082747E-06  4.0413915431136588E-01  3.9634518959679421E-01  1.6134590221334477E-01  8.8496686799980728E-07
  3960   380.16000      0.0000000000000000E+00  2.4829534619954025E-06  3.8372131264637027E-01  3.9039825178092524E-01  1.7013538371606160E-01  1.1114912438297581E-06
  3970   381.12000      0.0000000000000000E+00  2.5224112944233325E-06  4.2310077442375238E-01  3.9315261031699950E-01  1.6461084151365540E-01  8.9778300621574827E-07
  3980   382.08000      0.0000000000000000E+00  2.7998525737625125E-06  4.3077363346037123E-01  4.0060119956669532E-01  1.6368540032065329E-01  8.6189697371661135E-07
  3990   383.04000      0.0000000000000000E+00  2.4870669733221874E-06  4.0831497505868092E-01  4.1435862157258507E-01  1.5348040295171583E-01  7.5159367976698323E-07
  4000   384.00000      0.0000000000000000E+00  2.5784528711339326E-06  3.9902170349562477E-01  4.1173084757870854E-01  1.7312340090709222E-01  1.0389424468182016E-06
  4010   384.96000      0.0000000000000000E+00  2.8015870375843213E-06  4.3481116054304292E-01  4.0385899248426982E-01  1.5178424961932985E-01  8.3805231706913801E-07
  4020   385.92000      0.0000000000000000E+00  2.6601372522327267E-06  4.1973123416494806E-01  4.0047871963939358E-01  1.7161143732391393E-01  1.0226496089035416E-06
  4030   386.88000      0.0000000000000000E+00  2.5831694666884160E-06  4.1282436111009263E-01  4.0049992119315880E-01  1.5127641371791695E-01  8.5745505252683750E-07
  4040   387.84000      0.0000000000000000E+00  2.6604389136573247E-06  4.1407123162035614E-01  4.0209649267191955E-01  1.7290673230199330E-01  8.9621980888880655E-07
  4050   388.80000      0.0000000000000000E+00  2.9581727147002966E-06  4.3939539457848831E-01  4.0907202889558458E-01  1.4464413046459051E-01  9.2773135686750463E-07
  4060   389.76000      0.0000000000000000E+00  3.0193633198527774E-06  4.1095902625169395E-01  4.2232422355658134E-01  1.6549171263494428E-01  7.9179782696228982E-07
  4070   390.72000      0.0000000000000000E+00  2.6306742672772822E-06  4.2055453412829197E-01  4.2349149150874177E-01  1.5494157498062539E-01  1.0727567175377977E-06
  4080   391.68000      0.0000000000000000E+00  2.6351484950398159E-06  4.2638628935714662E-01  4.1754109034645348E-01  1.6300638107975787E-01  8.5473359818992983E-07
  4090   392.64000      0.0000000000000000E+00  2.8809135296160332E-06  4.3833959070000150E-01  4.0993992851238392E-01  1.4738288933756499E-01  9.3946472026842727E-07
  4100   393.60000      0.0000000000000000E+00  2.5279081007223553E-06  4.1236749679803458E-01  4.0946128662137571E-01  1.5532136473990291E-01  7.8464948955198154E-07
  4110   394.56000      0.0000000000000000E+00  2.5761265095372617E-06  4.2649886672175125E-01  4.0678579700484901E-01  1.5927934309725097E-01  1.0740590963117038E-06
  4120   395.52000      0.0000000000000000E+00  2.6982408834521051E-06  4.3559481872031525E-01  4.1576833377066358E-01  1.5817962339955471E-01  7.2607456850574092E-07
  4130   396.48000      0.0000000000000000E+00  2.6379209810828339E-06  4.4206332180849178E-01  4.1151338952310451E-01  1.4424641693009674E-01  8.8991278629528897E-07
  4140   397.44000      0.0000000000000000E+00  2.6803915493405673E-06  4.1867588049011295E-01  4.3036264749895853E-01  1.5374630333894779E-01  9.2547059396771102E-07
  4150   398.40000      0.0000000000000000E+00  2.6588464540962547E-06  4.3704401983044383E-01  4.2330534154178856E-01  1.5216451836963302E-01  8.9624097423855145E-07
  4160   399.36000      0.0000000000000000E+00  2.7729929839105503E-06  4.4259130566754695E-01  4.2685763096702556E-01  1.5266229670052062E-01  9.0026187988048024E-07
  4170   400.32000      0.0000000000000000E+00  2.3947858890671264E-06  4.4011172367556045E-01  4.1223289151248660E-01  1.3666528780018558E-01  8.8208520328215271E-07
  4180   401.28000      0.0000000000000000E+00  2.3999179606029642E-06  4.2101204044799351E-01  4.1516886599313246E-01  1.5219746599166734E-01  8.7351312476710792E-07
  4190   402.24000      0.0000000000000000E+00  2.6484397307690964E-06  4.5182323283258136E-01  4.1425669527040510E-01  1.4032498836399732E-01  8.3716642272734938E-07
  4200   403.20000      0.0000000000000000E+00  2.4324894616530715E-06  4.4241932368761677E-01  4.1372800901974494E-01  1.4759602728132404E-01  9.1852463109042030E-07
  4210   404.16000      0.0000000000000000E+00  2.1865253032919500E-06  4.3362719290094137E-01  4.1978743589542750E-01  1.2924249271989702E-01  8.6833800615484919E-07
  4220   405.12000      0.0000000000000000E+00  2.5996485498531798E-06  4.3149206645975097E-01  4.2582736396632670E-01  1.5250957846185317E-01  8.5214292058256873E-07
  4230   406.08000      0.0000000000000000E+00  2.6331764618536619E-06  4.6193586612797277E-01  4.3550619480599884E-01  1.2720406250830957E-01  9.1466394378727220E-07
  4240   407.04000      0.0000000000000000E+00  2.1727197320035592E-06  4.3661683262607426E-01  4.2279922013697202E-01  1.3954836920172772E-01  8.0210815960564928E-07
  4250   408.00000      0.0000000000000000E+00  2.1829918617201281E-06  4.3483869946053266E-01  4.1880791699815284E-01  1.2394097958261338E-01  9.4279254233744760E-07
  4260   408.96000      0.0000000000000000E+00  2.6086790497500361E-06  4.4409908482463234E-01  4.0457289717528155E-01  1.4947332371357011E-01  7.7933460153123624E-07
  4270   409.92000      0.0000000000000000E+00  2.5000541872068755E-06  4.6372919179050875E-01  4.2240565604244151E-01  1.2167515112049451E-01  9.4428266140537991E-07
  4280   410.88000      0.0000000000000000E+00  2.2819515269261654E-06  4.3762173586688180E-01  4.1633718942422249E-01  1.2819243927869600E-01  8.1457232702187811E-07
  4290   411.84000      0.0000000000000000E+00  2.1450970828959472E-06  4.3155376105816357E-01  4.2322869687191611E-01  1.2329242992627862E-01  1.0019535090383550E-06
  4300   412.80000      0.0000000000000000E+00  2.5766177042698468E-06  4.5704080227888810E-01  4.1705754027036468E-01  1.3125750113070958E-01  8.1024579099076032E-07
  4310   413.76000      0.0000000000000000E+00  2.4266374659630172E-06  4.5563499042540023E-01  4.2248358880961429E-01  1.2324536579727778E-01  8.7643913545562312E-07
  4320   414.72000      0.0000000000000000E+00  2.3507753142518780E-06  4.3961321969041239E-01  4.1919048314563856E-01  1.0604247885592799E-01  9.5466506901758670E-07
  4330   415.68000      0.0000000000000000E+00  2.4437649839784505E-06  4.3788489195477648E-01  4.1222947039133345E-01  1.2840524704419928E-01  8.0712100481072862E-07
  4340   416.64000      0.0000000000000000E+00  2.4157170766943575E-06  4.6314412616826645E-01  4.1454630082896149E-01  1.0557318147166503E-01  9.5879741806076147E-07
  4350   417.60000      0.0000000000000000E+00  2.3587568564090902E-06  4.4390789188680291E-01  4.1254747742176717E-01  1.2734671666027414E-01  8.2691334761011201E-07
  4360   418.56000      0.0000000000000000E+00  2.2279031737776638E-06  4.4468063771020228E-01  4.2649963638998967E-01  8.9047795136100560E-02  1.0233343974111671E-06
  4370   419.52000      0.0000000000000000E+00  2.2956668596974847E-06  4.3950061636836624E-01  4.2506699551556226E-01  1.2915398022929181E-01  8.4214937341009165E-07
  4380   420.48000      0.0000000000000000E+00  2.2805831789958067E-06  4.6980568972393361E-01  4.3173292762558441E-01  8.3999396746860411E-02  9.5518703266311938E-07
  4390   421.44000      0.0000000000000000E+00  2.4830049513950232E-06  4.3151437290014677E-01  4.2241255426721019E-01  1.1739429008074902E-01  8.5009066407251230E-07
  4400   422.40000      0.0000000000000000E+00  2.3103625285233181E-06  4.4128950300923209E-01  4.1970988964842071E-01  7.9851127576107656E-02  1.0428451006058051E-06
  4410   423.36000      0.0000000000000000E+00  2.0599850520097567E-06  4.4269709801329521E-01  4.1441214400515941E-01  1.1427992880699302E-01  9.6415889707725099E-07
  4420   424.32000      0.0000000000000000E+00  2.5096295673920139E-06  4.6153557921988786E-01  4.1480959585126531E-01  7.1919036886366999E-02  9.8976686275607675E-07
  4430   425.28000      0.0000000000000000E+00  2.5691367752895576E-06  4.2357359721228621E-01  4.2097190822518454E-01  9.4252612615682907E-02  8.4913441217322814E-07
  4440   426.24000      0.0000000000000000E+00  2.4305288125031708E-06  4.4028110227308531E-01  4.2329374022027239E-01  7.6648396302606919E-02  1.0232514432767758E-06
  4450   427.20000      0.0000000000000000E+00  2.4515993163082201E-06  4.4244309695897527E-01  4.3593969923344228E-01  9.2803229109743937E-02  8.9758670091002745E-07
  4460   428.16000      0.0000000000000000E+00  2.5719672150702528E-06  4.5250496867656143E-01  4.3090811794868744E-01  6.1402396758028797E-02  1.0401139349154704E-06
  4470   429.12000      0.0000000000000000E+00  2.6125526965236643E-06  4.2059614037375009E-01  4.2563372136030375E-01  7.3017321123529322E-02  9.0878343094837389E-07
  4480   430.08000      0.0000000000000000E+00  2.8777216842569245E-06  4.3790474840867655E-01  4.0649281304200219E-01  6.5756950290522129E-02  9.9650118286828348E-07
  4490   431.04000      0.0000000000000000E+00  2.9736701298220315E-06  4.4215661484356256E-01  4.2110269203543216E-01  7.2543816321169088E-02  8.0254711419864634E-07
  4500   432.00000      0.0000000000000000E+00  2.7658114374589988E-06  4.4180603782243533E-01  4.1653994699520575E-01  4.8620868531068936E-02  1.1189484300849956E-06
  4510   432.96000      0.0000000000000000E+00  2.7021145899359911E-06  4.2156462833044483E-01  4.3371364458213119E-01  6.0342768967173589E-02  8.1619915961120281E-07
  4520   433.92000      0.0000000000000000E+00  2.9852086242422855E-06  4.4143015667162350E-01  4.2512516320269689E-01  5.1359788182697402E-02  1.0773861521261171E-06
  4530   434.88000      0.0000000000000000E+00  2.7514394029551529E-06  4.3648725680134515E-01  4.3188032994288628E-01  5.5614713154782933E-02  6.9916022820176436E-07
  4540   435.84000      0.0000000000000000E+00  2.7225175065403481E-06  4.3298377985721836E-01  4.2463706995319889E-01  3.3771517293906310E-02  1.0664520934039454E-06
  4550   436.80000      0.0000000000000000E+00  2.8073445348713985E-06  4.2439748202774424E-01  4.2728288318957536E-01  5.1846020514400279E-02  7.2475511060246598E-07
  4560   437.76000      0.0000000000000000E+00  2.6415160583150396E-06  4.4768724798009685E-01  4.2004278786020116E-01  3.5377879774345269E-02  9.9391139249631510E-07
  4570   438.72000      0.0000000000000000E+00  2.7534612946872651E-06  4.3352124399334835E-01  4.2082417418679874E-01  4.0825690316492122E-02  7.6853701894972845E-07
  4580   439.68000      0.0000000000000000E+00  2.6889287994005570E-06  4.2648780424602106E-01  4.1425026898599071E-01  2.3841260254195175E-02  1.1055619992607533E-06
  4590   440.64000      0.0000000000000000E+00  2.7808988262224928E-06  4.3404089831570292E-01  4.2271968330152937E-01  4.5768559574224217E-02  7.4724951423761853E-07
  4600   441.60000      0.0000000000000000E+00  2.5102627479415864E-06  4.5125401966492318E-01  4.2640585350593424E-01  2.6080925896497655E-02  1.0422934227838670E-06
  4610   442.56000      0.0000000000000000E+00  2.7303558102388219E-06  4.3407801361013004E-01  4.2844874336775929E-01  2.9250598155334963E-02  8.1750785305171942E-07
  4620   443.52000      0.0000000000000000E+00  2.6833743750721896E-06  4.2669342396879351E-01  4.1682077711097332E-01  2.0878574109667706E-02  1.0156287357574518E-06
  4630   444.48000      0.0000000000000000E+00  2.5835483029226929E-06  4.4304359880263217E-01  4.1754354985829484E-01  3.9238046641449434E-02  8.6507305239227934E-07
  4640   445.44000      0.0000000000000000E+00  2.6416819064033768E-06  4.4920482747489071E-01  4.1228396051783439E-01  2.3139838463527709E-02  9.5348301074423157E-07
  4650   446.40000      0.0000000000000000E+00  2.6338399487182515E-06  4.3710694932724437E-01  4.1875815427532287E-01  1.8413615224903875E-02  9.3459519152914809E-07
  4660   447.36000      0.0000000000000000E+00  2.5715389816238568E-06  4.3264464499256139E-01  4.1329684239928893E-01  2.3588994259188159E-02  8.8762933592933256E-07
  4670   448.32000      0.0000000000000000E+00  2.4432298312414866E-06  4.5280231066033205E-01  4.2361220690006679E-01  2.8565176217016125E-02  8.7436449510147720E-07
  4680   449.28000      0.0000000000000000E+00  2.3620675609791208E-06  4.4820638586465628E-01  4.1883256716045630E-01  2.4752783982805712E-02  9.8412411944971156E-07
