! Kinetic energy for species "ions"
  Iter        Time          Total Par.             Kin. Energy
     0   0.0000000             476327  9.7684209110152437E+01
    10  0.96000000             478232  9.8072888506090180E+01
    20   1.9200000             480137  9.8472704368008706E+01
    30   2.8800000             482043  9.8867378688789316E+01
    40   3.8400000             483948  9.9249560717600616E+01
    50   4.8000000             485853  9.9617060171555863E+01
    60   5.7600000             487759  9.9998799278569038E+01
    70   6.7200000             489664  1.0040515415090317E+02
    80   7.6800000             491569  1.0081228808582310E+02
    90   8.6400000             493475  1.0119415778206026E+02
   100   9.6000000             495380  1.0156060493986305E+02
   110   10.560000             497285  1.0193106961416166E+02
   120   11.520000             499191  1.0231880279840273E+02
   130   12.480000             501096  1.0271187849622869E+02
   140   13.440000             503001  1.0310374627692704E+02
   150   14.400000             504906  1.0349590231087431E+02
   160   15.360000             506812  1.0388744382814295E+02
   170   16.320000             508717  1.0426552258082302E+02
   180   17.280000             510622  1.0463018607689403E+02
   190   18.240000             512528  1.0499885790169078E+02
   200   19.200000             514433  1.0538921821499771E+02
   210   20.160000             516338  1.0579279150211400E+02
   220   21.120000             518244  1.0619066669320988E+02
   230   22.080000             520149  1.0656533401856368E+02
   240   23.040000             522054  1.0692654069792530E+02
   250   24.000000             523960  1.0730309620353988E+02
   260   24.960000             525865  1.0770015383431618E+02
   270   25.920000             527770  1.0810003292465018E+02
   280   26.880000             529675  1.0848447680684437E+02
   290   27.840000             531581  1.0886292937578605E+02
   300   28.800000             533486  1.0924915485469711E+02
   310   29.760000             535391  1.0963784263276904E+02
   320   30.720000             537297  1.1002184413624545E+02
   330   31.680000             539202  1.1039824187221737E+02
   340   32.640000             541107  1.1077930670855871E+02
   350   33.600000             543013  1.1117267209123760E+02
   360   34.560000             544918  1.1157539969329088E+02
   370   35.520000             546823  1.1196761968040443E+02
   380   36.480000             548729  1.1234211170983036E+02
   390   37.440000             550634  1.1270980083440082E+02
   400   38.400000             552539  1.1309274060263006E+02
   410   39.360000             554444  1.1348866279480725E+02
   420   40.320000             556350  1.1388772168423304E+02
   430   41.280000             558255  1.1427162354178373E+02
   440   42.240000             560160  1.1465576847713018E+02
   450   43.200000             562066  1.1503852125269330E+02
   460   44.160000             563971  1.1542601949348904E+02
   470   45.120000             565876  1.1580918809385253E+02
   480   46.080000             567782  1.1618768476910822E+02
   490   47.040000             569687  1.1657263416658208E+02
   500   48.000000             571592  1.1697076155453638E+02
   510   48.960000             573498  1.1737173641945913E+02
   520   49.920000             575403  1.1775485344484279E+02
   530   50.880000             577308  1.1811825031413852E+02
   540   51.840000             579213  1.1849216384658556E+02
   550   52.800000             581119  1.1888720757856240E+02
   560   53.760000             583024  1.1929379353378178E+02
   570   54.720000             584929  1.1969429160816097E+02
   580   55.680000             586835  1.2007405841226516E+02
   590   56.640000             588740  1.2044228811318631E+02
   600   57.600000             590645  1.2081960526453476E+02
   610   58.560000             592551  1.2120834077497848E+02
   620   59.520000             594456  1.2159720473554854E+02
   630   60.480000             596361  1.2198386958435226E+02
   640   61.440000             598267  1.2237922700968588E+02
   650   62.400000             600172  1.2277343155709670E+02
   660   63.360000             602077  1.2315461088288198E+02
   670   64.320000             603982  1.2352520744016255E+02
   680   65.280000             605888  1.2389623541383631E+02
   690   66.240000             607793  1.2429012746195363E+02
   700   67.200000             609698  1.2469900691239431E+02
   710   68.160000             611604  1.2510515964229876E+02
   720   69.120000             613509  1.2548461955423031E+02
   730   70.080000             615414  1.2584706347224821E+02
   740   71.040000             617320  1.2620909531889612E+02
   750   72.000000             619225  1.2660102919468611E+02
   760   72.960000             621130  1.2700539566354396E+02
   770   73.920000             623036  1.2741187600379715E+02
   780   74.880000             624941  1.2780430946175468E+02
   790   75.840000             626846  1.2817672754042559E+02
   800   76.800000             628751  1.2853810753829629E+02
   810   77.760000             630657  1.2890878115102004E+02
   820   78.720000             632562  1.2930629219799124E+02
   830   79.680000             634467  1.2971060593644077E+02
   840   80.640000             636373  1.3011890082800554E+02
   850   81.600000             638278  1.3050592880346426E+02
   860   82.560000             640183  1.3087328470450456E+02
   870   83.520000             642089  1.3123991052306550E+02
   880   84.480000             643994  1.3162099066441428E+02
   890   85.440000             645899  1.3202194806042775E+02
   900   86.400000             647805  1.3243349498563467E+02
   910   87.360000             649710  1.3282971947231960E+02
   920   88.320000             651615  1.3320648186474284E+02
   930   89.280000             653520  1.3357241555992942E+02
   940   90.240000             655426  1.3394219580402395E+02
   950   91.200000             657331  1.3432936231357886E+02
   960   92.160000             659236  1.3472595339857347E+02
   970   93.120000             661142  1.3513052108036976E+02
   980   94.080000             663047  1.3551955527577340E+02
   990   95.040000             664952  1.3589013033394343E+02
  1000   96.000000             666858  1.3625887581724368E+02
  1010   96.960000             668763  1.3663953519439298E+02
  1020   97.920000             670668  1.3703800020113314E+02
  1030   98.880000             672574  1.3743545264897045E+02
  1040   99.840000             674479  1.3783189343866431E+02
  1050   100.80000             676384  1.3821214079242009E+02
  1060   101.76000             678289  1.3858454364644152E+02
  1070   102.72000             680195  1.3895310266924974E+02
  1080   103.68000             682100  1.3933659317318211E+02
  1090   104.64000             684005  1.3974045778115749E+02
  1100   105.60000             685911  1.4014543632630057E+02
  1110   106.56000             687816  1.4053524317561551E+02
  1120   107.52000             689721  1.4091111271118956E+02
  1130   108.48000             691627  1.4128465722420395E+02
  1140   109.44000             693532  1.4166750037119866E+02
  1150   110.40000             695437  1.4205873572690140E+02
  1160   111.36000             697343  1.4245192459869401E+02
  1170   112.32000             699248  1.4283297730955266E+02
  1180   113.28000             701153  1.4321478633160842E+02
  1190   114.24000             703058  1.4360712258367300E+02
  1200   115.20000             704964  1.4399283481462135E+02
  1210   116.16000             706869  1.4436829072390583E+02
  1220   117.12000             708774  1.4474329767934216E+02
  1230   118.08000             710680  1.4513364218104158E+02
  1240   119.04000             712585  1.4553495780724762E+02
  1250   120.00000             714490  1.4593642048311506E+02
  1260   120.96000             716396  1.4631641795694856E+02
  1270   121.92000             718301  1.4668891617973139E+02
  1280   122.88000             720206  1.4707312318512137E+02
  1290   123.84000             722111  1.4746816750797854E+02
  1300   124.80000             724017  1.4785788926481942E+02
  1310   125.76000             725922  1.4823328197722225E+02
  1320   126.72000             727827  1.4861328300707163E+02
  1330   127.68000             729733  1.4901416601292519E+02
  1340   128.64000             731638  1.4941375222666886E+02
  1350   129.60000             733543  1.4979392248606564E+02
  1360   130.56000             735449  1.5015882477638297E+02
  1370   131.52000             737354  1.5053625567685913E+02
  1380   132.48000             739259  1.5093715046914463E+02
  1390   133.44000             741165  1.5134262395722106E+02
  1400   134.40000             743070  1.5173450494538548E+02
  1410   135.36000             744975  1.5211626087611404E+02
  1420   136.32000             746880  1.5249040868986657E+02
  1430   137.28000             748786  1.5287224074664971E+02
  1440   138.24000             750691  1.5326193120986565E+02
  1450   139.20000             752596  1.5365441128762470E+02
  1460   140.16000             754502  1.5405548359603918E+02
  1470   141.12000             756407  1.5444888995922997E+02
  1480   142.08000             758312  1.5482156600966493E+02
  1490   143.04000             760218  1.5518324352350487E+02
  1500   144.00000             762123  1.5555186318904907E+02
  1510   144.96000             764028  1.5594886157952155E+02
  1520   145.92000             765934  1.5635328560748113E+02
  1530   146.88000             767839  1.5674102685424060E+02
  1540   147.84000             769744  1.5711996520755196E+02
  1550   148.80000             771649  1.5750042306320026E+02
  1560   149.76000             773555  1.5788543037778470E+02
  1570   150.72000             775460  1.5826376314214758E+02
  1580   151.68000             777365  1.5863521505663255E+02
  1590   152.64000             779271  1.5903126270611364E+02
  1600   153.60000             781176  1.5945983489786124E+02
  1610   154.56000             783081  1.5987669709062226E+02
  1620   155.52000             784987  1.6024101798209239E+02
  1630   156.48000             786892  1.6056932060177559E+02
  1640   157.44000             788797  1.6093581585372408E+02
  1650   158.40000             790703  1.6137157110970531E+02
  1660   159.36000             792608  1.6181711224545353E+02
  1670   160.32000             794513  1.6220596088707185E+02
  1680   161.28000             796418  1.6254176962395451E+02
  1690   162.24000             798324  1.6288486603541614E+02
  1700   163.20000             800229  1.6328413293547891E+02
  1710   164.16000             802134  1.6370843084642382E+02
  1720   165.12000             804040  1.6409937516561519E+02
  1730   166.08000             805945  1.6445958253462175E+02
  1740   167.04000             807850  1.6483405389295390E+02
  1750   168.00000             809756  1.6524044873059574E+02
  1760   168.96000             811661  1.6563706958493901E+02
  1770   169.92000             813566  1.6599304136002451E+02
  1780   170.88000             815472  1.6633966585735527E+02
  1790   171.84000             817377  1.6672962752795902E+02
  1800   172.80000             819282  1.6717768967142979E+02
  1810   173.76000             821187  1.6761549870649048E+02
  1820   174.72000             823093  1.6796773463350723E+02
  1830   175.68000             824998  1.6825365691459658E+02
  1840   176.64000             826903  1.6860540247804801E+02
  1850   177.60000             828809  1.6906983509633500E+02
  1860   178.56000             830714  1.6956640109316584E+02
  1870   179.52000             832619  1.6995884487189454E+02
  1880   180.48000             834525  1.7023369072500239E+02
  1890   181.44000             836430  1.7052894635200005E+02
  1900   182.40000             838335  1.7095529679660319E+02
  1910   183.36000             840241  1.7145429348268544E+02
  1920   184.32000             842146  1.7186913261338972E+02
  1930   185.28000             844051  1.7216134481876929E+02
  1940   186.24000             845956  1.7246258632060287E+02
  1950   187.20000             847862  1.7288363330598634E+02
  1960   188.16000             849767  1.7337005957742423E+02
  1970   189.12000             851672  1.7376975926276751E+02
  1980   190.08000             853578  1.7405532424991895E+02
  1990   191.04000             855483  1.7436899120137738E+02
  2000   192.00000             857388  1.7481717063858565E+02
  2010   192.96000             859294  1.7531913846631483E+02
  2020   193.92000             861199  1.7570556636122137E+02
  2030   194.88000             863104  1.7595850266709039E+02
  2040   195.84000             865010  1.7624472759044642E+02
  2050   196.80000             866915  1.7670727550050447E+02
  2060   197.76000             868820  1.7724978661074312E+02
  2070   198.72000             870725  1.7766273855075747E+02
  2080   199.68000             872631  1.7790219535776387E+02
  2090   200.64000             874536  1.7815589026238825E+02
  2100   201.60000             876441  1.7859411931503791E+02
  2110   202.56000             878347  1.7914598993063919E+02
  2120   203.52000             880252  1.7959652923114936E+02
  2130   204.48000             882157  1.7986836516757984E+02
  2140   205.44000             884063  1.8011510132894654E+02
  2150   206.40000             885968  1.8052229688665517E+02
  2160   207.36000             887873  1.8106201855302965E+02
  2170   208.32000             889779  1.8152403616725908E+02
  2180   209.28000             891684  1.8180476208181892E+02
  2190   210.24000             893589  1.8204887802173448E+02
  2200   211.20000             895494  1.8244590338500538E+02
  2210   212.16000             897400  1.8297374717230932E+02
  2220   213.12000             899305  1.8343277690087561E+02
  2230   214.08000             901210  1.8372146294896078E+02
  2240   215.04000             903116  1.8397649192351457E+02
  2250   216.00000             905021  1.8436909710297016E+02
  2260   216.96000             906926  1.8488588503390019E+02
  2270   217.92000             908832  1.8534128381595860E+02
  2280   218.88000             910737  1.8562974748933391E+02
  2290   219.84000             912642  1.8588500965157220E+02
  2300   220.80000             914548  1.8628493497122582E+02
  2310   221.76000             916453  1.8680580301130212E+02
  2320   222.72000             918358  1.8725057846308920E+02
  2330   223.68000             920263  1.8753596360294154E+02
  2340   224.64000             922169  1.8780069668963489E+02
  2350   225.60000             924074  1.8822240185682489E+02
  2360   226.56000             925979  1.8874868763342801E+02
  2370   227.52000             927885  1.8917813608869048E+02
  2380   228.48000             929790  1.8943211075244156E+02
  2390   229.44000             931695  1.8969167259845227E+02
  2400   230.40000             933601  1.9012346407717158E+02
  2410   231.36000             935506  1.9067961204076011E+02
  2420   232.32000             937411  1.9112493196935998E+02
  2430   233.28000             939317  1.9137018825855583E+02
  2440   234.24000             941222  1.9158429713097695E+02
  2450   235.20000             943127  1.9200329208941946E+02
  2460   236.16000             945032  1.9258779621505755E+02
  2470   237.12000             946938  1.9306702173665306E+02
  2480   238.08000             948843  1.9330683705256155E+02
  2490   239.04000             950748  1.9348887154303560E+02
  2500   240.00000             952654  1.9388620416438826E+02
  2510   240.96000             954559  1.9448964455372601E+02
  2520   241.92000             956464  1.9500688498013011E+02
  2530   242.88000             958370  1.9525759002264130E+02
  2540   243.84000             960275  1.9541726908451039E+02
  2550   244.80000             962180  1.9579497332873632E+02
  2560   245.76000             964086  1.9640568268886676E+02
  2570   246.72000             965991  1.9693580730194225E+02
  2580   247.68000             967896  1.9718261253115600E+02
  2590   248.64000             969801  1.9732804152673017E+02
  2600   249.60000             971707  1.9769325192471257E+02
  2610   250.56000             973612  1.9829728263378115E+02
  2620   251.52000             975517  1.9881726967038176E+02
  2630   252.48000             977423  1.9906882752385226E+02
  2640   253.44000             979328  1.9924105114021842E+02
  2650   254.40000             981233  1.9961632041889516E+02
  2660   255.36000             983139  2.0018597227875051E+02
  2670   256.32000             985044  2.0067616402895837E+02
  2680   257.28000             986949  2.0094261040646580E+02
  2690   258.24000             988855  2.0116676020465368E+02
  2700   259.20000             990760  2.0155713424872755E+02
  2710   260.16000             992665  2.0208865653828724E+02
  2720   261.12000             994570  2.0255404790370278E+02
  2730   262.08000             996476  2.0285240447749663E+02
  2740   263.04000             998381  2.0311203937870050E+02
  2750   264.00000            1000286  2.0349570708825905E+02
  2760   264.96000            1002192  2.0398654073235511E+02
  2770   265.92000            1004097  2.0442104219973396E+02
  2780   266.88000            1006002  2.0473468070782997E+02
  2790   267.84000            1007908  2.0502636755860129E+02
  2800   268.80000            1009813  2.0540647263008057E+02
  2810   269.76000            1011718  2.0585846293221056E+02
  2820   270.72000            1013624  2.0628283622524469E+02
  2830   271.68000            1015529  2.0662390818807097E+02
  2840   272.64000            1017434  2.0692655169516084E+02
  2850   273.60000            1019339  2.0727537764022389E+02
  2860   274.56000            1021245  2.0770110357494443E+02
  2870   275.52000            1023150  2.0814618015515805E+02
  2880   276.48000            1025055  2.0851798671819685E+02
  2890   277.44000            1026961  2.0881457610521508E+02
  2900   278.40000            1028866  2.0913846758432311E+02
  2910   279.36000            1030771  2.0957735756323837E+02
  2920   280.32000            1032677  2.1006385518978121E+02
  2930   281.28000            1034582  2.1044151730264673E+02
  2940   282.24000            1036487  2.1070826549007532E+02
  2950   283.20000            1038393  2.1102563381158052E+02
  2960   284.16000            1040298  2.1149066829663289E+02
  2970   285.12000            1042203  2.1198580871978720E+02
  2980   286.08000            1044108  2.1232618874058886E+02
  2990   287.04000            1046014  2.1256823055356341E+02
  3000   288.00000            1047919  2.1291421797069995E+02
  3010   288.96000            1049824  2.1341765602018174E+02
  3020   289.92000            1051730  2.1388210226639018E+02
  3030   290.88000            1053635  2.1417810717657775E+02
  3040   291.84000            1055540  2.1443656236821221E+02
  3050   292.80000            1057446  2.1484441914328343E+02
  3060   293.76000            1059351  2.1535444384571133E+02
  3070   294.72000            1061256  2.1576421652037007E+02
  3080   295.68000            1063162  2.1603585494224808E+02
  3090   296.64000            1065067  2.1634530534322784E+02
  3100   297.60000            1066972  2.1680064262393159E+02
  3110   298.56000            1068877  2.1727530326406335E+02
  3120   299.52000            1070783  2.1763448429513687E+02
  3130   300.48000            1072688  2.1792712640304637E+02
  3140   301.44000            1074593  2.1830156612602565E+02
  3150   302.40000            1076499  2.1876257709439398E+02
  3160   303.36000            1078404  2.1918794931513827E+02
  3170   304.32000            1080309  2.1952952731388427E+02
  3180   305.28000            1082215  2.1985545467785806E+02
  3190   306.24000            1084120  2.2022963238077443E+02
  3200   307.20000            1086025  2.2065809878017265E+02
  3210   308.16000            1087931  2.2105611147342248E+02
  3220   309.12000            1089836  2.2140607647857345E+02
  3230   310.08000            1091741  2.2173528735258967E+02
  3240   311.04000            1093646  2.2212787619041416E+02
  3250   312.00000            1095552  2.2256508022657408E+02
  3260   312.96000            1097457  2.2295240103606596E+02
  3270   313.92000            1099362  2.2326655865704063E+02
  3280   314.88000            1101268  2.2360201411461216E+02
  3290   315.84000            1103173  2.2403341218549849E+02
  3300   316.80000            1105078  2.2446835795511845E+02
  3310   317.76000            1106984  2.2481329144092942E+02
  3320   318.72000            1108889  2.2513319936653596E+02
  3330   319.68000            1110794  2.2552347581185805E+02
  3340   320.64000            1112700  2.2595174135209402E+02
  3350   321.60000            1114605  2.2632528819146106E+02
  3360   322.56000            1116510  2.2665772134455858E+02
  3370   323.52000            1118415  2.2701679275218669E+02
  3380   324.48000            1120321  2.2740188462944843E+02
  3390   325.44000            1122226  2.2776779029588431E+02
  3400   326.40000            1124131  2.2812094417846484E+02
  3410   327.36000            1126037  2.2847623592704085E+02
  3420   328.32000            1127942  2.2883192450969301E+02
  3430   329.28000            1129847  2.2919849959852033E+02
  3440   330.24000            1131753  2.2956812495564486E+02
  3450   331.20000            1133658  2.2992049676172599E+02
  3460   332.16000            1135563  2.3024620225732156E+02
  3470   333.12000            1137469  2.3059463818592729E+02
  3480   334.08000            1139374  2.3096839663671915E+02
  3490   335.04000            1141279  2.3131830108805363E+02
  3500   336.00000            1143184  2.3162866440945112E+02
  3510   336.96000            1145090  2.3197245078241968E+02
  3520   337.92000            1146995  2.3236120696292659E+02
  3530   338.88000            1148900  2.3271657704667069E+02
  3540   339.84000            1150806  2.3304818510766285E+02
  3550   340.80000            1152711  2.3341373620343956E+02
  3560   341.76000            1154616  2.3381060404266694E+02
  3570   342.72000            1156522  2.3416390161580097E+02
  3580   343.68000            1158427  2.3448921381404239E+02
  3590   344.64000            1160332  2.3486515060433157E+02
  3600   345.60000            1162238  2.3526551127199897E+02
  3610   346.56000            1164143  2.3561290909151381E+02
  3620   347.52000            1166048  2.3593712446336622E+02
  3630   348.48000            1167953  2.3633047990568707E+02
  3640   349.44000            1169859  2.3675351556470989E+02
  3650   350.40000            1171764  2.3711474860659996E+02
  3660   351.36000            1173669  2.3744916823183752E+02
  3670   352.32000            1175575  2.3782581695777833E+02
  3680   353.28000            1177480  2.3823022153320673E+02
  3690   354.24000            1179385  2.3860728015788729E+02
  3700   355.20000            1181291  2.3895101559372711E+02
  3710   356.16000            1183196  2.3930620991017372E+02
  3720   357.12000            1185101  2.3968915226390743E+02
  3730   358.08000            1187007  2.4009419426458015E+02
  3740   359.04000            1188912  2.4048261870247643E+02
  3750   360.00000            1190817  2.4083791970344038E+02
  3760   360.96000            1192722  2.4119706751026570E+02
  3770   361.92000            1194628  2.4159059784141726E+02
  3780   362.88000            1196533  2.4199638245168447E+02
  3790   363.84000            1198438  2.4236775710051728E+02
  3800   364.80000            1200344  2.4271402167983996E+02
  3810   365.76000            1202249  2.4309009087966064E+02
  3820   366.72000            1204154  2.4348517368906820E+02
  3830   367.68000            1206060  2.4386812239506699E+02
  3840   368.64000            1207965  2.4423916718229555E+02
  3850   369.60000            1209870  2.4462871043714642E+02
  3860   370.56000            1211775  2.4500774613979129E+02
  3870   371.52000            1213681  2.4536847869728177E+02
  3880   372.48000            1215586  2.4575995745683639E+02
  3890   373.44000            1217491  2.4616440644920667E+02
  3900   374.40000            1219397  2.4653240735447753E+02
  3910   375.36000            1221302  2.4687206751153650E+02
  3920   376.32000            1223207  2.4726199559630231E+02
  3930   377.28000            1225113  2.4769213510828331E+02
  3940   378.24000            1227018  2.4806593278942299E+02
  3950   379.20000            1228923  2.4839005173279730E+02
  3960   380.16000            1230829  2.4876387409330906E+02
  3970   381.12000            1232734  2.4918792228869188E+02
  3980   382.08000            1234639  2.4957216255358531E+02
  3990   383.04000            1236544  2.4992028363833606E+02
  4000   384.00000            1238450  2.5029339287201631E+02
  4010   384.96000            1240355  2.5069331236067410E+02
  4020   385.92000            1242260  2.5107247191688469E+02
  4030   386.88000            1244166  2.5143891640084132E+02
  4040   387.84000            1246071  2.5182960458416392E+02
  4050   388.80000            1247976  2.5220966495645763E+02
  4060   389.76000            1249882  2.5256847494641505E+02
  4070   390.72000            1251787  2.5294528662819505E+02
  4080   391.68000            1253692  2.5334453368530956E+02
  4090   392.64000            1255598  2.5371516578004645E+02
  4100   393.60000            1257503  2.5406711455016708E+02
  4110   394.56000            1259408  2.5446057909757803E+02
  4120   395.52000            1261313  2.5486828662922269E+02
  4130   396.48000            1263219  2.5523353324928340E+02
  4140   397.44000            1265124  2.5558646355080589E+02
  4150   398.40000            1267029  2.5598205321064242E+02
  4160   399.36000            1268935  2.5639051440530125E+02
  4170   400.32000            1270840  2.5675836358709097E+02
  4180   401.28000            1272745  2.5712392461742337E+02
  4190   402.24000            1274651  2.5752603581482424E+02
  4200   403.20000            1276556  2.5791026456755657E+02
  4210   404.16000            1278461  2.5827358196529315E+02
  4220   405.12000            1280367  2.5865231814040578E+02
  4230   406.08000            1282272  2.5904898828352799E+02
  4240   407.04000            1284177  2.5942404394808432E+02
  4250   408.00000            1286082  2.5978907682444105E+02
  4260   408.96000            1287988  2.6018944926870569E+02
  4270   409.92000            1289893  2.6058447748214337E+02
  4280   410.88000            1291798  2.6094575855548305E+02
  4290   411.84000            1293704  2.6131229023580261E+02
  4300   412.80000            1295609  2.6170934369108039E+02
  4310   413.76000            1297514  2.6210701971679157E+02
  4320   414.72000            1299420  2.6247324769235581E+02
  4330   415.68000            1301325  2.6284521004698229E+02
  4340   416.64000            1303230  2.6323772009788036E+02
  4350   417.60000            1305136  2.6361924892859588E+02
  4360   418.56000            1307041  2.6399119055027194E+02
  4370   419.52000            1308946  2.6438948959782635E+02
  4380   420.48000            1310851  2.6477627359904938E+02
  4390   421.44000            1312757  2.6513239656044215E+02
  4400   422.40000            1314662  2.6551177209340165E+02
  4410   423.36000            1316567  2.6592550728839808E+02
  4420   424.32000            1318473  2.6631445254013397E+02
  4430   425.28000            1320378  2.6664991113469961E+02
  4440   426.24000            1322283  2.6702891934955937E+02
  4450   427.20000            1324189  2.6745483583417820E+02
  4460   428.16000            1326094  2.6783985499478297E+02
  4470   429.12000            1327999  2.6817470422807554E+02
  4480   430.08000            1329905  2.6855133750378025E+02
  4490   431.04000            1331810  2.6897837649434200E+02
  4500   432.00000            1333715  2.6936304472731513E+02
  4510   432.96000            1335620  2.6970131731475868E+02
  4520   433.92000            1337526  2.7007482186865502E+02
  4530   434.88000            1339431  2.7048188670241950E+02
  4540   435.84000            1341336  2.7086966469003715E+02
  4550   436.80000            1343242  2.7124198502587001E+02
  4560   437.76000            1345147  2.7162625206280285E+02
  4570   438.72000            1347052  2.7200267832058120E+02
  4580   439.68000            1348958  2.7238011647845758E+02
  4590   440.64000            1350863  2.7278316667307786E+02
  4600   441.60000            1352768  2.7317796049974589E+02
  4610   442.56000            1354674  2.7352920645130718E+02
  4620   443.52000            1356579  2.7388971889559082E+02
  4630   444.48000            1358484  2.7430691056391890E+02
  4640   445.44000            1360389  2.7471924980466628E+02
  4650   446.40000            1362295  2.7507744289170023E+02
  4660   447.36000            1364200  2.7542647468442061E+02
  4670   448.32000            1366105  2.7583383235821447E+02
  4680   449.28000            1368011  2.7624928827739541E+02
