! Kinetic energy for species "electrons"
  Iter        Time          Total Par.             Kin. Energy
     0   0.0000000             982424  2.0156936358366737E+00
    10  0.96000000             984329  1.3650402399821155E+00
    20   1.9200000             986235  1.1382943061301021E+00
    30   2.8800000             988140  1.9366273097998117E+00
    40   3.8400000             990045  1.6432103694207028E+00
    50   4.8000000             991951  1.0849517975379404E+00
    60   5.7600000             993856  1.7907746172290113E+00
    70   6.7200000             995761  1.8986383850141637E+00
    80   7.6800000             997667  1.1196726263544790E+00
    90   8.6400000             999572  1.5091518159387223E+00
   100   9.6000000            1001477  2.0484425226610714E+00
   110   10.560000            1003383  1.3681572125431209E+00
   120   11.520000            1005288  1.3503148984697293E+00
   130   12.480000            1007193  2.0681285849102355E+00
   140   13.440000            1009098  1.6262760195626975E+00
   150   14.400000            1011004  1.1996035267830263E+00
   160   15.360000            1012909  1.9234855935068118E+00
   170   16.320000            1014814  1.9024254644589078E+00
   180   17.280000            1016720  1.2553827175697148E+00
   190   18.240000            1018625  1.7749873494671156E+00
   200   19.200000            1020530  2.1019912299438808E+00
   210   20.160000            1022436  1.3718510742102268E+00
   220   21.120000            1024341  1.5127416723873905E+00
   230   22.080000            1026246  2.1573429069106127E+00
   240   23.040000            1028151  1.6587124177740544E+00
   250   24.000000            1030057  1.4115675886902661E+00
   260   24.960000            1031962  2.1095618921502961E+00
   270   25.920000            1033867  1.8921113117075976E+00
   280   26.880000            1035773  1.3417388999894035E+00
   290   27.840000            1037678  1.9371516563466051E+00
   300   28.800000            1039583  2.1170950887366433E+00
   310   29.760000            1041489  1.4375706779617052E+00
   320   30.720000            1043394  1.7266305015650905E+00
   330   31.680000            1045299  2.2303916068770056E+00
   340   32.640000            1047205  1.6391095565228264E+00
   350   33.600000            1049110  1.5567228807528308E+00
   360   34.560000            1051015  2.2154801263082686E+00
   370   35.520000            1052920  1.8727541694631413E+00
   380   36.480000            1054826  1.4545924884422392E+00
   390   37.440000            1056731  2.0994899014334627E+00
   400   38.400000            1058636  2.1256509002684068E+00
   410   39.360000            1060542  1.5077042368804263E+00
   420   40.320000            1062447  1.9153290626619190E+00
   430   41.280000            1064352  2.2725174363495562E+00
   440   42.240000            1066258  1.6476803706909959E+00
   450   43.200000            1068163  1.7213249525096430E+00
   460   44.160000            1070068  2.3110898587599702E+00
   470   45.120000            1071974  1.8685089121721656E+00
   480   46.080000            1073879  1.5992157142387595E+00
   490   47.040000            1075784  2.2499367970666753E+00
   500   48.000000            1077689  2.1092324290635718E+00
   510   48.960000            1079595  1.5482922550195140E+00
   520   49.920000            1081500  2.0483197599344232E+00
   530   50.880000            1083405  2.2841108309552602E+00
   540   51.840000            1085311  1.6859797398284366E+00
   550   52.800000            1087216  1.8918172285362851E+00
   560   53.760000            1089121  2.3700749716431759E+00
   570   54.720000            1091027  1.8500445460001096E+00
   580   55.680000            1092932  1.7089501118725834E+00
   590   56.640000            1094837  2.3420310619463516E+00
   600   57.600000            1096743  2.1161141020337784E+00
   610   58.560000            1098648  1.6803279048393893E+00
   620   59.520000            1100553  2.2242163597131626E+00
   630   60.480000            1102458  2.3169659037664641E+00
   640   61.440000            1104364  1.7226039506230852E+00
   650   62.400000            1106269  2.0181704394065298E+00
   660   63.360000            1108174  2.4161622086161940E+00
   670   64.320000            1110080  1.9020652204846344E+00
   680   65.280000            1111985  1.9115602627599433E+00
   690   66.240000            1113890  2.4709111370419965E+00
   700   67.200000            1115796  2.1074575394312869E+00
   710   68.160000            1117701  1.7730132818204978E+00
   720   69.120000            1119606  2.3382305747742511E+00
   730   70.080000            1121512  2.3269179183483866E+00
   740   71.040000            1123417  1.8443096472391289E+00
   750   72.000000            1125322  2.2415397067169835E+00
   760   72.960000            1127227  2.4758540765232859E+00
   770   73.920000            1129133  1.9312181557864330E+00
   780   74.880000            1131038  2.0372214053423883E+00
   790   75.840000            1132943  2.5078543298583198E+00
   800   76.800000            1134849  2.1510614448158907E+00
   810   77.760000            1136754  1.9830378986456805E+00
   820   78.720000            1138659  2.4995437179521915E+00
   830   79.680000            1140565  2.3499023465531015E+00
   840   80.640000            1142470  1.9141242377029597E+00
   850   81.600000            1144375  2.3441605996883275E+00
   860   82.560000            1146281  2.5075276039869840E+00
   870   83.520000            1148186  2.0392028703378577E+00
   880   84.480000            1150091  2.2466184060493415E+00
   890   85.440000            1151996  2.5964781303913065E+00
   900   86.400000            1153902  2.1661345490629236E+00
   910   87.360000            1155807  2.0947849466256798E+00
   920   88.320000            1157712  2.5728950140196494E+00
   930   89.280000            1159618  2.3608469692571337E+00
   940   90.240000            1161523  2.0869415765834241E+00
   950   91.200000            1163428  2.5187610492821850E+00
   960   92.160000            1165334  2.5328096299252922E+00
   970   93.120000            1167239  2.1072130735790098E+00
   980   94.080000            1169144  2.3697577688004348E+00
   990   95.040000            1171050  2.6427907562966695E+00
  1000   96.000000            1172955  2.2567467418793634E+00
  1010   96.960000            1174860  2.2974740327340628E+00
  1020   97.920000            1176765  2.6897163541063511E+00
  1030   98.880000            1178671  2.4041281162200727E+00
  1040   99.840000            1180576  2.2120384577385721E+00
  1050   100.80000            1182481  2.6300909954371718E+00
  1060   101.76000            1184387  2.5794411406806557E+00
  1070   102.72000            1186292  2.2476110446702169E+00
  1080   103.68000            1188197  2.5517432209186937E+00
  1090   104.64000            1190103  2.7050821913944585E+00
  1100   105.60000            1192008  2.3029802262734043E+00
  1110   106.56000            1193913  2.4214485120110041E+00
  1120   107.52000            1195819  2.7528006467675130E+00
  1130   108.48000            1197724  2.4498000761867051E+00
  1140   109.44000            1199629  2.3664193888735303E+00
  1150   110.40000            1201534  2.7278290384461998E+00
  1160   111.36000            1203440  2.5936650517315423E+00
  1170   112.32000            1205345  2.3498827905380688E+00
  1180   113.28000            1207250  2.6682636504916513E+00
  1190   114.24000            1209156  2.7434182610993361E+00
  1200   115.20000            1211061  2.3970758511250403E+00
  1210   116.16000            1212966  2.5626179031257417E+00
  1220   117.12000            1214872  2.8332888598117001E+00
  1230   118.08000            1216777  2.5349215101718019E+00
  1240   119.04000            1218682  2.4804018245191042E+00
  1250   120.00000            1220588  2.8170348613584526E+00
  1260   120.96000            1222493  2.6607597581515359E+00
  1270   121.92000            1224398  2.4388242855453495E+00
  1280   122.88000            1226303  2.7974945458728291E+00
  1290   123.84000            1228209  2.7918811476889696E+00
  1300   124.80000            1230114  2.4539960930407068E+00
  1310   125.76000            1232019  2.7267624869792364E+00
  1320   126.72000            1233925  2.8967543100790181E+00
  1330   127.68000            1235830  2.5602674479386502E+00
  1340   128.64000            1237735  2.6226851817462942E+00
  1350   129.60000            1239641  2.8946912397223770E+00
  1360   130.56000            1241546  2.7157669755527922E+00
  1370   131.52000            1243451  2.6019902212441162E+00
  1380   132.48000            1245357  2.8934005243729044E+00
  1390   133.44000            1247262  2.8554485351799404E+00
  1400   134.40000            1249167  2.5645691553616006E+00
  1410   135.36000            1251072  2.7980497616765119E+00
  1420   136.32000            1252978  2.9651012265986005E+00
  1430   137.28000            1254883  2.6314044745612142E+00
  1440   138.24000            1256788  2.7375071633073880E+00
  1450   139.20000            1258694  3.0500925626038344E+00
  1460   140.16000            1260599  2.7211124513826039E+00
  1470   141.12000            1262504  2.6512929867825776E+00
  1480   142.08000            1264410  3.0227700243868236E+00
  1490   143.04000            1266315  2.8542498286475180E+00
  1500   144.00000            1268220  2.7167236022845374E+00
  1510   144.96000            1270126  3.0118209856743201E+00
  1520   145.92000            1272031  2.9505335740174377E+00
  1530   146.88000            1273936  2.7423424814128601E+00
  1540   147.84000            1275841  2.9025180389902321E+00
  1550   148.80000            1277747  3.0274841512278483E+00
  1560   149.76000            1279652  2.8487031536209417E+00
  1570   150.72000            1281557  2.8352110564176920E+00
  1580   151.68000            1283463  3.0735725422752518E+00
  1590   152.64000            1285368  2.9865668167349577E+00
  1600   153.60000            1287273  2.7468033195661676E+00
  1610   154.56000            1289179  2.9745094950947832E+00
  1620   155.52000            1291084  3.0298856316211698E+00
  1630   156.48000            1292989  2.7990679414412782E+00
  1640   157.44000            1294895  3.0541967134757089E+00
  1650   158.40000            1296800  3.1295028377433809E+00
  1660   159.36000            1298705  2.7634463608095943E+00
  1670   160.32000            1300610  2.9012377714652851E+00
  1680   161.28000            1302516  3.1315405004043062E+00
  1690   162.24000            1304421  2.9449527248849576E+00
  1700   163.20000            1306326  2.9510981644706531E+00
  1710   164.16000            1308232  3.0991698962053302E+00
  1720   165.12000            1310137  2.9865762082168588E+00
  1730   166.08000            1312042  2.9548102568094534E+00
  1740   167.04000            1313948  3.1058530682549117E+00
  1750   168.00000            1315853  3.1048854170594149E+00
  1760   168.96000            1317758  2.9545351523057368E+00
  1770   169.92000            1319664  3.0310817146282734E+00
  1780   170.88000            1321569  3.2578141108313696E+00
  1790   171.84000            1323474  3.0691048274858623E+00
  1800   172.80000            1325379  2.9786790933467264E+00
  1810   173.76000            1327285  3.1950497627187242E+00
  1820   174.72000            1329190  2.9873739257500227E+00
  1830   175.68000            1331095  3.0678889270884846E+00
  1840   176.64000            1333001  3.3837508344521812E+00
  1850   177.60000            1334906  3.0890683123231799E+00
  1860   178.56000            1336811  2.9769070898833339E+00
  1870   179.52000            1338717  3.1625504965602746E+00
  1880   180.48000            1340622  3.1389255796605657E+00
  1890   181.44000            1342527  3.2418259296178453E+00
  1900   182.40000            1344433  3.3082807978996804E+00
  1910   183.36000            1346338  3.1087336714017293E+00
  1920   184.32000            1348243  3.0923008155009875E+00
  1930   185.28000            1350148  3.2539230992060078E+00
  1940   186.24000            1352054  3.3133211639900733E+00
  1950   187.20000            1353959  3.2990131082562781E+00
  1960   188.16000            1355864  3.1962780474995456E+00
  1970   189.12000            1357770  3.1425566792070163E+00
  1980   190.08000            1359675  3.3504383609425812E+00
  1990   191.04000            1361580  3.3631840339335008E+00
  2000   192.00000            1363486  3.2865518555933040E+00
  2010   192.96000            1365391  3.3119511800420987E+00
  2020   193.92000            1367296  3.1267785950033486E+00
  2030   194.88000            1369202  3.3182851269232474E+00
  2040   195.84000            1371107  3.5803603713368068E+00
  2050   196.80000            1373012  3.2782761789820407E+00
  2060   197.76000            1374917  3.2728082290133633E+00
  2070   198.72000            1376823  3.3079984424326554E+00
  2080   199.68000            1378728  3.2563125535664064E+00
  2090   200.64000            1380633  3.5854990791398391E+00
  2100   201.60000            1382539  3.5109075987443044E+00
  2110   202.56000            1384444  3.2381304246133631E+00
  2120   203.52000            1386349  3.3252395864171005E+00
  2130   204.48000            1388255  3.3969062448232563E+00
  2140   205.44000            1390160  3.5301622232787393E+00
  2150   206.40000            1392065  3.5721747661420298E+00
  2160   207.36000            1393971  3.3644702192655154E+00
  2170   208.32000            1395876  3.3133837880577830E+00
  2180   209.28000            1397781  3.4305380652194537E+00
  2190   210.24000            1399686  3.5733349555037739E+00
  2200   211.20000            1401592  3.5509867549409675E+00
  2210   212.16000            1403497  3.4277651016296669E+00
  2220   213.12000            1405402  3.3335495272730662E+00
  2230   214.08000            1407308  3.4484584303147900E+00
  2240   215.04000            1409213  3.6135524094397229E+00
  2250   216.00000            1411118  3.5396026957036244E+00
  2260   216.96000            1413024  3.4913162439185803E+00
  2270   217.92000            1414929  3.4056636087888270E+00
  2280   218.88000            1416834  3.4820035777396532E+00
  2290   219.84000            1418740  3.7041237991305258E+00
  2300   220.80000            1420645  3.6240275513004683E+00
  2310   221.76000            1422550  3.5285139925542635E+00
  2320   222.72000            1424455  3.5529193811445290E+00
  2330   223.68000            1426361  3.5506009154122129E+00
  2340   224.64000            1428266  3.8006536279366627E+00
  2350   225.60000            1430171  3.6886101182699855E+00
  2360   226.56000            1432077  3.5683158940157771E+00
  2370   227.52000            1433982  3.5796083553273816E+00
  2380   228.48000            1435887  3.6165959574631019E+00
  2390   229.44000            1437793  3.8930111933784053E+00
  2400   230.40000            1439698  3.6832954768056374E+00
  2410   231.36000            1441603  3.6545260174009355E+00
  2420   232.32000            1443509  3.5414669870066176E+00
  2430   233.28000            1445414  3.6784798833688965E+00
  2440   234.24000            1447319  3.9621829910469151E+00
  2450   235.20000            1449224  3.8252958007837194E+00
  2460   236.16000            1451130  3.6862810483402275E+00
  2470   237.12000            1453035  3.6249887332747983E+00
  2480   238.08000            1454940  3.7112621402161943E+00
  2490   239.04000            1456846  4.0171078643439024E+00
  2500   240.00000            1458751  4.0045296373407631E+00
  2510   240.96000            1460656  3.7009466291299380E+00
  2520   241.92000            1462562  3.7308539181741600E+00
  2530   242.88000            1464467  3.7143253557496783E+00
  2540   243.84000            1466372  4.0822488781936679E+00
  2550   244.80000            1468278  4.0558393033387512E+00
  2560   245.76000            1470183  3.7933615143308481E+00
  2570   246.72000            1472088  3.7313580193942393E+00
  2580   247.68000            1473993  3.8095295248305434E+00
  2590   248.64000            1475899  4.1005056635857384E+00
  2600   249.60000            1477804  4.1243844921385282E+00
  2610   250.56000            1479709  3.8737366468309071E+00
  2620   251.52000            1481615  3.7938550903907249E+00
  2630   252.48000            1483520  3.9195106223519240E+00
  2640   253.44000            1485425  4.1328222732316604E+00
  2650   254.40000            1487331  4.1839840245936717E+00
  2660   255.36000            1489236  3.9220007661295972E+00
  2670   256.32000            1491141  3.9211171247677110E+00
  2680   257.28000            1493047  3.9754426898165161E+00
  2690   258.24000            1494952  4.2142227667967438E+00
  2700   259.20000            1496857  4.1584263328712332E+00
  2710   260.16000            1498762  4.0251336939617168E+00
  2720   261.12000            1500668  4.0017326815288889E+00
  2730   262.08000            1502573  4.0749751595213617E+00
  2740   263.04000            1504478  4.2479590868779589E+00
  2750   264.00000            1506384  4.1667578115444845E+00
  2760   264.96000            1508289  4.1308849894246933E+00
  2770   265.92000            1510194  4.0868348456856118E+00
  2780   266.88000            1512100  4.2003047075043236E+00
  2790   267.84000            1514005  4.2521764503359059E+00
  2800   268.80000            1515910  4.2425476584595962E+00
  2810   269.76000            1517815  4.2316345292983693E+00
  2820   270.72000            1519721  4.2235710582994317E+00
  2830   271.68000            1521626  4.2561257623508286E+00
  2840   272.64000            1523531  4.3010971599933097E+00
  2850   273.60000            1525437  4.3439347899288165E+00
  2860   274.56000            1527342  4.3681379200241501E+00
  2870   275.52000            1529247  4.3049771648238764E+00
  2880   276.48000            1531153  4.3014735247129732E+00
  2890   277.44000            1533058  4.3780945863091052E+00
  2900   278.40000            1534963  4.4714596894152345E+00
  2910   279.36000            1536869  4.4709026080298298E+00
  2920   280.32000            1538774  4.3165992021795381E+00
  2930   281.28000            1540679  4.3407169197522144E+00
  2940   282.24000            1542584  4.4396775881998627E+00
  2950   283.20000            1544490  4.5958075444718567E+00
  2960   284.16000            1546395  4.4805797493045976E+00
  2970   285.12000            1548300  4.3881785440824972E+00
  2980   286.08000            1550206  4.4082502857561909E+00
  2990   287.04000            1552111  4.5799124348300237E+00
  3000   288.00000            1554016  4.6462934640293945E+00
  3010   288.96000            1555922  4.4847532902167497E+00
  3020   289.92000            1557827  4.4375050367924889E+00
  3030   290.88000            1559732  4.5206653573939537E+00
  3040   291.84000            1561638  4.6964743487427398E+00
  3050   292.80000            1563543  4.6355878745955668E+00
  3060   293.76000            1565448  4.5411737493885820E+00
  3070   294.72000            1567353  4.5301811184769196E+00
  3080   295.68000            1569259  4.6714871706316581E+00
  3090   296.64000            1571164  4.7170660189335907E+00
  3100   297.60000            1573069  4.6542491035656850E+00
  3110   298.56000            1574975  4.5884872515991777E+00
  3120   299.52000            1576880  4.6393655156805860E+00
  3130   300.48000            1578785  4.7055637242870310E+00
  3140   301.44000            1580691  4.7275969207628794E+00
  3150   302.40000            1582596  4.6855098466549947E+00
  3160   303.36000            1584501  4.6712814067401380E+00
  3170   304.32000            1586407  4.7074800924371694E+00
  3180   305.28000            1588312  4.7590005656954038E+00
  3190   306.24000            1590217  4.7690614894756962E+00
  3200   307.20000            1592122  4.7425396661664694E+00
  3210   308.16000            1594028  4.7154596833049105E+00
  3220   309.12000            1595933  4.7726408363595416E+00
  3230   310.08000            1597838  4.8337244560447630E+00
  3240   311.04000            1599744  4.8473916204607068E+00
  3250   312.00000            1601649  4.7721439493800704E+00
  3260   312.96000            1603554  4.8084792926572559E+00
  3270   313.92000            1605460  4.8736724646586982E+00
  3280   314.88000            1607365  4.9414443181427217E+00
  3290   315.84000            1609270  4.8427294819042688E+00
  3300   316.80000            1611176  4.8384804524580103E+00
  3310   317.76000            1613081  4.8847597030291494E+00
  3320   318.72000            1614986  4.9803331420218848E+00
  3330   319.68000            1616891  4.9361888275440311E+00
  3340   320.64000            1618797  4.9238682132015628E+00
  3350   321.60000            1620702  4.9472388748326761E+00
  3360   322.56000            1622607  5.0296672574656309E+00
  3370   323.52000            1624513  5.0148461568443246E+00
  3380   324.48000            1626418  5.0402024978339997E+00
  3390   325.44000            1628323  5.0610168505981541E+00
  3400   326.40000            1630229  5.1251486982257290E+00
  3410   327.36000            1632134  5.1050982690014211E+00
  3420   328.32000            1634039  5.1855673760251735E+00
  3430   329.28000            1635945  5.2263946492269149E+00
  3440   330.24000            1637850  5.2344044045290916E+00
  3450   331.20000            1639755  5.2601534860781598E+00
  3460   332.16000            1641660  5.3422810803685836E+00
  3470   333.12000            1643566  5.4265123881692174E+00
  3480   334.08000            1645471  5.4203858616485530E+00
  3490   335.04000            1647376  5.4291543494917320E+00
  3500   336.00000            1649282  5.5092871985416583E+00
  3510   336.96000            1651187  5.5888138543673538E+00
  3520   337.92000            1653092  5.6106229725322869E+00
  3530   338.88000            1654998  5.5968946642252675E+00
  3540   339.84000            1656903  5.6719351542487111E+00
  3550   340.80000            1658808  5.7264849094525143E+00
  3560   341.76000            1660714  5.7494558599307339E+00
  3570   342.72000            1662619  5.7726118578902081E+00
  3580   343.68000            1664524  5.8492978723354119E+00
  3590   344.64000            1666429  5.8625846356203404E+00
  3600   345.60000            1668335  5.8567904479261674E+00
  3610   346.56000            1670240  5.8776267362280237E+00
  3620   347.52000            1672145  5.9641631644375357E+00
  3630   348.48000            1674051  5.9737638276042828E+00
  3640   349.44000            1675956  5.9637316538417071E+00
  3650   350.40000            1677861  5.9637817332021950E+00
  3660   351.36000            1679767  6.0554240509670052E+00
  3670   352.32000            1681672  6.0646679333896740E+00
  3680   353.28000            1683577  6.0834217902897851E+00
  3690   354.24000            1685483  6.0760172923981273E+00
  3700   355.20000            1687388  6.1074954476582102E+00
  3710   356.16000            1689293  6.1292345095304182E+00
  3720   357.12000            1691198  6.1842754579236772E+00
  3730   358.08000            1693104  6.1723073696561483E+00
  3740   359.04000            1695009  6.1427930856644934E+00
  3750   360.00000            1696914  6.1726689104045054E+00
  3760   360.96000            1698820  6.2701303743951087E+00
  3770   361.92000            1700725  6.2686858730473567E+00
  3780   362.88000            1702630  6.2111458043253247E+00
  3790   363.84000            1704536  6.2297089624105464E+00
  3800   364.80000            1706441  6.3074532327269912E+00
  3810   365.76000            1708346  6.3081264575342626E+00
  3820   366.72000            1710252  6.2723129078584208E+00
  3830   367.68000            1712157  6.2941573301453344E+00
  3840   368.64000            1714062  6.3632258531021613E+00
  3850   369.60000            1715967  6.3457424407149503E+00
  3860   370.56000            1717873  6.3427200954377332E+00
  3870   371.52000            1719778  6.3606070123292753E+00
  3880   372.48000            1721683  6.4231559926041415E+00
  3890   373.44000            1723589  6.3626157758827731E+00
  3900   374.40000            1725494  6.3690692911897031E+00
  3910   375.36000            1727399  6.4398977935622801E+00
  3920   376.32000            1729305  6.4886475018716201E+00
  3930   377.28000            1731210  6.4232253129923187E+00
  3940   378.24000            1733115  6.4302920371192602E+00
  3950   379.20000            1735021  6.5087385350653975E+00
  3960   380.16000            1736926  6.5526443598066670E+00
  3970   381.12000            1738831  6.4853242384329883E+00
  3980   382.08000            1740736  6.4727088859033381E+00
  3990   383.04000            1742642  6.5426585462062423E+00
  4000   384.00000            1744547  6.5592349131175638E+00
  4010   384.96000            1746452  6.5434372258350102E+00
  4020   385.92000            1748358  6.5561841495644151E+00
  4030   386.88000            1750263  6.6119055562949551E+00
  4040   387.84000            1752168  6.5930650739189778E+00
  4050   388.80000            1754074  6.5997722191153878E+00
  4060   389.76000            1755979  6.6335646817672673E+00
  4070   390.72000            1757884  6.6558356940025396E+00
  4080   391.68000            1759790  6.6393418053900177E+00
  4090   392.64000            1761695  6.6651881896867566E+00
  4100   393.60000            1763600  6.7310928890645938E+00
  4110   394.56000            1765505  6.7258440595132480E+00
  4120   395.52000            1767411  6.6888273100472011E+00
  4130   396.48000            1769316  6.7237817685463472E+00
  4140   397.44000            1771221  6.7654606804180517E+00
  4150   398.40000            1773127  6.7583836093309930E+00
  4160   399.36000            1775032  6.7268881897643542E+00
  4170   400.32000            1776937  6.7837645287922399E+00
  4180   401.28000            1778843  6.8150911346306486E+00
  4190   402.24000            1780748  6.7900503704002180E+00
  4200   403.20000            1782653  6.7886644074635996E+00
  4210   404.16000            1784559  6.8428353759980070E+00
  4220   405.12000            1786464  6.8348994205367823E+00
  4230   406.08000            1788369  6.8136273206474600E+00
  4240   407.04000            1790274  6.8483866988682101E+00
  4250   408.00000            1792180  6.9043918894245948E+00
  4260   408.96000            1794085  6.8849999114266538E+00
  4270   409.92000            1795990  6.8624882505531897E+00
  4280   410.88000            1797896  6.9051352526226362E+00
  4290   411.84000            1799801  6.9483060270404851E+00
  4300   412.80000            1801706  6.9226637044898087E+00
  4310   413.76000            1803612  6.9171449552189319E+00
  4320   414.72000            1805517  6.9682006651287960E+00
  4330   415.68000            1807422  6.9796062190474890E+00
  4340   416.64000            1809328  6.9783903588597491E+00
  4350   417.60000            1811233  6.9875130190620309E+00
  4360   418.56000            1813138  7.0247299896447402E+00
  4370   419.52000            1815043  6.9894732038034073E+00
  4380   420.48000            1816949  6.9969319872366675E+00
  4390   421.44000            1818854  7.0449426771757073E+00
  4400   422.40000            1820759  7.0890392813374774E+00
  4410   423.36000            1822665  7.0340934220272731E+00
  4420   424.32000            1824570  7.0516725630269219E+00
  4430   425.28000            1826475  7.1136832486586075E+00
  4440   426.24000            1828381  7.1327175764742279E+00
  4450   427.20000            1830286  7.0638905062219539E+00
  4460   428.16000            1832191  7.0854101754426226E+00
  4470   429.12000            1834097  7.1682527855370726E+00
  4480   430.08000            1836002  7.1954375305567808E+00
  4490   431.04000            1837907  7.1267866494896062E+00
  4500   432.00000            1839812  7.1470978433045236E+00
  4510   432.96000            1841718  7.1928781926505607E+00
  4520   433.92000            1843623  7.2101525835276785E+00
  4530   434.88000            1845528  7.1796365927499783E+00
  4540   435.84000            1847434  7.2076416695323777E+00
  4550   436.80000            1849339  7.2236025320654571E+00
  4560   437.76000            1851244  7.2335352156119512E+00
  4570   438.72000            1853150  7.2445672316268199E+00
  4580   439.68000            1855055  7.2827405398648031E+00
  4590   440.64000            1856960  7.2443252323311915E+00
  4600   441.60000            1858866  7.2355234408573690E+00
  4610   442.56000            1860771  7.2793708702981768E+00
  4620   443.52000            1862676  7.3444338565646587E+00
  4630   444.48000            1864581  7.2937769728874375E+00
  4640   445.44000            1866487  7.2759451871762444E+00
  4650   446.40000            1868392  7.3158843897797956E+00
  4660   447.36000            1870297  7.3721521976952982E+00
  4670   448.32000            1872203  7.3328983960322640E+00
  4680   449.28000            1874108  7.3221970504937186E+00
