! EM field energy per field component
  Iter        Time                          B1                      B2                      B3                      E1                      E2                      E3
     0   0.0000000      0.0000000000000000E+00  0.0000000000000000E+00  0.0000000000000000E+00  0.0000000000000000E+00  0.0000000000000000E+00  0.0000000000000000E+00
    64   7.3600000      0.0000000000000000E+00  1.9054545655194229E-06  2.2518490866034201E-06  9.5849411113587990E-06  5.7354540244223540E-06  1.8324154564139166E-06
   128   14.720000      0.0000000000000000E+00  2.3006324023033696E-06  4.3758252769614699E-06  1.5806680475067411E-05  3.7093953264351422E-06  1.4415498573435991E-06
   192   22.080000      0.0000000000000000E+00  2.3995586153959064E-06  8.2062827513863668E-05  1.8503127035757075E-05  2.3830808673709021E-05  1.2272897647458468E-06
   256   29.440000      0.0000000000000000E+00  3.2388048744433645E-06  9.0577394558793317E-04  2.3859157771311686E-03  7.3987417214527271E-05  1.6508265516617627E-06
   320   36.800000      0.0000000000000000E+00  1.3115190661892558E-04  2.2523443461181804E-03  1.0938886534522428E-02  9.8257156204599458E-05  4.1739662609744582E-06
   384   44.160000      0.0000000000000000E+00  1.6280439074362258E-04  3.5165724839425015E-03  8.0103295078451046E-03  1.1757529737648205E-04  1.3431112659939377E-05
   448   51.520000      0.0000000000000000E+00  9.4560677335086261E-04  3.5367867214992975E-03  4.6896950691174832E-03  1.8405829132734755E-04  2.1002704049111627E-05
   512   58.880000      0.0000000000000000E+00  2.5105706030502896E-03  3.7550354200805644E-03  4.7880165359708233E-03  1.1372081882358966E-04  3.2151962612795861E-05
   576   66.240000      0.0000000000000000E+00  3.7007052432545887E-03  4.8555586175295954E-03  2.8056470555685924E-03  1.9757464237055568E-04  2.6957547741816326E-05
   640   73.600000      0.0000000000000000E+00  3.7209296203081828E-03  8.0420681721201891E-03  1.2443847244729602E-03  1.2393627213451794E-04  3.7729897447590767E-05
   704   80.960000      0.0000000000000000E+00  5.1895752233324906E-03  1.2868241335206520E-02  1.3381325693951123E-03  8.7114141759151543E-05  3.2159540353621665E-05
   768   88.320000      0.0000000000000000E+00  4.9454835938493548E-03  1.9469678066198322E-02  3.7301750655290315E-03  8.8582250471390753E-05  3.1578563245809878E-05
   832   95.680000      0.0000000000000000E+00  3.3955644465493316E-03  2.6580414685349080E-02  5.5644263589767311E-03  7.0038676886483776E-05  3.6572236989607180E-05
   896   103.04000      0.0000000000000000E+00  2.8062652808254814E-03  3.4541540593475639E-02  8.1476615214640859E-03  1.1002530120798711E-04  3.0588735973492672E-05
   960   110.40000      0.0000000000000000E+00  2.2963630437889035E-03  4.6399760175372701E-02  9.5456959980755700E-03  1.3858798219384936E-04  3.9265160751165801E-05
  1024   117.76000      0.0000000000000000E+00  2.3857821601493577E-03  5.7910241608010955E-02  1.0133785388745403E-02  8.6539660376879542E-05  4.0462996623444456E-05
  1088   125.12000      0.0000000000000000E+00  2.3626381056942093E-03  6.0793949339048844E-02  9.6440501854351563E-03  1.3825366296558528E-04  5.4936084652997588E-05
  1152   132.48000      0.0000000000000000E+00  3.5463589125631673E-03  6.5959924906182077E-02  8.5290417639836621E-03  1.4163629528235729E-04  4.8605803453373412E-05
  1216   139.84000      0.0000000000000000E+00  3.2948610531595419E-03  7.3152068992007643E-02  7.8847833165581124E-03  1.5305521922389436E-04  5.2235632883463325E-05
  1280   147.20000      0.0000000000000000E+00  4.9642715356786908E-03  7.9838557963001766E-02  8.7251097720740418E-03  2.1380635941300823E-04  5.6990541591934028E-05
  1344   154.56000      0.0000000000000000E+00  4.3366492449911243E-03  8.3901899855364517E-02  5.3831632552518048E-03  3.3054514165701567E-04  4.8656632659577988E-05
  1408   161.92000      0.0000000000000000E+00  4.2767575584200237E-03  8.3439797597056331E-02  7.4655775475119162E-03  3.5604256183602051E-04  6.0698384178184125E-05
  1472   169.28000      0.0000000000000000E+00  3.6074603528277981E-03  8.1791321705322384E-02  8.6617026101889968E-03  4.8779628744327668E-04  5.3176406956433328E-05
  1536   176.64000      0.0000000000000000E+00  3.9782490450102400E-03  7.8294629782344680E-02  1.2165631564201165E-02  4.9880981479175166E-04  6.3397021041012726E-05
  1600   184.00000      0.0000000000000000E+00  5.0346492481225550E-03  7.9792820800657596E-02  1.1502157427368258E-02  4.7515182016104340E-04  6.8618310742556794E-05
  1664   191.36000      0.0000000000000000E+00  7.6624231387148294E-03  7.8210783482346238E-02  1.5311534431498301E-02  5.1521353881670202E-04  6.9517373925809429E-05
  1728   198.72000      0.0000000000000000E+00  9.3156325697395913E-03  8.1685583437198450E-02  1.8543573151577692E-02  5.6948784939798427E-04  7.3321039317375390E-05
  1792   206.08000      0.0000000000000000E+00  7.6956394392504379E-03  8.1130413577445326E-02  2.2063770615510788E-02  4.9934494195941518E-04  8.4290913976111531E-05
  1856   213.44000      0.0000000000000000E+00  5.1954880518755870E-03  8.5223238801862278E-02  2.1847987628582612E-02  5.3523281996551331E-04  6.3805332800406702E-05
  1920   220.80000      0.0000000000000000E+00  3.9048278669250635E-03  9.2016880505808099E-02  2.0273651346881284E-02  5.1887787544596512E-04  6.9014348114682981E-05
  1984   228.16000      0.0000000000000000E+00  3.3834568863741702E-03  9.4626465552247768E-02  2.0798549920209762E-02  4.5695195197129382E-04  5.7646733975736719E-05
  2048   235.52000      0.0000000000000000E+00  2.4682258326659797E-03  9.8838844010292859E-02  1.4566680775949812E-02  4.9833634555381684E-04  6.7469518398877726E-05
  2112   242.88000      0.0000000000000000E+00  2.2029868163241264E-03  1.0508535678498906E-01  1.2175848470056264E-02  4.3854317694321405E-04  7.8334305560467078E-05
  2176   250.24000      0.0000000000000000E+00  3.1589681569848382E-03  1.0868435773574672E-01  1.2990977313792383E-02  4.1898322838946521E-04  1.1123095558978805E-04
  2240   257.60000      0.0000000000000000E+00  4.9518754243657922E-03  1.1265660986662465E-01  9.5524863078041405E-03  4.2870179479042355E-04  8.4331383520944199E-05
  2304   264.96000      0.0000000000000000E+00  7.1302508969206492E-03  1.1822826776055259E-01  8.2191382671280636E-03  4.1335177559912470E-04  1.0926036460267244E-04
  2368   272.32000      0.0000000000000000E+00  8.7748654980319279E-03  1.1894039097804994E-01  1.0101242610605611E-02  4.5066641142750622E-04  1.2550216446979129E-04
  2432   279.68000      0.0000000000000000E+00  1.0568714069689015E-02  1.2194899751737613E-01  1.2349114597946784E-02  4.4842787652028479E-04  1.3409313285913575E-04
  2496   287.04000      0.0000000000000000E+00  1.3958719493335344E-02  1.2076380328125716E-01  1.4430160611408577E-02  4.9805968948760982E-04  1.4032015082391609E-04
  2560   294.40000      0.0000000000000000E+00  1.7520739923303833E-02  1.2937916369135222E-01  1.7279590357833122E-02  4.8455820223981670E-04  1.3156151466542371E-04
  2624   301.76000      0.0000000000000000E+00  1.9049622410660293E-02  1.3593691899664412E-01  2.0148369393854688E-02  4.4555050847149772E-04  1.2918827602038550E-04
  2688   309.12000      0.0000000000000000E+00  2.0741001849558627E-02  1.3191360157488252E-01  1.9813820895950719E-02  5.9593975063885270E-04  1.3050123104202797E-04
  2752   316.48000      0.0000000000000000E+00  2.0483081826760424E-02  1.3821108674953445E-01  2.5540673085316885E-02  5.6118178334936325E-04  1.2184606717124168E-04
  2816   323.84000      0.0000000000000000E+00  1.9872176040370972E-02  1.3793103146329724E-01  2.2342386323028748E-02  5.6832777814142508E-04  1.3532993815114366E-04
  2880   331.20000      0.0000000000000000E+00  1.6935168779258571E-02  1.4426993503660202E-01  1.7519827932079558E-02  6.1886705217533366E-04  1.4451222643789834E-04
  2944   338.56000      0.0000000000000000E+00  1.4414250265119404E-02  1.4777587212051657E-01  1.7138187430989250E-02  5.9251088836516775E-04  1.5359585316554008E-04
  3008   345.92000      0.0000000000000000E+00  1.4169492493025711E-02  1.4399477270717401E-01  1.2119057892308452E-02  7.0950344379685712E-04  1.2494411370662532E-04
  3072   353.28000      0.0000000000000000E+00  1.5359948520094261E-02  1.5056339273956459E-01  8.1943584901234389E-03  7.8146991819786444E-04  1.3532249412279677E-04
  3136   360.64000      0.0000000000000000E+00  1.5890219649736453E-02  1.5238281841228626E-01  9.8182833011512295E-03  8.1478672074213835E-04  1.3694797238479844E-04
  3200   368.00000      0.0000000000000000E+00  1.3598000991572058E-02  1.4722324163613881E-01  1.0987547962411342E-02  7.5098685624974790E-04  1.2758801988108019E-04
  3264   375.36000      0.0000000000000000E+00  1.3285138511468061E-02  1.4654975886587396E-01  1.1748819712614265E-02  8.0438715722132412E-04  1.3213259410777342E-04
  3328   382.72000      0.0000000000000000E+00  1.2849464472009549E-02  1.4898062270204798E-01  1.1246065408938287E-02  9.1863376156750250E-04  1.2516921206391204E-04
  3392   390.08000      0.0000000000000000E+00  1.3573578347291223E-02  1.5525167960315153E-01  1.3986828014837777E-02  9.5744074535729199E-04  1.4858364417229635E-04
  3456   397.44000      0.0000000000000000E+00  1.1943571831185197E-02  1.6152228073015090E-01  1.9389774246772091E-02  9.2208513015546280E-04  1.3867537398643025E-04
  3520   404.80000      0.0000000000000000E+00  1.1218899935743131E-02  1.6567169953155916E-01  2.3387159291188390E-02  9.3334439623924857E-04  1.3075361646511943E-04
  3584   412.16000      0.0000000000000000E+00  1.1064903191397208E-02  1.7278460348244787E-01  2.3578118891873584E-02  9.3043147539596826E-04  9.6844222209440067E-05
  3648   419.52000      0.0000000000000000E+00  1.1421921883320285E-02  1.7748216288987392E-01  2.3211233904527857E-02  1.0011877893095090E-03  9.5712352355173665E-05
  3712   426.88000      0.0000000000000000E+00  1.2277845941241155E-02  1.8516798473247423E-01  2.1652290901826337E-02  1.0112489771291141E-03  9.5368208666113941E-05
  3776   434.24000      0.0000000000000000E+00  1.2030459725999415E-02  1.8723777441807923E-01  1.9883171758996919E-02  9.1585133861107166E-04  9.9133442001590901E-05
  3840   441.60000      0.0000000000000000E+00  1.2436514272564239E-02  1.9492364737706905E-01  2.0856247998980837E-02  9.1458722492497114E-04  1.0688793413299461E-04
  3904   448.96000      0.0000000000000000E+00  1.1995686272938072E-02  2.0339155318652075E-01  1.7374174576456593E-02  9.9112696424275048E-04  1.0401313967220460E-04
  3968   456.32000      0.0000000000000000E+00  1.2759677817203807E-02  2.1001242828261063E-01  1.5452400387959746E-02  9.9355584923750424E-04  1.0331859315736143E-04
  4032   463.68000      0.0000000000000000E+00  1.3037972184617561E-02  2.1744793368658719E-01  1.6108561126172372E-02  9.7643321878237966E-04  1.0348539745584058E-04
  4096   471.04000      0.0000000000000000E+00  1.3401956681055821E-02  2.1891820508030321E-01  1.8124276639803556E-02  9.2680949798454033E-04  1.0931093966843052E-04
  4160   478.40000      0.0000000000000000E+00  1.3895593952905801E-02  2.1845383655608827E-01  1.7264136835670733E-02  1.0286169953928814E-03  9.3185548785014335E-05
  4224   485.76000      0.0000000000000000E+00  1.2770371731999193E-02  2.2145067422740408E-01  1.6787502200364401E-02  1.1927275263294507E-03  9.9501273140478898E-05
  4288   493.12000      0.0000000000000000E+00  1.1639650403445436E-02  2.2243313013666313E-01  1.9180250302682698E-02  9.9100862224452591E-04  8.4583917929859117E-05
  4352   500.48000      0.0000000000000000E+00  1.0956775451540175E-02  2.2579065387699787E-01  1.9199621308424536E-02  1.0002233471209563E-03  7.9082404685073198E-05
  4416   507.84000      0.0000000000000000E+00  1.0795012991185911E-02  2.2569001373164316E-01  2.0593231714905152E-02  9.8175581531102221E-04  8.2490927411203719E-05
  4480   515.20000      0.0000000000000000E+00  1.0203215846532993E-02  2.2082500280079034E-01  2.2100583612890960E-02  1.1045790478759474E-03  8.9268360994714427E-05
  4544   522.56000      0.0000000000000000E+00  8.5247529165081957E-03  2.1519246500910560E-01  2.3492780486592767E-02  1.1006959500838936E-03  9.3880399337740192E-05
  4608   529.92000      0.0000000000000000E+00  8.9114842718596432E-03  2.2418947919965440E-01  2.4101705527907167E-02  1.2590152459081606E-03  9.2635705964276116E-05
  4672   537.28000      0.0000000000000000E+00  1.0477087659837370E-02  2.3279116206756212E-01  2.5598943679100698E-02  1.2359020657674938E-03  1.0967060731517298E-04
  4736   544.64000      0.0000000000000000E+00  1.0785955948244901E-02  2.2995268057592688E-01  2.8264014678029151E-02  1.2819696706528319E-03  8.5172905430951071E-05
  4800   552.00000      0.0000000000000000E+00  1.1688691460907490E-02  2.1968479538611932E-01  2.9048067680284256E-02  1.2621887198521621E-03  9.9191231205904892E-05
  4864   559.36000      0.0000000000000000E+00  1.3142467993065149E-02  2.1969433580639633E-01  2.6239115431773898E-02  1.3594639744895756E-03  7.6885276682094126E-05
  4928   566.72000      0.0000000000000000E+00  1.6579810395672634E-02  2.2642065308196468E-01  2.2090383487823499E-02  1.2949844720890769E-03  7.0863686331184311E-05
  4992   574.08000      0.0000000000000000E+00  2.0782677243394894E-02  2.2847611943873797E-01  2.0524571273579394E-02  1.4077602559499610E-03  8.1884220172204853E-05
  5056   581.44000      0.0000000000000000E+00  2.2075333636918385E-02  2.3003532677304672E-01  2.1210985906704359E-02  1.3848114316105356E-03  8.5749426499874123E-05
  5120   588.80000      0.0000000000000000E+00  2.3092199272182996E-02  2.3968617608975382E-01  2.2041595240193595E-02  1.3329206812260767E-03  8.2978751300620475E-05
  5184   596.16000      0.0000000000000000E+00  2.3479456616720341E-02  2.4867728592951355E-01  2.2089501987350133E-02  1.3330744718792593E-03  7.6087370431777434E-05
  5248   603.52000      0.0000000000000000E+00  2.4848392097263455E-02  2.5593088926654756E-01  1.9187201764575681E-02  1.2905652098415782E-03  8.7488530815215228E-05
  5312   610.88000      0.0000000000000000E+00  2.6241870296492283E-02  2.6026823157640194E-01  2.0334338656803650E-02  1.3101635716798461E-03  6.8102262505112001E-05
  5376   618.24000      0.0000000000000000E+00  2.7171802850464426E-02  2.6361220732070151E-01  1.8627893695691896E-02  1.2726197681815277E-03  6.2500426350258728E-05
  5440   625.60000      0.0000000000000000E+00  2.7648624422043879E-02  2.7167707274804126E-01  1.7085803091936823E-02  1.2964848871401728E-03  7.2902909719312482E-05
  5504   632.96000      0.0000000000000000E+00  2.7078460781593813E-02  2.7735440822971369E-01  1.6394667862215145E-02  1.2779759979529100E-03  6.4458448780860237E-05
  5568   640.32000      0.0000000000000000E+00  2.5960547435194291E-02  2.7913784248716089E-01  1.6305487551703839E-02  1.2785277857646192E-03  6.5308573362989444E-05
  5632   647.68000      0.0000000000000000E+00  2.6308276826311303E-02  2.7801438973886733E-01  1.6727382877496151E-02  1.3423501793108123E-03  4.9193363316411320E-05
  5696   655.04000      0.0000000000000000E+00  2.4767989973972511E-02  2.8082529302238102E-01  1.5374995509438124E-02  1.3575300139159231E-03  6.3327260264457649E-05
  5760   662.40000      0.0000000000000000E+00  2.5204330374115153E-02  2.8448167018996384E-01  1.5887323732120484E-02  1.3563610834588771E-03  7.5617360166606816E-05
  5824   669.76000      0.0000000000000000E+00  2.6385454310240544E-02  2.9193421034277556E-01  1.6788307302474492E-02  1.3809481780601230E-03  7.2373768136381548E-05
  5888   677.12000      0.0000000000000000E+00  2.5031445082993264E-02  2.9017603006566733E-01  1.6007307223872135E-02  1.4491029954307409E-03  5.3865834987222912E-05
  5952   684.48000      0.0000000000000000E+00  2.3249837932558557E-02  2.8689177352802825E-01  1.8023954260725429E-02  1.4602296826051958E-03  6.1096951678173128E-05
  6016   691.84000      0.0000000000000000E+00  2.3142235442430378E-02  2.9368565487761539E-01  1.3819115791484550E-02  1.3989836582258260E-03  6.0133712947853317E-05
  6080   699.20000      0.0000000000000000E+00  2.2243550455656926E-02  2.9790936584966415E-01  1.4606659447331317E-02  1.4281459387546721E-03  8.5969021245216310E-05
  6144   706.56000      0.0000000000000000E+00  2.1252573425984120E-02  3.0569259294681689E-01  1.4661362743818291E-02  1.4484530486832535E-03  6.1264306989097691E-05
  6208   713.92000      0.0000000000000000E+00  2.0613088836506799E-02  3.0488838266776874E-01  1.4057248354641949E-02  1.4795339089364887E-03  6.7248618971629299E-05
  6272   721.28000      0.0000000000000000E+00  2.0393001456981082E-02  3.0275964960220347E-01  1.5184745518918198E-02  1.4528518589795993E-03  7.5765910430939328E-05
  6336   728.64000      0.0000000000000000E+00  2.1074726074825079E-02  3.0770646520829026E-01  1.7009104405369905E-02  1.5027180684260607E-03  1.0239876832571332E-04
  6400   736.00000      0.0000000000000000E+00  2.2525646233759678E-02  3.1113999328634001E-01  1.7582728873560959E-02  1.6053173606363931E-03  8.2889702972822475E-05
  6464   743.36000      0.0000000000000000E+00  2.4374565253479415E-02  3.1665678987972928E-01  2.0359420756787580E-02  1.4923040542059460E-03  1.0930188130209278E-04
  6528   750.72000      0.0000000000000000E+00  2.6544357930035362E-02  3.1945526488883447E-01  2.3701512931914689E-02  1.4432996085653907E-03  6.3306225111109868E-05
  6592   758.08000      0.0000000000000000E+00  2.9049847058736925E-02  3.2387428503223570E-01  2.2296874916562806E-02  1.5198304832836286E-03  6.7372538243640662E-05
  6656   765.44000      0.0000000000000000E+00  2.9282966472043221E-02  3.3329195268846190E-01  2.3035452636939659E-02  1.5149995890530751E-03  8.0095679677369235E-05
  6720   772.80000      0.0000000000000000E+00  3.0802715255127826E-02  3.3547811837697566E-01  2.3355334781286301E-02  1.4827659326361636E-03  8.2182121654623069E-05
  6784   780.16000      0.0000000000000000E+00  3.2150389785253655E-02  3.3977692242378471E-01  2.2222011183398876E-02  1.4832033375254930E-03  8.8566213565194330E-05
  6848   787.52000      0.0000000000000000E+00  3.3244338701613467E-02  3.4555675739386571E-01  2.2624220111294596E-02  1.4280517399816587E-03  8.4219352399188445E-05
  6912   794.88000      0.0000000000000000E+00  3.3657320038140988E-02  3.5149283946722903E-01  2.0407930978832263E-02  1.5542734179166506E-03  7.2536910780479950E-05
  6976   802.24000      0.0000000000000000E+00  3.5130288989104211E-02  3.5221286801635454E-01  2.0495013686010002E-02  1.6126413040157040E-03  7.8405183988546179E-05
  7040   809.60000      0.0000000000000000E+00  3.4562874635875214E-02  3.5474841263916329E-01  2.0822741447971107E-02  1.5357272460307225E-03  9.6859593594824758E-05
  7104   816.96000      0.0000000000000000E+00  3.4712607444010640E-02  3.6268047778467516E-01  1.8744641319805203E-02  1.5147642990013042E-03  9.1573947180540718E-05
  7168   824.32000      0.0000000000000000E+00  3.6760170387500499E-02  3.6304122543002704E-01  1.9485799153119980E-02  1.6500526079886685E-03  1.1424779081610782E-04
  7232   831.68000      0.0000000000000000E+00  3.9905318849653197E-02  3.6091043470838635E-01  1.9729385966066045E-02  1.6781910954027999E-03  1.2190913677569066E-04
  7296   839.04000      0.0000000000000000E+00  4.4359042333054717E-02  3.6103029507991558E-01  2.0464917821849130E-02  1.6495543181119347E-03  8.1097380307403001E-05
  7360   846.40000      0.0000000000000000E+00  4.6749772518361266E-02  3.6027132899160530E-01  2.0188973813288724E-02  1.6391544701344178E-03  8.6961828162213025E-05
  7424   853.76000      0.0000000000000000E+00  4.9811364875948838E-02  3.6005310659540685E-01  2.0459801301784739E-02  1.6413791520581847E-03  1.2588977908738045E-04
  7488   861.12000      0.0000000000000000E+00  5.3419784520682682E-02  3.6137978912814911E-01  1.9455035914308215E-02  1.8121791249375557E-03  9.5140000788201969E-05
  7552   868.48000      0.0000000000000000E+00  5.8401092431816751E-02  3.6679348201281670E-01  2.0622467305315549E-02  1.7890134420963607E-03  1.1608575544670465E-04
  7616   875.84000      0.0000000000000000E+00  6.4905623944889787E-02  3.7594669934616326E-01  2.2379413244890532E-02  1.7578957149758866E-03  9.0633398654485045E-05
  7680   883.20000      0.0000000000000000E+00  7.1655292117401750E-02  3.7857399136178826E-01  2.0848636734902302E-02  1.7941978244878322E-03  9.6012404785857775E-05
  7744   890.56000      0.0000000000000000E+00  7.8396010404443939E-02  3.8147837575721105E-01  1.9111504654193159E-02  1.8906490161918197E-03  8.4420215833254841E-05
  7808   897.92000      0.0000000000000000E+00  8.5459183461476795E-02  3.8494668962511497E-01  1.8970393013043343E-02  1.8710623106395724E-03  9.7329456408050557E-05
  7872   905.28000      0.0000000000000000E+00  9.3809220860474343E-02  3.8804706823843282E-01  1.9505943354420019E-02  1.9159563617158367E-03  9.4083800760977587E-05
  7936   912.64000      0.0000000000000000E+00  1.0086193733657393E-01  3.9174508305433831E-01  1.7876739762515949E-02  1.9165916276165785E-03  8.7570890279735949E-05
  8000   920.00000      0.0000000000000000E+00  1.0469888102627137E-01  3.9613290741756807E-01  1.8277213971001811E-02  1.8502559148635702E-03  9.2308125034546381E-05
  8064   927.36000      0.0000000000000000E+00  1.0179260256036676E-01  4.0318716741624494E-01  1.6952669789818818E-02  1.9391636267486068E-03  8.9845250106055472E-05
  8128   934.72000      0.0000000000000000E+00  1.0050216827430644E-01  4.1338866973930971E-01  1.4991107716340536E-02  1.9213826511571960E-03  1.0097625300764950E-04
  8192   942.08000      0.0000000000000000E+00  1.0273562980247047E-01  4.1773510952937248E-01  1.5131887714143697E-02  1.8897579834507299E-03  1.1216808050109388E-04
  8256   949.44000      0.0000000000000000E+00  1.0482216464132721E-01  4.2061477865885905E-01  1.6978606336198746E-02  1.9617700628212103E-03  1.0860238755570503E-04
  8320   956.80000      0.0000000000000000E+00  1.0518502320607380E-01  4.2118466383049286E-01  1.3702032076533702E-02  1.9585350524051618E-03  1.1640993558008658E-04
  8384   964.16000      0.0000000000000000E+00  1.0455599948618750E-01  4.2372566260991834E-01  1.4528424836635251E-02  1.9688461045999604E-03  1.0318405503953343E-04
  8448   971.52000      0.0000000000000000E+00  1.0288668628091212E-01  4.2918336767643123E-01  1.3507756292242339E-02  1.9925655846847255E-03  1.4365818308278977E-04
  8512   978.88000      0.0000000000000000E+00  1.0194427021296130E-01  4.3211098333213876E-01  1.4776504584206778E-02  1.9881552783723735E-03  1.6289375235041753E-04
  8576   986.24000      0.0000000000000000E+00  1.0284492500642539E-01  4.3079175426654304E-01  1.1898173131326966E-02  1.9683021758258963E-03  1.8888883391464232E-04
  8640   993.60000      0.0000000000000000E+00  1.0653124856606132E-01  4.3143338950900895E-01  1.2075325327361311E-02  2.0772487727299324E-03  1.7003842929695791E-04
  8704   1000.9600      0.0000000000000000E+00  1.0831696092379640E-01  4.3297777593225217E-01  1.1726586639794517E-02  2.0877761049373361E-03  1.5866721879757408E-04
  8768   1008.3200      0.0000000000000000E+00  1.0910755196256780E-01  4.3683287451309555E-01  1.4876531031725527E-02  2.1895077883319347E-03  1.4775579947054056E-04
  8832   1015.6800      0.0000000000000000E+00  1.1157429366521182E-01  4.3992157049300107E-01  1.3731435589082222E-02  2.1882772492311017E-03  1.8435054831938231E-04
  8896   1023.0400      0.0000000000000000E+00  1.1438777702608266E-01  4.4359485551974814E-01  1.4125204686410445E-02  2.1870897907156762E-03  1.5538787808352835E-04
  8960   1030.4000      0.0000000000000000E+00  1.1684815212394015E-01  4.5112510233984116E-01  1.4182605092950195E-02  2.1771141295814163E-03  1.7404783468578217E-04
  9024   1037.7600      0.0000000000000000E+00  1.2082290358076159E-01  4.5934612478407388E-01  1.2457577442786963E-02  2.1919707286045527E-03  1.7828568101677935E-04
  9088   1045.1200      0.0000000000000000E+00  1.2401017663210061E-01  4.6976209816035885E-01  1.4314640647396197E-02  2.2556040884673741E-03  1.6472241870859071E-04
  9152   1052.4800      0.0000000000000000E+00  1.2717678947662639E-01  4.8225439410745841E-01  1.3539367025680609E-02  2.3035684487378752E-03  1.5357086388344892E-04
  9216   1059.8400      0.0000000000000000E+00  1.2914996879996557E-01  4.9761526934281192E-01  1.1584310942554335E-02  2.2737918760243887E-03  1.4203670643135550E-04
  9280   1067.2000      0.0000000000000000E+00  1.2947928041970774E-01  5.1645903031283036E-01  1.4060918003963111E-02  2.3535543528842373E-03  1.0177827513451066E-04
  9344   1074.5600      0.0000000000000000E+00  1.2832757277214210E-01  5.3680013564996398E-01  1.2152303036107523E-02  2.4285158427797401E-03  9.9747191819237325E-05
  9408   1081.9200      0.0000000000000000E+00  1.2504802892037636E-01  5.5573505425692693E-01  9.3051757275626167E-03  2.4217442433167114E-03  1.3350555493463448E-04
  9472   1089.2800      0.0000000000000000E+00  1.2113903497521369E-01  5.6851391039612131E-01  9.1213790266510848E-03  2.3761886892480614E-03  1.3990944285296937E-04
  9536   1096.6400      0.0000000000000000E+00  1.1610524976701382E-01  5.7479283638112066E-01  8.0652855073387614E-03  2.4095511922834498E-03  1.2018278706701436E-04
  9600   1104.0000      0.0000000000000000E+00  1.1219648127534215E-01  5.7891518673574049E-01  9.0986972543595085E-03  2.5222146978668859E-03  1.2848546750229300E-04
  9664   1111.3600      0.0000000000000000E+00  1.0923270453346295E-01  5.7865208273192126E-01  9.6828396682977890E-03  2.4809355663927011E-03  1.5299370622862411E-04
  9728   1118.7200      0.0000000000000000E+00  1.0798992496985152E-01  5.7788422586620136E-01  1.1690510661349341E-02  2.5425702295575922E-03  1.5898737579415515E-04
  9792   1126.0800      0.0000000000000000E+00  1.0805859621058021E-01  5.7810338248857296E-01  9.4981282735350277E-03  2.4740773597878379E-03  1.2791437390819081E-04
  9856   1133.4400      0.0000000000000000E+00  1.0796154244371710E-01  5.7920783687870503E-01  1.0619962568272853E-02  2.4587246400322935E-03  1.5078110265439785E-04
  9920   1140.8000      0.0000000000000000E+00  1.0844664262488470E-01  5.7686479210292441E-01  1.2673141452906369E-02  2.3408041095882249E-03  1.5983309699906450E-04
  9984   1148.1600      0.0000000000000000E+00  1.1194885680808944E-01  5.7453439116893623E-01  1.1737059167223418E-02  2.4101825988572167E-03  1.5883476045041472E-04
 10048   1155.5200      0.0000000000000000E+00  1.1511031546031800E-01  5.7034865736786855E-01  1.4489600728722038E-02  2.5673760607491983E-03  1.6625493951557955E-04
 10112   1162.8800      0.0000000000000000E+00  1.1738509497304388E-01  5.6666087486449168E-01  1.1881365162064271E-02  2.6260800494379058E-03  1.4373961294900198E-04
 10176   1170.2400      0.0000000000000000E+00  1.2034299137550762E-01  5.6488032771554320E-01  9.4070255093576353E-03  2.4879431477294865E-03  1.4505686955827414E-04
 10240   1177.6000      0.0000000000000000E+00  1.2331385448099616E-01  5.6516964852026641E-01  8.2735175580867515E-03  2.4635741574581291E-03  1.4721596655460436E-04
 10304   1184.9600      0.0000000000000000E+00  1.2574303531622491E-01  5.6897283814839694E-01  7.0571311179901232E-03  2.5086713093953913E-03  1.6479014640529392E-04
 10368   1192.3200      0.0000000000000000E+00  1.2989095097344022E-01  5.7505326346128138E-01  6.3562247512428116E-03  2.5522758726701919E-03  1.1690979351297137E-04
 10432   1199.6800      0.0000000000000000E+00  1.3366806291753500E-01  5.8158930731708580E-01  6.6153218769041729E-03  2.4077816972280027E-03  1.5670752070738264E-04
 10496   1207.0400      0.0000000000000000E+00  1.3715126846978459E-01  5.9009319447654052E-01  6.9092801905713671E-03  2.3999150291480220E-03  1.9645896433308400E-04
 10560   1214.4000      0.0000000000000000E+00  1.3943402959293727E-01  5.9881170636235248E-01  6.8242993115946666E-03  2.3080660064942809E-03  1.7930297291327604E-04
 10624   1221.7600      0.0000000000000000E+00  1.3832281593585385E-01  6.0796034563606549E-01  5.9909126990706496E-03  2.4334030084306665E-03  1.5479891783927192E-04
 10688   1229.1200      0.0000000000000000E+00  1.3701403142385915E-01  6.1306349600100785E-01  7.3829891651867050E-03  2.4502012200729823E-03  1.5075476912397348E-04
 10752   1236.4800      0.0000000000000000E+00  1.3725446992613854E-01  6.1458239955479843E-01  8.0235676832937398E-03  2.6018402596861495E-03  1.1211969964239974E-04
 10816   1243.8400      0.0000000000000000E+00  1.3761022599234360E-01  6.1418045679795641E-01  7.7220020537210237E-03  2.5690419797794488E-03  1.6643543038672522E-04
 10880   1251.2000      0.0000000000000000E+00  1.4051652452125396E-01  6.1130960540080603E-01  7.1581959904849996E-03  2.6619362108752185E-03  1.1953042935345930E-04
 10944   1258.5600      0.0000000000000000E+00  1.4573086102480642E-01  6.0887747717072005E-01  7.7193420162395216E-03  2.7783007331889961E-03  1.2661299127139357E-04
 11008   1265.9200      0.0000000000000000E+00  1.4948268252445540E-01  6.0523524082934077E-01  7.9470497295233474E-03  2.7614293526751748E-03  1.0942222706480774E-04
 11072   1273.2800      0.0000000000000000E+00  1.5156552032172102E-01  6.0207625789830299E-01  7.7625497586857953E-03  2.8091194712534105E-03  1.0856202085659497E-04
 11136   1280.6400      0.0000000000000000E+00  1.5246016580324165E-01  5.9835680281618764E-01  9.3707617376226401E-03  2.7534806263064394E-03  1.2168757195485417E-04
 11200   1288.0000      0.0000000000000000E+00  1.5212291102637546E-01  5.9593352334796401E-01  8.2907616076341641E-03  2.9003121298776702E-03  1.0011699140696809E-04
 11264   1295.3600      0.0000000000000000E+00  1.5023715126395534E-01  5.9355767638212542E-01  8.4342180989694579E-03  2.7108663824047803E-03  1.1867920573722105E-04
 11328   1302.7200      0.0000000000000000E+00  1.4881372864433964E-01  5.8868354896357733E-01  8.9982973346676171E-03  2.7504579392465447E-03  1.1967170462797493E-04
 11392   1310.0800      0.0000000000000000E+00  1.4714384521386570E-01  5.8373192150435427E-01  9.2421035134284419E-03  2.6739513660469769E-03  1.1081385424677824E-04
 11456   1317.4400      0.0000000000000000E+00  1.4721505000593341E-01  5.7984647544064882E-01  8.7570705703896318E-03  2.7260421320727188E-03  1.3196869939160636E-04
 11520   1324.8000      0.0000000000000000E+00  1.4553439283545602E-01  5.7899713741144754E-01  8.2873450318585017E-03  2.7662990498971076E-03  1.1009109698286456E-04
 11584   1332.1600      0.0000000000000000E+00  1.4334810283508431E-01  5.7757974490637598E-01  8.8982531799052019E-03  2.8489533112471960E-03  1.1464400905940341E-04
 11648   1339.5200      0.0000000000000000E+00  1.4218631489275479E-01  5.7664725050683763E-01  7.0698753426563544E-03  2.8471024807005625E-03  1.0188616536931868E-04
 11712   1346.8800      0.0000000000000000E+00  1.4130015759981332E-01  5.7723850156519085E-01  8.0517103623201029E-03  2.8476168532753639E-03  8.3525803506267040E-05
 11776   1354.2400      0.0000000000000000E+00  1.4073376882231867E-01  5.7943382972805735E-01  5.7339910061233778E-03  2.7729053226089378E-03  1.2048075472787695E-04
 11840   1361.6000      0.0000000000000000E+00  1.3944244502524097E-01  5.8332204010480471E-01  7.2936771356229523E-03  2.9019070600826268E-03  8.8853237752153466E-05
 11904   1368.9600      0.0000000000000000E+00  1.3984916407302003E-01  5.8619665224231010E-01  6.9264937074872837E-03  2.9055593900978601E-03  9.9692985271601523E-05
 11968   1376.3200      0.0000000000000000E+00  1.3812949637665134E-01  5.8431135227334974E-01  8.8389558058477175E-03  2.8935340868087535E-03  6.9457886703415875E-05
 12032   1383.6800      0.0000000000000000E+00  1.3607997645384365E-01  5.8222552369805580E-01  8.2258408153220164E-03  2.8481546461088486E-03  5.8015509672064765E-05
 12096   1391.0400      0.0000000000000000E+00  1.3242396805234422E-01  5.8252233220894489E-01  8.0506131126543562E-03  2.8228055913310482E-03  7.5208819438626778E-05
 12160   1398.4000      0.0000000000000000E+00  1.3119272943263144E-01  5.8049650909018580E-01  7.8980665136951754E-03  2.7097368605806479E-03  7.1976250222931110E-05
 12224   1405.7600      0.0000000000000000E+00  1.2808910368845802E-01  5.7625801062987103E-01  7.9795659612446213E-03  2.7976120640998874E-03  1.2264427072273645E-04
 12288   1413.1200      0.0000000000000000E+00  1.2357142589996814E-01  5.6919064002350139E-01  8.6330892414421354E-03  2.7353999850892874E-03  9.1028366527366126E-05
 12352   1420.4800      0.0000000000000000E+00  1.2205600066571487E-01  5.6674270252587611E-01  1.0117118296286609E-02  2.7575725278854426E-03  1.1834521102477288E-04
 12416   1427.8400      0.0000000000000000E+00  1.1798406400424170E-01  5.6669278040033366E-01  9.2919823470179359E-03  2.8026882363733326E-03  8.3087179601607674E-05
 12480   1435.2000      0.0000000000000000E+00  1.1262694055247854E-01  5.6326811136517707E-01  1.0635704552166010E-02  2.6926390266907474E-03  1.1383363758226185E-04
 12544   1442.5600      0.0000000000000000E+00  1.0736943468470617E-01  5.6074480183974162E-01  9.5688798891581748E-03  2.9434081583474708E-03  9.2609592970762506E-05
 12608   1449.9200      0.0000000000000000E+00  1.0137992316573805E-01  5.6066601337197453E-01  9.0372239042514659E-03  2.8321384074099930E-03  1.1421248977796841E-04
 12672   1457.2800      0.0000000000000000E+00  9.6249581255649183E-02  5.6268282322613261E-01  9.1507676401331294E-03  2.9021874633708409E-03  1.0245761849188393E-04
 12736   1464.6400      0.0000000000000000E+00  9.3277726086841997E-02  5.6608441646003715E-01  1.0221582914670601E-02  2.8879803919545461E-03  7.8150419663246918E-05
 12800   1472.0000      0.0000000000000000E+00  9.0152064647286506E-02  5.6918353466801497E-01  1.1690050042575149E-02  2.8875434315002893E-03  9.2114506944279936E-05
 12864   1479.3600      0.0000000000000000E+00  8.7463684111350484E-02  5.7005751149387329E-01  1.1138245126245982E-02  2.9915753207181393E-03  9.1209769498403094E-05
 12928   1486.7200      0.0000000000000000E+00  8.4734264786957128E-02  5.7049925910948218E-01  1.2177621738155694E-02  2.9663898158989832E-03  9.9366611147686871E-05
 12992   1494.0800      0.0000000000000000E+00  8.3058730838416250E-02  5.6961971035277303E-01  1.1085284374945274E-02  3.0119974665858570E-03  7.6318443152470215E-05
