! Kinetic energy for species "positrons"
  Iter        Time          Total Par.             Kin. Energy
     0   0.0000000             995747  2.4220722862038748E+00
    64   7.3600000            1008064  2.4527904114240302E+00
   128   14.720000            1020381  2.4823628136138760E+00
   192   22.080000            1032698  2.5119219984775141E+00
   256   29.440000            1045015  2.5408756382664164E+00
   320   36.800000            1057333  2.5684400155106357E+00
   384   44.160000            1069650  2.5908009271319781E+00
   448   51.520000            1081967  2.6349787979069612E+00
   512   58.880000            1094284  2.6565613872316383E+00
   576   66.240000            1106601  2.6843654644127066E+00
   640   73.600000            1118918  2.7150134103944707E+00
   704   80.960000            1131235  2.7429520391255835E+00
   768   88.320000            1143553  2.7733979240017743E+00
   832   95.680000            1155870  2.8014041040838960E+00
   896   103.04000            1168187  2.8218745254452835E+00
   960   110.40000            1180504  2.8390703286393548E+00
  1024   117.76000            1192821  2.8596511306152608E+00
  1088   125.12000            1205138  2.8852202932578894E+00
  1152   132.48000            1217455  2.9102483600821718E+00
  1216   139.84000            1229773  2.9406435695739161E+00
  1280   147.20000            1242090  2.9697500869638263E+00
  1344   154.56000            1254407  3.0056041263083921E+00
  1408   161.92000            1266724  3.0313233689377288E+00
  1472   169.28000            1279041  3.0648191073843334E+00
  1536   176.64000            1291358  3.0984347715695035E+00
  1600   184.00000            1303675  3.1400677167839857E+00
  1664   191.36000            1315993  3.1665790522348867E+00
  1728   198.72000            1328310  3.1982655694031270E+00
  1792   206.08000            1340627  3.2225936616934199E+00
  1856   213.44000            1352944  3.2439029341132350E+00
  1920   220.80000            1365261  3.2696390462791030E+00
  1984   228.16000            1377578  3.3074402217739225E+00
  2048   235.52000            1389895  3.3506999243058488E+00
  2112   242.88000            1402213  3.3735935186249559E+00
  2176   250.24000            1414530  3.3919529678754170E+00
  2240   257.60000            1426847  3.4367569070085189E+00
  2304   264.96000            1439164  3.4716005202905822E+00
  2368   272.32000            1451481  3.4836368335267562E+00
  2432   279.68000            1463798  3.5147910758640037E+00
  2496   287.04000            1476115  3.5355542769971420E+00
  2560   294.40000            1488432  3.5795092552412737E+00
  2624   301.76000            1500750  3.5868021097900318E+00
  2688   309.12000            1513067  3.6221790296104563E+00
  2752   316.48000            1525384  3.6386062996383859E+00
  2816   323.84000            1537701  3.6921132161514487E+00
  2880   331.20000            1550018  3.7204021633965358E+00
  2944   338.56000            1562335  3.7471069988146324E+00
  3008   345.92000            1574652  3.7715832214655900E+00
  3072   353.28000            1586970  3.8170671085646450E+00
  3136   360.64000            1599287  3.8446492496036999E+00
  3200   368.00000            1611603  3.8671095760890606E+00
  3264   375.36000            1623918  3.9072506255226154E+00
  3328   382.72000            1636233  3.9327737687596285E+00
  3392   390.08000            1648541  3.9582864899280308E+00
  3456   397.44000            1660846  3.9800711926733454E+00
  3520   404.80000            1673139  4.0196501153181527E+00
  3584   412.16000            1685427  4.0351534188999878E+00
  3648   419.52000            1697698  4.0685319568161900E+00
  3712   426.88000            1709950  4.0855587264886406E+00
  3776   434.24000            1722175  4.1218300314742526E+00
  3840   441.60000            1734421  4.1450745501053659E+00
  3904   448.96000            1746669  4.1936154644546182E+00
  3968   456.32000            1758920  4.2156814482773877E+00
  4032   463.68000            1771130  4.2344408059708387E+00
  4096   471.04000            1783337  4.2573190171062087E+00
  4160   478.40000            1795529  4.2769318594166519E+00
  4224   485.76000            1807721  4.3223562460078133E+00
  4288   493.12000            1819916  4.3430836515654310E+00
  4352   500.48000            1832071  4.3770704271825034E+00
  4416   507.84000            1844257  4.4031872496122544E+00
  4480   515.20000            1856418  4.4230331790948352E+00
  4544   522.56000            1868589  4.4504007772815779E+00
  4608   529.92000            1880740  4.4830003606378757E+00
  4672   537.28000            1892871  4.5024855491576687E+00
  4736   544.64000            1905012  4.5495499433369702E+00
  4800   552.00000            1917143  4.5546851344526313E+00
  4864   559.36000            1929239  4.5971300450001094E+00
  4928   566.72000            1941359  4.6186457729030499E+00
  4992   574.08000            1953475  4.6208809157868185E+00
  5056   581.44000            1965602  4.6548464492989776E+00
  5120   588.80000            1977709  4.6787366548916154E+00
  5184   596.16000            1989830  4.7042390830254988E+00
  5248   603.52000            2001968  4.7392420898667167E+00
  5312   610.88000            2014109  4.7676109379982288E+00
  5376   618.24000            2026234  4.8016526871942320E+00
  5440   625.60000            2038333  4.8198066948717440E+00
  5504   632.96000            2050465  4.8414028613714342E+00
  5568   640.32000            2062587  4.8694434295840132E+00
  5632   647.68000            2074719  4.8935823749897729E+00
  5696   655.04000            2086887  4.9208009340724894E+00
  5760   662.40000            2099042  4.9460637802283749E+00
  5824   669.76000            2111185  4.9662271836825029E+00
  5888   677.12000            2123317  5.0035557819410359E+00
  5952   684.48000            2135437  5.0240855596041873E+00
  6016   691.84000            2147591  5.0441355366859444E+00
  6080   699.20000            2159728  5.0749459255981870E+00
  6144   706.56000            2171852  5.0908339649175112E+00
  6208   713.92000            2183934  5.1171235056302526E+00
  6272   721.28000            2196034  5.1516771760424342E+00
  6336   728.64000            2208117  5.1676395346851436E+00
  6400   736.00000            2220168  5.1908954940939571E+00
  6464   743.36000            2232185  5.2122370176344379E+00
  6528   750.72000            2244160  5.2371070288642816E+00
  6592   758.08000            2256053  5.2740111485985928E+00
  6656   765.44000            2267959  5.3023116047357526E+00
  6720   772.80000            2279804  5.3278455974723480E+00
  6784   780.16000            2291649  5.3481469063952920E+00
  6848   787.52000            2303508  5.3830844867319421E+00
  6912   794.88000            2315208  5.4382160499556953E+00
  6976   802.24000            2326966  5.4313019639253604E+00
  7040   809.60000            2338365  5.4700749701484899E+00
  7104   816.96000            2350022  5.4845159533328642E+00
  7168   824.32000            2361640  5.4991156748176557E+00
  7232   831.68000            2373200  5.5227468686051022E+00
  7296   839.04000            2384693  5.5484541309598603E+00
  7360   846.40000            2396080  5.5626794123528773E+00
  7424   853.76000            2407628  5.5801741135422844E+00
  7488   861.12000            2418889  5.5835717891304313E+00
  7552   868.48000            2430364  5.5958164958937102E+00
  7616   875.84000            2441619  5.5983447538035227E+00
  7680   883.20000            2452997  5.5991645053694885E+00
  7744   890.56000            2464231  5.6123405202509566E+00
  7808   897.92000            2475420  5.6222910905819345E+00
  7872   905.28000            2486729  5.6320645608076276E+00
  7936   912.64000            2498135  5.6581136017975986E+00
  8000   920.00000            2509618  5.6714109768432905E+00
  8064   927.36000            2520775  5.6896172627940835E+00
  8128   934.72000            2532168  5.7339198674703802E+00
  8192   942.08000            2543426  5.7416991438670850E+00
  8256   949.44000            2554931  5.7698413987413897E+00
  8320   956.80000            2566142  5.8023606319272663E+00
  8384   964.16000            2577536  5.8126841897860109E+00
  8448   971.52000            2588647  5.8382957397579194E+00
  8512   978.88000            2600037  5.8605348989857484E+00
  8576   986.24000            2611175  5.8911987725064936E+00
  8640   993.60000            2622497  5.9080780849109118E+00
  8704   1000.9600            2633801  5.9444116165632872E+00
  8768   1008.3200            2645170  5.9581378521255068E+00
  8832   1015.6800            2656622  5.9864703522876876E+00
  8896   1023.0400            2668024  6.0007710413771731E+00
  8960   1030.4000            2679488  6.0331092645484672E+00
  9024   1037.7600            2690823  6.0404224601607002E+00
  9088   1045.1200            2702281  6.0558993680260924E+00
  9152   1052.4800            2713357  6.0872032574807893E+00
  9216   1059.8400            2724775  6.1042041478019726E+00
  9280   1067.2000            2735880  6.1166280533311888E+00
  9344   1074.5600            2747127  6.1349087535362665E+00
  9408   1081.9200            2757916  6.1615769170428063E+00
  9472   1089.2800            2769308  6.1891275645415593E+00
  9536   1096.6400            2780222  6.2128746456735939E+00
  9600   1104.0000            2791264  6.2292356836131670E+00
  9664   1111.3600            2802494  6.2539643179805511E+00
  9728   1118.7200            2813560  6.2735896872435966E+00
  9792   1126.0800            2824727  6.3002206338294942E+00
  9856   1133.4400            2835669  6.3274881865115846E+00
  9920   1140.8000            2847230  6.3403686457313588E+00
  9984   1148.1600            2858213  6.3589711233697663E+00
 10048   1155.5200            2869559  6.3978717487894006E+00
 10112   1162.8800            2880528  6.4157144180979371E+00
 10176   1170.2400            2891895  6.4457115151398003E+00
 10240   1177.6000            2903127  6.4693812857584057E+00
 10304   1184.9600            2914606  6.4885604449271757E+00
 10368   1192.3200            2925824  6.5158507338274241E+00
 10432   1199.6800            2937081  6.5295048497918735E+00
 10496   1207.0400            2948351  6.5530989879120467E+00
 10560   1214.4000            2959674  6.5680710901527721E+00
 10624   1221.7600            2970800  6.5866286928567694E+00
 10688   1229.1200            2981932  6.6058320959063703E+00
 10752   1236.4800            2993550  6.6305647826082783E+00
 10816   1243.8400            3004936  6.6542653601844677E+00
 10880   1251.2000            3016556  6.6808899397201555E+00
 10944   1258.5600            3027823  6.7060754072555309E+00
 11008   1265.9200            3039559  6.7277120353949957E+00
 11072   1273.2800            3050921  6.7470402585778286E+00
 11136   1280.6400            3062512  6.7824196229516946E+00
 11200   1288.0000            3073942  6.8146061493975614E+00
 11264   1295.3600            3085333  6.8324018642364219E+00
 11328   1302.7200            3096946  6.8557343705924261E+00
 11392   1310.0800            3108291  6.8792775091786167E+00
 11456   1317.4400            3119846  6.9101381387186702E+00
 11520   1324.8000            3131056  6.9449858205313166E+00
 11584   1332.1600            3142678  6.9772529710925646E+00
 11648   1339.5200            3154013  7.0062999730674358E+00
 11712   1346.8800            3165571  7.0401079293260551E+00
 11776   1354.2400            3176884  7.0633248903172792E+00
 11840   1361.6000            3188381  7.0822184275622337E+00
 11904   1368.9600            3199696  7.1075502361491649E+00
 11968   1376.3200            3211111  7.1285674219347275E+00
 12032   1383.6800            3222443  7.1587445623371728E+00
 12096   1391.0400            3233783  7.1938457413982011E+00
 12160   1398.4000            3245261  7.2277750385734469E+00
 12224   1405.7600            3256681  7.2504930654897040E+00
 12288   1413.1200            3268402  7.2724574591892566E+00
 12352   1420.4800            3279858  7.3046746214004719E+00
 12416   1427.8400            3291569  7.3317512554677711E+00
 12480   1435.2000            3303133  7.3539163755875157E+00
 12544   1442.5600            3314711  7.3697157933652653E+00
 12608   1449.9200            3326123  7.3928032525183411E+00
 12672   1457.2800            3337501  7.4316181401818149E+00
 12736   1464.6400            3348775  7.4621154640003748E+00
 12800   1472.0000            3360038  7.4776860765543729E+00
 12864   1479.3600            3371029  7.5032705262067951E+00
 12928   1486.7200            3382152  7.5226867064754579E+00
 12992   1494.0800            3392914  7.5471500375923535E+00
