! Kinetic energy for species "electrons"
  Iter        Time          Total Par.             Kin. Energy
     0   0.0000000             995747  2.4230046601978694E+00
    64   7.3600000            1008064  2.4523825535926052E+00
   128   14.720000            1020381  2.4826977495735081E+00
   192   22.080000            1032698  2.5127866522280549E+00
   256   29.440000            1045015  2.5408432350012768E+00
   320   36.800000            1057333  2.5629538372018157E+00
   384   44.160000            1069650  2.6024348736793321E+00
   448   51.520000            1081967  2.6207693868021802E+00
   512   58.880000            1094284  2.6569707916646026E+00
   576   66.240000            1106601  2.6882554655012929E+00
   640   73.600000            1118918  2.7157752720618640E+00
   704   80.960000            1131235  2.7410147928535835E+00
   768   88.320000            1143553  2.7619158453870845E+00
   832   95.680000            1155870  2.7866425726709272E+00
   896   103.04000            1168187  2.8160805637506146E+00
   960   110.40000            1180504  2.8464018447467136E+00
  1024   117.76000            1192821  2.8737402063237978E+00
  1088   125.12000            1205138  2.9056124888521988E+00
  1152   132.48000            1217455  2.9354160177187283E+00
  1216   139.84000            1229773  2.9585427798713604E+00
  1280   147.20000            1242090  2.9800570500117693E+00
  1344   154.56000            1254407  3.0043068851916463E+00
  1408   161.92000            1266724  3.0369565543693717E+00
  1472   169.28000            1279041  3.0644776803361631E+00
  1536   176.64000            1291358  3.0906725203171508E+00
  1600   184.00000            1303675  3.1069510011403314E+00
  1664   191.36000            1315993  3.1356093419921027E+00
  1728   198.72000            1328310  3.1557128594597303E+00
  1792   206.08000            1340627  3.1899664557450258E+00
  1856   213.44000            1352944  3.2278752905476327E+00
  1920   220.80000            1365261  3.2582694744377272E+00
  1984   228.16000            1377578  3.2776756226022807E+00
  2048   235.52000            1389895  3.2973685285813992E+00
  2112   242.88000            1402213  3.3309560901702686E+00
  2176   250.24000            1414530  3.3669435952989737E+00
  2240   257.60000            1426847  3.3798294740850365E+00
  2304   264.96000            1439164  3.3984317755360700E+00
  2368   272.32000            1451481  3.4420000469716818E+00
  2432   279.68000            1463798  3.4639638465566347E+00
  2496   287.04000            1476115  3.4990445834703401E+00
  2560   294.40000            1488432  3.5001793562051877E+00
  2624   301.76000            1500750  3.5419493677813261E+00
  2688   309.12000            1513067  3.5690924129806056E+00
  2752   316.48000            1525384  3.6009262338805299E+00
  2816   323.84000            1537701  3.6113545332431509E+00
  2880   331.20000            1550018  3.6442734755992667E+00
  2944   338.56000            1562335  3.6768501069471551E+00
  3008   345.92000            1574652  3.7213793592193602E+00
  3072   353.28000            1586970  3.7317507757951054E+00
  3136   360.64000            1599287  3.7602013183988454E+00
  3200   368.00000            1611604  3.8038665723185581E+00
  3264   375.36000            1623920  3.8237471850065554E+00
  3328   382.72000            1636236  3.8567145946982575E+00
  3392   390.08000            1648551  3.8810470239528292E+00
  3456   397.44000            1660861  3.9087876661352263E+00
  3520   404.80000            1673175  3.9212847192881051E+00
  3584   412.16000            1685480  3.9576391010834908E+00
  3648   419.52000            1697788  3.9783143959588521E+00
  3712   426.88000            1710081  4.0125761389305135E+00
  3776   434.24000            1722367  4.0335731693245123E+00
  3840   441.60000            1734633  4.0589456391287193E+00
  3904   448.96000            1746896  4.0632902122828689E+00
  3968   456.32000            1759137  4.0927399890893703E+00
  4032   463.68000            1771386  4.1222346848867044E+00
  4096   471.04000            1783619  4.1518792541508382E+00
  4160   478.40000            1795849  4.1892175152981554E+00
  4224   485.76000            1808070  4.1981479302991680E+00
  4288   493.12000            1820259  4.2310110821142963E+00
  4352   500.48000            1832480  4.2499946368983581E+00
  4416   507.84000            1844663  4.2780280269098299E+00
  4480   515.20000            1856847  4.3174035765867611E+00
  4544   522.56000            1869036  4.3513656586024121E+00
  4608   529.92000            1881205  4.3635799514768179E+00
  4672   537.28000            1893367  4.3869898533651313E+00
  4736   544.64000            1905506  4.3935870093688791E+00
  4800   552.00000            1917663  4.4512503822284319E+00
  4864   559.36000            1929796  4.4635322069318901E+00
  4928   566.72000            1941928  4.4893493074805013E+00
  4992   574.08000            1954045  4.5349996887859501E+00
  5056   581.44000            1966124  4.5498500922841538E+00
  5120   588.80000            1978208  4.5667543972177516E+00
  5184   596.16000            1990304  4.5849877475124936E+00
  5248   603.52000            2002403  4.5971002909401459E+00
  5312   610.88000            2014497  4.6152988000178610E+00
  5376   618.24000            2026591  4.6315760529002805E+00
  5440   625.60000            2038683  4.6587955564404471E+00
  5504   632.96000            2050785  4.6866387732589114E+00
  5568   640.32000            2062870  4.7116404607354303E+00
  5632   647.68000            2074968  4.7422059089186623E+00
  5696   655.04000            2087046  4.7696988227840658E+00
  5760   662.40000            2099111  4.7939466096405159E+00
  5824   669.76000            2111163  4.8184721181628101E+00
  5888   677.12000            2123264  4.8393022595199540E+00
  5952   684.48000            2135329  4.8759711197404947E+00
  6016   691.84000            2147381  4.9074952011093131E+00
  6080   699.20000            2159417  4.9265679719266942E+00
  6144   706.56000            2171438  4.9575460257961268E+00
  6208   713.92000            2183458  4.9860763117648288E+00
  6272   721.28000            2195450  5.0055241284793590E+00
  6336   728.64000            2207423  5.0349507858772187E+00
  6400   736.00000            2219426  5.0595706046616282E+00
  6464   743.36000            2231380  5.0813068206409859E+00
  6528   750.72000            2243325  5.1014244460147280E+00
  6592   758.08000            2255252  5.1117428024227536E+00
  6656   765.44000            2267125  5.1257469714202495E+00
  6720   772.80000            2278998  5.1484930320482150E+00
  6784   780.16000            2290839  5.1761255961803254E+00
  6848   787.52000            2302642  5.1862374568478433E+00
  6912   794.88000            2314453  5.1784921492884219E+00
  6976   802.24000            2325932  5.2331267132470254E+00
  7040   809.60000            2337581  5.2420683307785900E+00
  7104   816.96000            2349081  5.2715959956999781E+00
  7168   824.32000            2360724  5.3029705659149036E+00
  7232   831.68000            2372286  5.3272449307652865E+00
  7296   839.04000            2383740  5.3440512523866062E+00
  7360   846.40000            2395307  5.3757909567413016E+00
  7424   853.76000            2406507  5.4013047776737562E+00
  7488   861.12000            2418031  5.4408591925982819E+00
  7552   868.48000            2429248  5.4647113285601945E+00
  7616   875.84000            2440731  5.4920798766625198E+00
  7680   883.20000            2451969  5.5304822067584194E+00
  7744   890.56000            2463246  5.5568912179977925E+00
  7808   897.92000            2474491  5.5828704667157814E+00
  7872   905.28000            2485783  5.6089184232336553E+00
  7936   912.64000            2497273  5.6225926533027870E+00
  8000   920.00000            2508531  5.6490633072527787E+00
  8064   927.36000            2520029  5.6757936834439473E+00
  8128   934.72000            2531207  5.6718054639284619E+00
  8192   942.08000            2542711  5.7054534149689680E+00
  8256   949.44000            2553914  5.7188510437663655E+00
  8320   956.80000            2565426  5.7364710812943276E+00
  8384   964.16000            2576434  5.7693698591532394E+00
  8448   971.52000            2587857  5.7877058621498279E+00
  8512   978.88000            2599054  5.8083034723103495E+00
  8576   986.24000            2610579  5.8276998806136184E+00
  8640   993.60000            2621594  5.8510609868316301E+00
  8704   1000.9600            2632999  5.8586396526429905E+00
  8768   1008.3200            2644331  5.8851633265870156E+00
  8832   1015.6800            2655771  5.9008445147469217E+00
  8896   1023.0400            2667147  5.9273728452006056E+00
  8960   1030.4000            2678545  5.9339933838730552E+00
  9024   1037.7600            2689891  5.9648391758801873E+00
  9088   1045.1200            2701174  5.9835789588566204E+00
  9152   1052.4800            2712544  5.9851973037688193E+00
  9216   1059.8400            2723690  6.0016465046926735E+00
  9280   1067.2000            2734967  6.0145599324149970E+00
  9344   1074.5600            2745914  6.0257083426626332E+00
  9408   1081.9200            2757262  6.0330107552965559E+00
  9472   1089.2800            2768264  6.0434057559274486E+00
  9536   1096.6400            2779425  6.0660880927087941E+00
  9600   1104.0000            2790339  6.0949250274709597E+00
  9664   1111.3600            2801493  6.1207023242950882E+00
  9728   1118.7200            2812645  6.1489017595504443E+00
  9792   1126.0800            2823778  6.1717165477691314E+00
  9856   1133.4400            2835004  6.1899543471808336E+00
  9920   1140.8000            2846080  6.2251459315264537E+00
  9984   1148.1600            2857462  6.2559760865306391E+00
 10048   1155.5200            2868382  6.2624977536190070E+00
 10112   1162.8800            2879891  6.2956341600850010E+00
 10176   1170.2400            2890916  6.3131590209775927E+00
 10240   1177.6000            2902472  6.3350463581034493E+00
 10304   1184.9600            2913680  6.3580027590840249E+00
 10368   1192.3200            2925103  6.3677658116700098E+00
 10432   1199.6800            2936135  6.3889527784387843E+00
 10496   1207.0400            2947507  6.4008248336784552E+00
 10560   1214.4000            2958712  6.4219565337049547E+00
 10624   1221.7600            2970085  6.4418666125244792E+00
 10688   1229.1200            2981288  6.4647633630724277E+00
 10752   1236.4800            2992657  6.4870007445101763E+00
 10816   1243.8400            3004248  6.5140046709989212E+00
 10880   1251.2000            3015688  6.5386024368489428E+00
 10944   1258.5600            3027298  6.5609890267465385E+00
 11008   1265.9200            3038655  6.5895020838599843E+00
 11072   1273.2800            3050274  6.6222781011631309E+00
 11136   1280.6400            3061533  6.6388850767532155E+00
 11200   1288.0000            3073128  6.6612160690836033E+00
 11264   1295.3600            3084558  6.6968761362492435E+00
 11328   1302.7200            3095999  6.7277656580499912E+00
 11392   1310.0800            3107512  6.7582264166435841E+00
 11456   1317.4400            3118847  6.7795276339163184E+00
 11520   1324.8000            3130316  6.7963144060170944E+00
 11584   1332.1600            3141607  6.8161772933258664E+00
 11648   1339.5200            3153203  6.8404940134848307E+00
 11712   1346.8800            3164522  6.8545570483586733E+00
 11776   1354.2400            3176143  6.8798059326672139E+00
 11840   1361.6000            3187387  6.9044052164277430E+00
 11904   1368.9600            3198833  6.9237736933491236E+00
 11968   1376.3200            3210147  6.9518556305675991E+00
 12032   1383.6800            3221540  6.9740742026696658E+00
 12096   1391.0400            3232961  6.9899996712212360E+00
 12160   1398.4000            3244416  7.0067003130193006E+00
 12224   1405.7600            3256008  7.0385271609522952E+00
 12288   1413.1200            3267550  7.0745251357079120E+00
 12352   1420.4800            3279213  7.0913205652611389E+00
 12416   1427.8400            3290715  7.1146389835275725E+00
 12480   1435.2000            3302443  7.1453914169108108E+00
 12544   1442.5600            3313899  7.1818822693385513E+00
 12608   1449.9200            3325408  7.2080033244209574E+00
 12672   1457.2800            3336636  7.2112720932302468E+00
 12736   1464.6400            3347894  7.2188009202007546E+00
 12800   1472.0000            3358867  7.2401078943396389E+00
 12864   1479.3600            3370123  7.2563852891784872E+00
 12928   1486.7200            3380887  7.2766373354015901E+00
 12992   1494.0800            3392142  7.2959186457882117E+00
