! EM field energy per field component
  Iter        Time                          B1                      B2                      B3                      E1                      E2                      E3
     0   0.0000000      0.0000000000000000E+00  0.0000000000000000E+00  0.0000000000000000E+00  0.0000000000000000E+00  0.0000000000000000E+00  0.0000000000000000E+00
    10   1.5400000      0.0000000000000000E+00  5.8220690986508458E-06  6.7485520564004804E-06  4.4711976091249371E-05  4.1019791762259525E-06  4.8146154962824143E-06
    20   3.0800000      0.0000000000000000E+00  4.3078110070654167E-06  4.6955579758326598E-06  1.7605916942776575E-05  3.0183262923766341E-06  2.2803288456822930E-06
    30   4.6200000      0.0000000000000000E+00  3.7251576652636305E-06  3.9216822118432899E-06  4.5142882157301765E-05  3.5794875712445724E-06  4.3335497927010302E-06
    40   6.1600000      0.0000000000000000E+00  3.7899952688969062E-06  4.8130393474815755E-06  2.3260162306115614E-05  3.0625608431034266E-06  2.6014966062956151E-06
    50   7.7000000      0.0000000000000000E+00  4.5868201446310786E-06  5.1756281519806806E-06  4.1373647897915729E-05  3.2946419143676673E-06  3.8131717734651780E-06
    60   9.2400000      0.0000000000000000E+00  4.4005367207869942E-06  4.7388708723873252E-06  2.3045543955798150E-05  3.2008458308361396E-06  3.0537534285500563E-06
    70   10.780000      0.0000000000000000E+00  3.6609257665398768E-06  4.9658676976022974E-06  4.0125123886622220E-05  3.2232464123077115E-06  3.6524435120087404E-06
    80   12.320000      0.0000000000000000E+00  4.2738466289101545E-06  5.1176341692387732E-06  2.8638011945040750E-05  2.9924938868373795E-06  3.0350870661735455E-06
    90   13.860000      0.0000000000000000E+00  4.4706083281113371E-06  5.1558714490925351E-06  3.7569581695203147E-05  2.9544411992197187E-06  3.3906317654147227E-06
   100   15.400000      0.0000000000000000E+00  4.0234441265998853E-06  5.2367454120130072E-06  2.7480481963813356E-05  4.0203526090872503E-06  3.5864970265273897E-06
   110   16.940000      0.0000000000000000E+00  4.5610184567301670E-06  5.3309552896951957E-06  3.7955247232375148E-05  2.8919845623431908E-06  3.0064214616970018E-06
   120   18.480000      0.0000000000000000E+00  3.7951324076984242E-06  5.1697712266615129E-06  2.8340336842749673E-05  3.2295955814253134E-06  3.5380378424274947E-06
   130   20.020000      0.0000000000000000E+00  4.8999405824426962E-06  5.7819984888690731E-06  4.1128060982442806E-05  3.5813849206099002E-06  3.2596733317655042E-06
   140   21.560000      0.0000000000000000E+00  4.1352493714990653E-06  4.8637268310937523E-06  2.8567541505744161E-05  3.3675687293124045E-06  3.8431630639551917E-06
   150   23.100000      0.0000000000000000E+00  4.8272676816636760E-06  5.6442786001576927E-06  4.2132931393548383E-05  3.4981878721763123E-06  2.9879257576813533E-06
   160   24.640000      0.0000000000000000E+00  4.3692289190227471E-06  5.6167271414021086E-06  2.8641819866414026E-05  2.9710716656515634E-06  3.5710415969438695E-06
   170   26.180000      0.0000000000000000E+00  4.3936837165619773E-06  5.9780778022319559E-06  4.1410737181742711E-05  3.1598271406743653E-06  3.2873892146234507E-06
   180   27.720000      0.0000000000000000E+00  5.1690609708541784E-06  5.8356191993428141E-06  3.0465768698274780E-05  3.4457837162552393E-06  3.7374724530270179E-06
   190   29.260000      0.0000000000000000E+00  4.2700977242895300E-06  5.0888043222314624E-06  4.1752645001846790E-05  3.0790634538322427E-06  2.9792793222351407E-06
   200   30.800000      0.0000000000000000E+00  4.8918748164408906E-06  5.5562898223182127E-06  3.3133520531664792E-05  3.5056706621778107E-06  3.3892019398892106E-06
   210   32.340000      0.0000000000000000E+00  4.8699316833972834E-06  5.8448730621519624E-06  4.9430156425756611E-05  3.4127556124932435E-06  3.3669843085233609E-06
   220   33.880000      0.0000000000000000E+00  5.0007657238471633E-06  5.8283003133431283E-06  7.4227429478703611E-05  3.3975509943484221E-06  3.5873266950415143E-06
   230   35.420000      0.0000000000000000E+00  4.4057358623176991E-06  5.6316783790123381E-06  1.9896918634448090E-04  3.6409830393371237E-06  3.2845516533879704E-06
   240   36.960000      0.0000000000000000E+00  4.6138310488263219E-06  6.5524685612645209E-06  6.7732477692520254E-04  3.1327909825293062E-06  3.7104254075649079E-06
   250   38.500000      0.0000000000000000E+00  4.8709207869609191E-06  5.4179974076950812E-06  2.4152250394194039E-03  3.3890971975412873E-06  3.1535845348482258E-06
   260   40.040000      0.0000000000000000E+00  5.0695761173216017E-06  5.8984391520183474E-06  8.1339992340372213E-03  3.5752547970125642E-06  3.6041819760361065E-06
   270   41.580000      0.0000000000000000E+00  4.9262788901691711E-06  6.6600395999803364E-06  1.6539967157669384E-02  3.3160201559672096E-06  2.9875727492820939E-06
   280   43.120000      0.0000000000000000E+00  5.0883374542805794E-06  5.1363992516025856E-06  1.6068344801328280E-02  3.1618704244297837E-06  3.7702315687450439E-06
   290   44.660000      0.0000000000000000E+00  4.5710141633153899E-06  6.0094277692174002E-06  3.1011332143576500E-02  3.3671843919597446E-06  3.3241023942776054E-06
   300   46.200000      0.0000000000000000E+00  5.3273442195657166E-06  5.8832383386083160E-06  1.8860609913332108E-02  3.5135062470002268E-06  3.9979421014487068E-06
   310   47.740000      0.0000000000000000E+00  5.0663284467022963E-06  5.8274378713825058E-06  2.6699799451803969E-02  3.1180822540375168E-06  2.9207650531820314E-06
   320   49.280000      0.0000000000000000E+00  4.6223877015837668E-06  5.4082795245609884E-06  2.8728594292102092E-02  3.3487176467503213E-06  3.8361746623740358E-06
   330   50.820000      0.0000000000000000E+00  4.8439366841949666E-06  5.6340042668997571E-06  2.3039381112805905E-02  3.5199243857603609E-06  3.4215203815394129E-06
   340   52.360000      0.0000000000000000E+00  4.9028833462035281E-06  6.0027833595034804E-06  3.4171227356375296E-02  3.8287784137819758E-06  3.3951152764245861E-06
   350   53.900000      0.0000000000000000E+00  4.6785956174172875E-06  4.9387806389582783E-06  1.5681356681276473E-02  3.1228424268936591E-06  3.8066674041202662E-06
   360   55.440000      0.0000000000000000E+00  4.8513115767886513E-06  6.1258148448726505E-06  2.2965249155088706E-02  3.3530197484596314E-06  3.0774865555259480E-06
   370   56.980000      0.0000000000000000E+00  4.5554439466724751E-06  5.8300452623695835E-06  3.2262098351363816E-02  3.3564612651026248E-06  3.5447916897880449E-06
   380   58.520000      0.0000000000000000E+00  5.1478581673723098E-06  5.3819367737746408E-06  2.3547297357725615E-02  3.4606895973041797E-06  3.5081111133294652E-06
   390   60.060000      0.0000000000000000E+00  4.6347833749799783E-06  5.9909205370497039E-06  2.8459894036844468E-02  3.1636379537844635E-06  3.5216810146665061E-06
   400   61.600000      0.0000000000000000E+00  4.6803264530493414E-06  5.6751592621792272E-06  2.8637450310987224E-02  3.2445155649324123E-06  3.1819030762891031E-06
   410   63.140000      0.0000000000000000E+00  4.9167166435140628E-06  6.1308325420333573E-06  4.0625244169739588E-02  3.1390221606159732E-06  3.6987744397574607E-06
   420   64.680000      0.0000000000000000E+00  5.4013159519465672E-06  5.7685281586642735E-06  2.8599048120692250E-02  3.8107003778367743E-06  3.0824271864477442E-06
   430   66.220000      0.0000000000000000E+00  4.3019500256245131E-06  6.3702351252543071E-06  4.3439284278058959E-02  3.4301437195286429E-06  3.4425718196061984E-06
   440   67.760000      0.0000000000000000E+00  5.4216587763979891E-06  5.8083089944222071E-06  4.6757841670361150E-02  3.2555214046638381E-06  3.3592780548615955E-06
   450   69.300000      0.0000000000000000E+00  5.1239643885023324E-06  6.8529494109947237E-06  2.7913511472547784E-02  3.5627018044720341E-06  3.0578232825007859E-06
   460   70.840000      0.0000000000000000E+00  5.1845252554582786E-06  6.2095633093494837E-06  4.5969047381676773E-02  3.0807664801098133E-06  3.3252655504186222E-06
   470   72.380000      0.0000000000000000E+00  5.4948484774065172E-06  6.3130835724173482E-06  3.6190931858960593E-02  3.2355657673542851E-06  3.0055236803627374E-06
   480   73.920000      0.0000000000000000E+00  4.9304492054231293E-06  6.2840344151643671E-06  3.2244994166356677E-02  3.9549003276096283E-06  3.8453827692923375E-06
   490   75.460000      0.0000000000000000E+00  5.4941516759481221E-06  5.9600136878487591E-06  3.4000393022813213E-02  3.0362035796981324E-06  3.1431233752390126E-06
   500   77.000000      0.0000000000000000E+00  4.7577836481495000E-06  5.8155437042021086E-06  3.3115076022075175E-02  4.1093274130088693E-06  3.5774474558592524E-06
   510   78.540000      0.0000000000000000E+00  5.1696347220982507E-06  6.8309820356980437E-06  3.3008730781402429E-02  2.9625174681129326E-06  2.7716475349892465E-06
   520   80.080000      0.0000000000000000E+00  5.0543613861174248E-06  6.1043522316087054E-06  3.5050142344037180E-02  3.3767765961131355E-06  3.8717084351632833E-06
   530   81.620000      0.0000000000000000E+00  4.7039197698160781E-06  7.0276723074497500E-06  3.7329445186144505E-02  2.8299639871068896E-06  2.6853407142162154E-06
   540   83.160000      0.0000000000000000E+00  4.8866623801010320E-06  6.0822869176856182E-06  4.5590991969846881E-02  3.7615792195323909E-06  4.2450812248146584E-06
   550   84.700000      0.0000000000000000E+00  5.0917957225498502E-06  7.2099552858987103E-06  4.6403050919934810E-02  2.9121112653577911E-06  3.1893139263019906E-06
   560   86.240000      0.0000000000000000E+00  4.9461471414125090E-06  5.9067559417874765E-06  3.7044772264296373E-02  3.9702545417769283E-06  3.3355175754615635E-06
   570   87.780000      0.0000000000000000E+00  4.7947194343540649E-06  7.3184335485502667E-06  5.0079767645291859E-02  3.3218832806490807E-06  3.2076148582303514E-06
   580   89.320000      0.0000000000000000E+00  5.0384249495176876E-06  6.6588926195225824E-06  5.2500753999460352E-02  3.2977432913415993E-06  3.9283372898655349E-06
   590   90.860000      0.0000000000000000E+00  4.9577533755551303E-06  6.4795918308578055E-06  7.8177170995133868E-02  3.5819834607123076E-06  3.1862450872436082E-06
   600   92.400000      0.0000000000000000E+00  5.1642744362278576E-06  6.7835001019015960E-06  6.5795201592198954E-02  3.2133120022474263E-06  3.5867015141208442E-06
   610   93.940000      0.0000000000000000E+00  4.4509600030476516E-06  6.4896603453214942E-06  7.2981853891086163E-02  3.7201642498553392E-06  3.2432069059580253E-06
   620   95.480000      0.0000000000000000E+00  5.2034056581157454E-06  6.6754484782721639E-06  7.9628978219287785E-02  3.2086419706704567E-06  3.3734134617135031E-06
   630   97.020000      0.0000000000000000E+00  5.0312638057585675E-06  6.9582859393313846E-06  8.6991736822007920E-02  3.2184702601114855E-06  3.5172678650564395E-06
   640   98.560000      0.0000000000000000E+00  4.5417781761751096E-06  6.9155247867767462E-06  6.2297700796124449E-02  3.3483176096012706E-06  3.6536208953478673E-06
   650   100.10000      0.0000000000000000E+00  5.1578989062648556E-06  6.7963512321897548E-06  7.5195679693051326E-02  3.5521176190278664E-06  3.3113113381341652E-06
   660   101.64000      0.0000000000000000E+00  4.4064001929287756E-06  6.2472813085493854E-06  7.9407309126639264E-02  3.6529099624428688E-06  3.4570924178787372E-06
   670   103.18000      0.0000000000000000E+00  5.0870432979152627E-06  6.8251624564061562E-06  8.9075385038926230E-02  3.4499249856089334E-06  3.5554639771371653E-06
   680   104.72000      0.0000000000000000E+00  4.8494593536947052E-06  6.1091676295292051E-06  9.4385820276303170E-02  4.1125432458798945E-06  3.5322313782071003E-06
   690   106.26000      0.0000000000000000E+00  4.5657448189224772E-06  6.7104290221736000E-06  9.6032503830520297E-02  3.4135869071357022E-06  3.9171525179123832E-06
   700   107.80000      0.0000000000000000E+00  4.9847448107054713E-06  5.6464779693405539E-06  1.0031204771735736E-01  4.2293655389939447E-06  3.1178746139094698E-06
   710   109.34000      0.0000000000000000E+00  4.9401505858371544E-06  7.4899295479638267E-06  9.2568843547340685E-02  3.1306745980262457E-06  3.7279810979108231E-06
   720   110.88000      0.0000000000000000E+00  4.4250251043419290E-06  6.7255375063317588E-06  1.0044240434144482E-01  3.6948722818479826E-06  3.3620043032071184E-06
   730   112.42000      0.0000000000000000E+00  5.0689310162626655E-06  6.2539762981548833E-06  9.6776705475478425E-02  3.1709990660625369E-06  3.8256382456243183E-06
   740   113.96000      0.0000000000000000E+00  5.0976652006273747E-06  7.7322973443963955E-06  8.6061424661118852E-02  3.4179674197216405E-06  3.3490266584353215E-06
   750   115.50000      0.0000000000000000E+00  5.1539046828176322E-06  6.6460479328644355E-06  1.1820990439116988E-01  3.5790404405977877E-06  3.5648530933244203E-06
   760   117.04000      0.0000000000000000E+00  4.9166947653136760E-06  6.3805422860594766E-06  9.5349793302236779E-02  3.0518480079143318E-06  3.0246870997265475E-06
   770   118.58000      0.0000000000000000E+00  5.0195078218330572E-06  6.9785720370584653E-06  1.1115756190324638E-01  3.4846811183666990E-06  4.0848910862602582E-06
   780   120.12000      0.0000000000000000E+00  4.5106925239544045E-06  6.2960160589014353E-06  1.1702385242240292E-01  3.5406021742465375E-06  3.4527273768538098E-06
   790   121.66000      0.0000000000000000E+00  4.8242257652566312E-06  6.1791868844670518E-06  9.5113979105288210E-02  3.5588336160303535E-06  3.8118208345403541E-06
   800   123.20000      0.0000000000000000E+00  4.6155980501110814E-06  7.3821688171834818E-06  1.1687365575015379E-01  3.2960275980117156E-06  3.4480076954548841E-06
   810   124.74000      0.0000000000000000E+00  5.2506674292818543E-06  5.9699309375263599E-06  1.1050776868416298E-01  3.1152374823325558E-06  3.4641031335680320E-06
   820   126.28000      0.0000000000000000E+00  4.6925741293679107E-06  7.2258639867941664E-06  1.1668056380001914E-01  3.2093581990099020E-06  3.9040343816164192E-06
   830   127.82000      0.0000000000000000E+00  5.0123058565198490E-06  6.7478202462591760E-06  1.6717317039807406E-01  3.8342287231347195E-06  3.5616990404284695E-06
   840   129.36000      0.0000000000000000E+00  5.6954273048362575E-06  6.0535440349215769E-06  1.1298219405843080E-01  3.4225637002372561E-06  3.2964104005304679E-06
   850   130.90000      0.0000000000000000E+00  5.7183954227124732E-06  6.4969338320786067E-06  9.7114758780182400E-02  3.5946709565428522E-06  3.5147850052415072E-06
   860   132.44000      0.0000000000000000E+00  5.7002747403854675E-06  7.7155150616868128E-06  1.0384973843096956E-01  3.4507220757706013E-06  3.6433942867612513E-06
   870   133.98000      0.0000000000000000E+00  5.4620857817255445E-06  5.8624214642834790E-06  8.8212071453723589E-02  3.5006556942969018E-06  3.3148967565259510E-06
   880   135.52000      0.0000000000000000E+00  5.3497666570682603E-06  7.4537032742673491E-06  1.0177843027074610E-01  3.5546994181458602E-06  3.7799774808695080E-06
   890   137.06000      0.0000000000000000E+00  5.6394385370751921E-06  7.5968276473516142E-06  1.2384097198285336E-01  3.5831584037788322E-06  3.6729597716687627E-06
   900   138.60000      0.0000000000000000E+00  5.0650936113348717E-06  6.6334653965428138E-06  8.8500667418914256E-02  3.1219487261411903E-06  3.6075906856512832E-06
   910   140.14000      0.0000000000000000E+00  5.3215663757369370E-06  7.9741458695312437E-06  7.9881933059835014E-02  3.4185924754800412E-06  3.4831922214438249E-06
   920   141.68000      0.0000000000000000E+00  5.7767250094548293E-06  6.6095512938502996E-06  1.1460350808899272E-01  3.3232777335240466E-06  4.1013632127454993E-06
   930   143.22000      0.0000000000000000E+00  5.5206740841680420E-06  7.2512798643251405E-06  9.9186706188611598E-02  3.5530683024044721E-06  3.6251556933177264E-06
   940   144.76000      0.0000000000000000E+00  5.6179671755469998E-06  7.1408882935900596E-06  6.1274901377790209E-02  3.4777944728616665E-06  3.9475795017483741E-06
   950   146.30000      0.0000000000000000E+00  5.8551422098360200E-06  6.9540621628007000E-06  8.3610591634951881E-02  3.4810736063243088E-06  3.3850861119259189E-06
   960   147.84000      0.0000000000000000E+00  6.3420504998904154E-06  7.0825997825426297E-06  8.4922090249672358E-02  3.3677828404935019E-06  3.3396932112569661E-06
   970   149.38000      0.0000000000000000E+00  5.6323710122848080E-06  7.3341382204361863E-06  9.6634721874938823E-02  3.6202087051670927E-06  3.9057120811265677E-06
   980   150.92000      0.0000000000000000E+00  5.6682237681251153E-06  5.9199900270001529E-06  1.0577839962893679E-01  3.4141852110633472E-06  3.4034860842902863E-06
   990   152.46000      0.0000000000000000E+00  5.5295906614290140E-06  7.3587802299519955E-06  9.6470707903774031E-02  4.0427413545993454E-06  3.4500442171563722E-06
  1000   154.00000      0.0000000000000000E+00  5.6891382947475774E-06  6.3223697654902933E-06  1.1171408511341076E-01  3.5793159250328783E-06  3.8617652037072743E-06
  1010   155.54000      0.0000000000000000E+00  5.5047071229226241E-06  6.9515662374922014E-06  1.2195788864112173E-01  3.4023280112684151E-06  3.6933654289531848E-06
  1020   157.08000      0.0000000000000000E+00  6.0054649237864458E-06  6.6729031685858755E-06  1.0301515147716926E-01  3.5547044763681618E-06  3.9229554387079619E-06
  1030   158.62000      0.0000000000000000E+00  5.4145441422953407E-06  6.6764922159632592E-06  8.6346485069704160E-02  3.3641910306681508E-06  3.4721897820573907E-06
  1040   160.16000      0.0000000000000000E+00  6.0730611027257006E-06  6.0386329729626629E-06  9.6298663983833632E-02  3.8218922748007040E-06  3.7020275767359560E-06
  1050   161.70000      0.0000000000000000E+00  6.1373409491005723E-06  7.0889625036516930E-06  9.3162310740647819E-02  3.6990144866660960E-06  4.1027150762418819E-06
  1060   163.24000      0.0000000000000000E+00  6.6798887069105321E-06  6.4101400256452380E-06  1.2080735720660331E-01  3.2856810017060538E-06  3.1135059569613201E-06
  1070   164.78000      0.0000000000000000E+00  5.6512465563690015E-06  7.5247819882355377E-06  1.2343709671351366E-01  3.2962385487066097E-06  3.9029544916266264E-06
  1080   166.32000      0.0000000000000000E+00  6.1725423628506107E-06  5.9597236322815563E-06  1.3903566544836241E-01  3.6225264829127925E-06  3.6025568764614592E-06
  1090   167.86000      0.0000000000000000E+00  6.5825551955058427E-06  6.1475484191194405E-06  1.5640568482533485E-01  3.3465502562637993E-06  3.9025737364692293E-06
  1100   169.40000      0.0000000000000000E+00  6.3205938149226856E-06  6.8480961491242589E-06  1.3421182377188726E-01  3.6570406921847698E-06  3.0626482662476242E-06
  1110   170.94000      0.0000000000000000E+00  6.6690997990912085E-06  6.3050251905140523E-06  1.2430768250451568E-01  3.2512951207522192E-06  4.1088454417394618E-06
  1120   172.48000      0.0000000000000000E+00  6.5488933091535851E-06  7.0126070897271898E-06  1.5235798517916369E-01  3.1193585770597575E-06  3.1020629301804001E-06
  1130   174.02000      0.0000000000000000E+00  6.2354481984995573E-06  6.8203047414377076E-06  1.4384092617878269E-01  4.3942097836273446E-06  3.5397236311859877E-06
  1140   175.56000      0.0000000000000000E+00  5.8727633433691976E-06  7.1184306707016236E-06  1.5437286212459303E-01  3.1949790214231924E-06  3.6326665532317093E-06
  1150   177.10000      0.0000000000000000E+00  6.8544257125657113E-06  5.7549125050888001E-06  1.5988581845229893E-01  3.4462926162877505E-06  3.6031658466200938E-06
  1160   178.64000      0.0000000000000000E+00  5.4750819953138819E-06  7.3872546170892963E-06  1.5481195226999106E-01  3.3286736500994263E-06  4.0064581665209631E-06
  1170   180.18000      0.0000000000000000E+00  6.4441287112717497E-06  7.1372336515416626E-06  1.8483308217780875E-01  3.5888239460753665E-06  3.7933573523952750E-06
  1180   181.72000      0.0000000000000000E+00  6.5451364956370858E-06  6.0772426812724619E-06  1.9865597505146426E-01  4.0044383000184058E-06  3.2964371885490079E-06
  1190   183.26000      0.0000000000000000E+00  6.0516784053543574E-06  7.3621816150262888E-06  2.3296686612237366E-01  3.4703888946949223E-06  4.1242529948186514E-06
  1200   184.80000      0.0000000000000000E+00  6.7891934162728437E-06  6.5591324817609939E-06  1.7677078213411446E-01  3.4995936848487752E-06  3.5162625625292847E-06
  1210   186.34000      0.0000000000000000E+00  6.1367991754697792E-06  7.2623506036212383E-06  1.7858266774400372E-01  3.4487779786761164E-06  3.7145849684751042E-06
  1220   187.88000      0.0000000000000000E+00  5.9745470612972676E-06  6.6764212650202277E-06  1.5914071567288246E-01  3.7853721394714857E-06  3.9424062413580186E-06
  1230   189.42000      0.0000000000000000E+00  6.7651964443924899E-06  7.0671954836205470E-06  1.3787635998793649E-01  2.8522754893438709E-06  3.8252981105997872E-06
  1240   190.96000      0.0000000000000000E+00  6.6367966161483402E-06  7.0364162827132895E-06  1.4142987402544713E-01  3.5248508442401659E-06  3.7700151228997624E-06
  1250   192.50000      0.0000000000000000E+00  6.8873349207505666E-06  7.4188397430213883E-06  1.4871012928546834E-01  3.8287701884378427E-06  3.2242153591101650E-06
  1260   194.04000      0.0000000000000000E+00  6.9721148852255964E-06  6.4396283854512052E-06  1.5300192441013793E-01  3.4855322233746461E-06  3.8306690430230800E-06
  1270   195.58000      0.0000000000000000E+00  6.2436646114222846E-06  7.1658177364245677E-06  1.4375016084302336E-01  2.8823782440547861E-06  3.6884825133722963E-06
  1280   197.12000      0.0000000000000000E+00  6.3043454200045316E-06  6.4876147382185381E-06  1.7150691700559081E-01  3.8028244108830002E-06  3.6541743366258648E-06
  1290   198.66000      0.0000000000000000E+00  7.0503379410957481E-06  6.6523797392736445E-06  1.7051538451755374E-01  3.8564975730350941E-06  3.3642727229992342E-06
  1300   200.20000      0.0000000000000000E+00  6.3599170090032357E-06  6.1822312355478717E-06  1.7650689757289478E-01  3.4970740096755219E-06  3.9809549217336982E-06
  1310   201.74000      0.0000000000000000E+00  7.1489820189434967E-06  6.9619887778391927E-06  1.6124640100846233E-01  3.5932360847165393E-06  3.6219224664744930E-06
  1320   203.28000      0.0000000000000000E+00  6.8713216014190082E-06  7.2704256373870572E-06  1.6950641817161455E-01  3.3829060755694852E-06  3.7404398796931899E-06
  1330   204.82000      0.0000000000000000E+00  6.5574472793052734E-06  6.2750018474770410E-06  1.8444925600031964E-01  3.0578585712487623E-06  3.7907166700810014E-06
  1340   206.36000      0.0000000000000000E+00  6.7945705844232041E-06  6.7107553402264445E-06  1.7108211326360057E-01  3.8124535209571818E-06  3.4946011938108396E-06
  1350   207.90000      0.0000000000000000E+00  6.6973535922281871E-06  7.1234698672551082E-06  2.0117589191537572E-01  3.3493334867318466E-06  3.8666365721393095E-06
  1360   209.44000      0.0000000000000000E+00  6.4879497917140590E-06  6.4752676442775969E-06  2.0404498812541977E-01  3.7266543274243824E-06  3.9268982252979814E-06
  1370   210.98000      0.0000000000000000E+00  6.8040951479474581E-06  7.1830481646668084E-06  1.7558304862520474E-01  3.5122313849001838E-06  3.6319749064448722E-06
  1380   212.52000      0.0000000000000000E+00  6.2813122296861582E-06  6.9208097913263901E-06  1.7593401430194058E-01  3.2563485567447215E-06  3.5155479441399615E-06
  1390   214.06000      0.0000000000000000E+00  6.7538474915507646E-06  6.9090038841522376E-06  1.3687599879647588E-01  2.7779587464907793E-06  4.1446833167416387E-06
  1400   215.60000      0.0000000000000000E+00  7.1427793133370516E-06  6.7182486851603965E-06  1.7431791670106961E-01  3.4701204481815409E-06  3.2052810077050392E-06
  1410   217.14000      0.0000000000000000E+00  6.5278235014423537E-06  6.3287969027204899E-06  1.6234337737769289E-01  3.5192091316012853E-06  3.8830368214016719E-06
  1420   218.68000      0.0000000000000000E+00  6.6728925134353143E-06  7.0249709018880563E-06  1.9638282562275849E-01  3.5168210796039377E-06  3.6711215507839395E-06
  1430   220.22000      0.0000000000000000E+00  6.6256236373575180E-06  7.1394613464604964E-06  2.1488888801592226E-01  3.2952383200133157E-06  3.5651232979568123E-06
  1440   221.76000      0.0000000000000000E+00  6.9997555124170730E-06  6.2417661469453751E-06  2.1558880266786568E-01  3.8064245775237317E-06  3.6988753753938957E-06
  1450   223.30000      0.0000000000000000E+00  7.1125435040708377E-06  6.6724200605869441E-06  2.2859503772300910E-01  3.2221022300788366E-06  3.4695213684209008E-06
  1460   224.84000      0.0000000000000000E+00  5.9196551742907208E-06  6.6014157701965238E-06  2.3066228421819299E-01  3.1110373953472231E-06  4.1232509887175839E-06
  1470   226.38000      0.0000000000000000E+00  6.8171117934091095E-06  6.8585604386887002E-06  2.3581648029044794E-01  3.5384001297309122E-06  3.5806729837376440E-06
  1480   227.92000      0.0000000000000000E+00  7.1888020817415857E-06  6.6628524074157458E-06  2.1501101582671198E-01  2.8788141434272748E-06  3.8224836170182709E-06
  1490   229.46000      0.0000000000000000E+00  6.0224104605410291E-06  7.3631458110928858E-06  1.9917925609664361E-01  3.0562741777847846E-06  3.3416607178595841E-06
  1500   231.00000      0.0000000000000000E+00  6.9462620004694749E-06  6.3944968738124261E-06  1.6594829993563462E-01  3.3587319407918296E-06  4.0284480798251683E-06
  1510   232.54000      0.0000000000000000E+00  6.8517118947694881E-06  7.0793528930506539E-06  2.1967789431183932E-01  3.2470250580957749E-06  3.1040170515620999E-06
  1520   234.08000      0.0000000000000000E+00  6.9145247468989487E-06  6.4991036139266096E-06  1.9683547454814965E-01  3.6201834253881977E-06  4.0123714211725502E-06
  1530   235.62000      0.0000000000000000E+00  6.9337425008245864E-06  6.2063213937985803E-06  1.9994474399530304E-01  3.3894616253720202E-06  3.4701660453236045E-06
  1540   237.16000      0.0000000000000000E+00  6.8970958405365485E-06  6.6212634547102619E-06  2.1450798919900549E-01  3.2484179714544422E-06  3.7103981647256809E-06
  1550   238.70000      0.0000000000000000E+00  7.4265490590148444E-06  6.3722817602929072E-06  1.7887545418859077E-01  3.5751525874716738E-06  3.9693047621031266E-06
  1560   240.24000      0.0000000000000000E+00  7.0937643413404351E-06  6.1175168103528410E-06  1.7801878148325617E-01  3.3253022631811113E-06  3.5216928541185128E-06
  1570   241.78000      0.0000000000000000E+00  7.4824682439099201E-06  6.7947631357985339E-06  1.8414261288302622E-01  3.1792815183290832E-06  3.8879150024089616E-06
  1580   243.32000      0.0000000000000000E+00  6.3978239968062460E-06  6.2254135254472948E-06  1.6741999731475637E-01  3.2989437529776626E-06  3.7773332664215399E-06
  1590   244.86000      0.0000000000000000E+00  7.6421384404741815E-06  6.7732090878248172E-06  1.9479546284337498E-01  3.3448827992424800E-06  3.7243118778251285E-06
  1600   246.40000      0.0000000000000000E+00  6.5923377663004760E-06  6.1768719346988947E-06  2.5363574628926278E-01  3.0767956464954067E-06  3.7090173399865938E-06
  1610   247.94000      0.0000000000000000E+00  7.0729747659405290E-06  6.2303500253989271E-06  2.1009943014861129E-01  3.2237895277797071E-06  3.5297870276319773E-06
  1620   249.48000      0.0000000000000000E+00  7.3328200167857002E-06  6.8926635739634644E-06  2.0530328374191359E-01  3.0030240777915886E-06  3.6701443031367790E-06
  1630   251.02000      0.0000000000000000E+00  6.7993108737499191E-06  5.8849304817245521E-06  1.9421745642420965E-01  3.2103128335266909E-06  3.8742392129538095E-06
  1640   252.56000      0.0000000000000000E+00  7.3666491732226717E-06  6.7333437470180909E-06  2.2540044581264174E-01  3.0185339224279710E-06  3.5449558272222541E-06
  1650   254.10000      0.0000000000000000E+00  8.0733005307077844E-06  6.6708935201138507E-06  2.0650081714152238E-01  2.9375481622363911E-06  3.3398808356432860E-06
  1660   255.64000      0.0000000000000000E+00  6.6649824778281259E-06  6.2866398244424702E-06  1.8846579809623829E-01  3.3161075280886739E-06  4.2197981017336978E-06
  1670   257.18000      0.0000000000000000E+00  7.1028646260414949E-06  6.6473902437833966E-06  2.1759718839615877E-01  3.3532130835946261E-06  3.8430670288684298E-06
  1680   258.72000      0.0000000000000000E+00  6.9642181272351715E-06  6.1261667868588155E-06  1.7082712638052691E-01  3.1178574581780098E-06  3.7436231783204419E-06
  1690   260.26000      0.0000000000000000E+00  7.5470942218957791E-06  6.0795724114975567E-06  1.9049850046187045E-01  2.9484131041209916E-06  3.6020776660142885E-06
  1700   261.80000      0.0000000000000000E+00  7.0549666106571443E-06  6.2770143705027171E-06  2.2493133857980682E-01  3.2322102754482459E-06  3.9798524053581516E-06
  1710   263.34000      0.0000000000000000E+00  6.4277434442782562E-06  5.3730202949341234E-06  1.8320424233144239E-01  2.9224336260555259E-06  3.4202472715502889E-06
  1720   264.88000      0.0000000000000000E+00  7.4919623922540603E-06  6.5529989805062478E-06  2.1580116830548488E-01  3.1421815635873355E-06  3.6473370977608833E-06
  1730   266.42000      0.0000000000000000E+00  5.9768600266972360E-06  5.1171913392778504E-06  1.7897308589716143E-01  3.2308332044409491E-06  3.9136506424318578E-06
  1740   267.96000      0.0000000000000000E+00  7.0051462435952475E-06  6.1571247517614331E-06  1.8954415453673851E-01  2.9870213254558063E-06  3.3577881152800846E-06
  1750   269.50000      0.0000000000000000E+00  7.3344075987970236E-06  6.7792443538315607E-06  1.9050652225148099E-01  2.7848070765986912E-06  3.7382690149349815E-06
  1760   271.04000      0.0000000000000000E+00  6.6290819858720212E-06  5.5078151777764195E-06  1.8127287079430857E-01  3.1799463946874877E-06  3.3856868744448575E-06
  1770   272.58000      0.0000000000000000E+00  6.6768259165819165E-06  6.8477781168968475E-06  1.8587198159861645E-01  2.8685542614315234E-06  3.6842060394215647E-06
  1780   274.12000      0.0000000000000000E+00  7.0714263659791671E-06  5.4174085861467675E-06  1.6844030052628925E-01  2.8337414079376994E-06  3.4832015306812612E-06
  1790   275.66000      0.0000000000000000E+00  6.4793110445826763E-06  6.6857591947535650E-06  2.2147880566829642E-01  3.0222974328155122E-06  3.7203312752595625E-06
  1800   277.20000      0.0000000000000000E+00  6.5312243500008393E-06  5.7654960700036385E-06  1.8851892350250896E-01  2.6306899092433651E-06  3.8433406973547965E-06
  1810   278.74000      0.0000000000000000E+00  6.1098608712455106E-06  5.9921564661358593E-06  1.9351957500284792E-01  2.3900848761899425E-06  3.4600220902678337E-06
  1820   280.28000      0.0000000000000000E+00  6.6550958300340799E-06  6.1631869377244775E-06  1.9165925528377412E-01  2.8926572557956069E-06  3.5672415446351657E-06
  1830   281.82000      0.0000000000000000E+00  6.4665613415854991E-06  5.7974200325050650E-06  2.1670065799500249E-01  2.7462878207992189E-06  3.4770299439781213E-06
  1840   283.36000      0.0000000000000000E+00  7.0371389991834424E-06  5.8975075717114792E-06  1.9628786059778586E-01  2.6277517759634840E-06  3.4642962910563389E-06
  1850   284.90000      0.0000000000000000E+00  6.4046352254585225E-06  5.5986939106525046E-06  2.0880753878538627E-01  2.9188348947884937E-06  3.6287667816312339E-06
  1860   286.44000      0.0000000000000000E+00  6.5975550739641947E-06  5.9104478112256903E-06  1.9939477194654159E-01  2.9157206341441506E-06  3.5414216861198219E-06
  1870   287.98000      0.0000000000000000E+00  6.9060096260766366E-06  5.7840659652980382E-06  1.8177748887658160E-01  2.7599378024988551E-06  3.4243544281105175E-06
  1880   289.52000      0.0000000000000000E+00  6.9320538393374910E-06  5.6517651654623652E-06  1.8183394020354104E-01  2.6009367851632485E-06  3.3298241842676475E-06
  1890   291.06000      0.0000000000000000E+00  6.7234801470262607E-06  5.6853505005057585E-06  1.9700348020065528E-01  3.2449331593197979E-06  3.6823111312367276E-06
  1900   292.60000      0.0000000000000000E+00  6.0687667023313753E-06  5.8219268340916014E-06  2.3288170200415428E-01  2.8185297219443281E-06  3.3716561992683945E-06
  1910   294.14000      0.0000000000000000E+00  6.7748809715896305E-06  6.0580998948420409E-06  2.1622968893422581E-01  2.5654746671145455E-06  3.6146258317902139E-06
  1920   295.68000      0.0000000000000000E+00  6.8335117482302783E-06  6.0002177012658704E-06  2.0996973962444232E-01  2.9140810373759457E-06  3.7779387979155646E-06
  1930   297.22000      0.0000000000000000E+00  6.3826010565006178E-06  5.8129958067539977E-06  2.3447654427448161E-01  2.6624100624970999E-06  3.5880163440981429E-06
  1940   298.76000      0.0000000000000000E+00  6.9905926503990955E-06  6.2060484418754545E-06  2.0144135087245763E-01  2.6041331773106601E-06  3.2429472130856524E-06
  1950   300.30000      0.0000000000000000E+00  7.1264393895110799E-06  6.2179808701850842E-06  2.7399564532570092E-01  2.7038153221662943E-06  3.5862012872681899E-06
  1960   301.84000      0.0000000000000000E+00  6.2081874093462057E-06  5.9249100159240708E-06  2.0667234179699978E-01  2.5241751233412103E-06  3.5922369542579263E-06
  1970   303.38000      0.0000000000000000E+00  6.7936746318499322E-06  6.7040897060949156E-06  1.9909006827515008E-01  2.5351927324619737E-06  3.6092021693369042E-06
  1980   304.92000      0.0000000000000000E+00  7.2526547408527747E-06  6.0166537380795347E-06  2.3953089499196709E-01  2.7218568623570644E-06  2.9298228764924546E-06
  1990   306.46000      0.0000000000000000E+00  7.1364140206482864E-06  6.1261489437197610E-06  2.2221372676508797E-01  2.4404647472000428E-06  3.9030612292920203E-06
  2000   308.00000      0.0000000000000000E+00  6.6539553401641198E-06  5.6948230014857590E-06  2.2143415612253109E-01  2.8723933094082894E-06  3.2119589878494482E-06
  2010   309.54000      0.0000000000000000E+00  6.0157723502970163E-06  5.8423041168395071E-06  1.9211226442601886E-01  2.9686856458114757E-06  3.3283081568945141E-06
  2020   311.08000      0.0000000000000000E+00  7.0660709734340058E-06  6.3225585626715020E-06  1.8217287491415857E-01  2.6438554543440421E-06  3.2644357021415186E-06
  2030   312.62000      0.0000000000000000E+00  6.4013004777206056E-06  5.6684515242645487E-06  2.0474161108017561E-01  3.1248237763290071E-06  3.1510505661565692E-06
  2040   314.16000      0.0000000000000000E+00  6.4215453924139829E-06  5.8671402483876671E-06  1.7833156775571482E-01  2.5178269855904368E-06  4.0740883290998381E-06
  2050   315.70000      0.0000000000000000E+00  6.9151013043289907E-06  6.1732148978830841E-06  1.4642116912133191E-01  2.8962393919463583E-06  2.7247491859019054E-06
  2060   317.24000      0.0000000000000000E+00  5.9051304816307883E-06  5.9197569799833921E-06  1.6562410677056566E-01  2.5969446312092284E-06  3.3199583623378835E-06
  2070   318.78000      0.0000000000000000E+00  5.9697745689428756E-06  6.3610059203195788E-06  1.8791621123705446E-01  2.6754110245340035E-06  3.8763930600594749E-06
  2080   320.32000      0.0000000000000000E+00  6.2416306565717937E-06  5.2094767196128527E-06  1.8705320997436506E-01  2.7368644077507640E-06  2.8713209734013141E-06
  2090   321.86000      0.0000000000000000E+00  6.6263103556269949E-06  5.5737159645595140E-06  1.8222424675926907E-01  2.7521303052918147E-06  3.3054675979351545E-06
  2100   323.40000      0.0000000000000000E+00  5.4063493062601307E-06  5.9168677385126511E-06  1.8359652537932342E-01  2.6526736433420275E-06  3.8064066483679897E-06
  2110   324.94000      0.0000000000000000E+00  7.1255628871762554E-06  5.0570160403661001E-06  1.7841286042755788E-01  2.6526138316729830E-06  3.0806099453435330E-06
  2120   326.48000      0.0000000000000000E+00  5.6221037875316904E-06  6.2074449651561400E-06  1.9848642187086621E-01  2.8196602007590278E-06  3.3589088477101073E-06
  2130   328.02000      0.0000000000000000E+00  5.8619096691703146E-06  5.7924440786982607E-06  1.5008679747267553E-01  2.3400913438855229E-06  3.2637558752264849E-06
  2140   329.56000      0.0000000000000000E+00  6.0776356338567612E-06  5.1923356186623362E-06  2.0153475297880397E-01  2.4738157147162841E-06  2.9709204488285565E-06
  2150   331.10000      0.0000000000000000E+00  5.9716373124537381E-06  6.4651232217335132E-06  1.6671231506303752E-01  2.5989213704226661E-06  3.5889505644378357E-06
  2160   332.64000      0.0000000000000000E+00  5.5119901711218804E-06  6.0674869450166725E-06  1.6916976684291191E-01  2.6302956640817581E-06  3.5566535124347012E-06
  2170   334.18000      0.0000000000000000E+00  6.1500360594331871E-06  6.4513639213209040E-06  1.8761186496575560E-01  2.3916386373004608E-06  3.0372057790864565E-06
  2180   335.72000      0.0000000000000000E+00  5.6302448843811467E-06  5.3685366836936494E-06  1.8714185578048248E-01  2.8522008852191551E-06  3.1772834613641006E-06
  2190   337.26000      0.0000000000000000E+00  6.3496161915745756E-06  5.7250985258163425E-06  2.0893712737949416E-01  2.7699456372767005E-06  3.0374205345064885E-06
  2200   338.80000      0.0000000000000000E+00  5.8442879998793713E-06  5.6885767335849502E-06  2.2372158965769001E-01  2.2630422954565330E-06  3.4538293776967964E-06
  2210   340.34000      0.0000000000000000E+00  5.8768353899982086E-06  5.9846581749818168E-06  2.2805204274374727E-01  2.3000457009015757E-06  3.1872027514211550E-06
  2220   341.88000      0.0000000000000000E+00  6.4846973397400338E-06  4.8509213224011807E-06  2.1882307962101266E-01  2.9944559066324158E-06  3.2007988984533015E-06
  2230   343.42000      0.0000000000000000E+00  5.4259754422261712E-06  6.7521321068291583E-06  2.2520828368307932E-01  2.1758803855843741E-06  3.2042092503044843E-06
  2240   344.96000      0.0000000000000000E+00  6.0497302429976643E-06  5.2626029690957387E-06  2.1497299305272000E-01  2.4356416156447783E-06  3.3484339779995729E-06
  2250   346.50000      0.0000000000000000E+00  5.8693873121127975E-06  6.0712704599810000E-06  2.1224622757710665E-01  2.7484051346650716E-06  3.0251115433492157E-06
  2260   348.04000      0.0000000000000000E+00  5.5287478415733832E-06  6.2958907177812399E-06  2.0582770252577262E-01  2.5652102919399624E-06  3.4107433840266769E-06
  2270   349.58000      0.0000000000000000E+00  5.7894485501396411E-06  6.2582434768767928E-06  1.8869750578331027E-01  2.3783910042976261E-06  3.3015155327979665E-06
  2280   351.12000      0.0000000000000000E+00  6.4434500604889437E-06  6.8456112168656297E-06  1.8812818595245895E-01  2.5251803499960834E-06  2.9392714680777388E-06
  2290   352.66000      0.0000000000000000E+00  5.8471915321521516E-06  5.9418202000086559E-06  2.0049397818392420E-01  2.1334970417710246E-06  3.1975997752849065E-06
  2300   354.20000      0.0000000000000000E+00  5.6803322672914495E-06  6.3885960938303153E-06  1.9523678532110775E-01  2.3399120140868632E-06  3.3988284978669013E-06
  2310   355.74000      0.0000000000000000E+00  5.4729383054994361E-06  5.9020963495864085E-06  2.0168337079796739E-01  2.4730029812927092E-06  3.3970725097174379E-06
  2320   357.28000      0.0000000000000000E+00  5.8321614894625513E-06  5.7265305769480400E-06  1.9580647090873984E-01  2.2144216248609497E-06  3.1907291175633966E-06
  2330   358.82000      0.0000000000000000E+00  6.0044675845443246E-06  5.7760050704165143E-06  2.0718567946716837E-01  2.4254050349623475E-06  3.1252688839963262E-06
  2340   360.36000      0.0000000000000000E+00  6.1845897139001380E-06  5.5526715350604265E-06  2.1215976025796363E-01  2.3509634905237513E-06  3.0657614485597798E-06
  2350   361.90000      0.0000000000000000E+00  6.0960178790162629E-06  5.5732842167390176E-06  2.0080297789028967E-01  2.4940955691365967E-06  3.4142345487314183E-06
  2360   363.44000      0.0000000000000000E+00  6.7067153493248280E-06  5.1186568642335101E-06  2.1971660602555956E-01  2.9105381780876846E-06  3.0275119045702990E-06
  2370   364.98000      0.0000000000000000E+00  5.6668921604335727E-06  5.8000400584601284E-06  1.8591992801336832E-01  2.6234429269514448E-06  3.4061848542007117E-06
  2380   366.52000      0.0000000000000000E+00  5.7031866858343204E-06  5.7044470425958429E-06  2.0641909847090231E-01  2.7230230903953337E-06  3.3404602701804347E-06
  2390   368.06000      0.0000000000000000E+00  5.6164536860236859E-06  6.6123792118290238E-06  2.3345792123680192E-01  2.2535239476227063E-06  3.3101600190697049E-06
  2400   369.60000      0.0000000000000000E+00  6.9956787091627976E-06  6.3379394331341964E-06  2.4434550539039113E-01  2.4200444790608981E-06  3.0902500637503845E-06
  2410   371.14000      0.0000000000000000E+00  6.2137182360804529E-06  6.4093009630456923E-06  2.4770811860115605E-01  2.2726786819809005E-06  3.0422518521388697E-06
  2420   372.68000      0.0000000000000000E+00  6.7109715291378387E-06  5.7716779980237984E-06  1.9515383157039984E-01  2.7992604603002340E-06  3.6703919301387891E-06
  2430   374.22000      0.0000000000000000E+00  7.2305296269166965E-06  6.0171643959744236E-06  2.2107099306046815E-01  2.2490092030083225E-06  3.1967965476843847E-06
  2440   375.76000      0.0000000000000000E+00  6.0051127093006439E-06  5.6779730071232557E-06  2.3334327576424965E-01  2.1931460465131429E-06  3.3413412994082772E-06
  2450   377.30000      0.0000000000000000E+00  6.2110932780879128E-06  5.2945160955050700E-06  2.7603171905044543E-01  2.4430717098848048E-06  3.3166755737392693E-06
  2460   378.84000      0.0000000000000000E+00  6.3133795467430399E-06  5.4972651434489361E-06  3.1943297203084092E-01  2.5643144783302340E-06  3.4264509013690267E-06
  2470   380.38000      0.0000000000000000E+00  6.4644107356591153E-06  5.8266783309288136E-06  2.2676531911852005E-01  2.5342742302460486E-06  2.8276388771132768E-06
  2480   381.92000      0.0000000000000000E+00  6.2522943480549975E-06  5.6986086671405695E-06  1.9810459071316522E-01  2.4269392714324877E-06  3.1259539318259902E-06
  2490   383.46000      0.0000000000000000E+00  6.0317587977129298E-06  6.0255982826089200E-06  1.9799279580952300E-01  2.3848876638716652E-06  3.3658106973400801E-06
  2500   385.00000      0.0000000000000000E+00  6.2212651137794084E-06  5.5601967710152830E-06  2.1132005355894551E-01  2.4594699929950531E-06  3.3038814962336282E-06
  2510   386.54000      0.0000000000000000E+00  6.8878168980499093E-06  5.5154477315864231E-06  2.3119596964457148E-01  2.4082331884282689E-06  3.3039413484869782E-06
  2520   388.08000      0.0000000000000000E+00  5.6645417293070052E-06  5.2875111033438148E-06  2.2840989044325269E-01  2.3506281242841435E-06  3.2563833280183107E-06
  2530   389.62000      0.0000000000000000E+00  6.6916925367883385E-06  5.3949386187314256E-06  2.0790966237737310E-01  2.3172917972089732E-06  3.1670220765927905E-06
  2540   391.16000      0.0000000000000000E+00  7.0173970321057802E-06  5.7669311847107405E-06  2.1737556091111665E-01  2.0926483639591897E-06  2.8013838960996162E-06
  2550   392.70000      0.0000000000000000E+00  6.3398163281582188E-06  5.7253107048422107E-06  2.1507906145339900E-01  2.0400404991262409E-06  3.2380507670941212E-06
  2560   394.24000      0.0000000000000000E+00  6.5465177886535957E-06  5.6264064608311741E-06  1.9432675550704936E-01  2.2871224957566017E-06  3.5317264506609381E-06
  2570   395.78000      0.0000000000000000E+00  5.9798341283084191E-06  5.5638696046874084E-06  2.2155687675655469E-01  2.4420639077988015E-06  3.2965834720517674E-06
  2580   397.32000      0.0000000000000000E+00  6.7036630107199866E-06  4.7803063361045204E-06  2.1326761742530909E-01  2.2831581113555461E-06  2.8263034029673055E-06
  2590   398.86000      0.0000000000000000E+00  6.3313695606780556E-06  5.4072778655230576E-06  2.4642892990433404E-01  2.1513736349571334E-06  3.0991214386730932E-06
  2600   400.40000      0.0000000000000000E+00  6.8205896944327115E-06  5.3075572986619229E-06  2.2846257858264693E-01  2.5663790244528249E-06  3.0185753374136147E-06
  2610   401.94000      0.0000000000000000E+00  6.2854767577470802E-06  5.6172834584058867E-06  2.2404446338329639E-01  2.1956017760207246E-06  3.0865140737684759E-06
  2620   403.48000      0.0000000000000000E+00  6.9881655810252905E-06  5.1274607841609469E-06  2.1900654696399341E-01  2.3532678138800507E-06  3.3717813322887350E-06
  2630   405.02000      0.0000000000000000E+00  6.7902991390977539E-06  5.3302315857169117E-06  2.2340301238255333E-01  2.5044768823608353E-06  3.1653871507268728E-06
  2640   406.56000      0.0000000000000000E+00  6.5870113458432100E-06  5.0925553284777527E-06  1.9033144462007578E-01  1.9820854822930159E-06  3.0929332879206505E-06
  2650   408.10000      0.0000000000000000E+00  7.1911541494284711E-06  5.3386341626727331E-06  2.0198054304353152E-01  2.1687952913556847E-06  3.3522398937622221E-06
  2660   409.64000      0.0000000000000000E+00  6.4127368117295260E-06  5.9278567111134963E-06  2.2092355469935945E-01  1.7960040936608856E-06  2.9539778925160064E-06
  2670   411.18000      0.0000000000000000E+00  6.8593650215273102E-06  5.3877063055136607E-06  2.3890528504309028E-01  2.1489544554754300E-06  3.3678780571581697E-06
  2680   412.72000      0.0000000000000000E+00  6.1632165872260619E-06  5.5683421937051276E-06  2.3610597924500193E-01  1.9643389151136869E-06  3.0111715745747640E-06
  2690   414.26000      0.0000000000000000E+00  6.6571116315475413E-06  5.4037220598099483E-06  2.3242193639729669E-01  2.4485916009889590E-06  3.1578548899330686E-06
  2700   415.80000      0.0000000000000000E+00  7.2184087005758443E-06  5.1198930570834603E-06  2.3594469007739596E-01  2.2570847979089059E-06  3.1634500681805879E-06
  2710   417.34000      0.0000000000000000E+00  6.8819811260144358E-06  4.8997907874111293E-06  2.5244083015402458E-01  2.3080874880968357E-06  3.2632669580571793E-06
  2720   418.88000      0.0000000000000000E+00  7.2891502022855873E-06  5.2114168023811279E-06  2.4176696612374476E-01  2.2073111876726429E-06  3.0115718351329229E-06
  2730   420.42000      0.0000000000000000E+00  7.2361667185096860E-06  5.6991355141002617E-06  2.5187445655092644E-01  2.4507754514466162E-06  3.1715801972976892E-06
  2740   421.96000      0.0000000000000000E+00  6.6323842335511433E-06  5.9169082240086552E-06  2.5277883378490179E-01  2.2274043090189002E-06  3.4202067351498336E-06
  2750   423.50000      0.0000000000000000E+00  6.2652913990263366E-06  5.1801595559542926E-06  2.5643066298782136E-01  2.2097542640217998E-06  3.0871232873941828E-06
  2760   425.04000      0.0000000000000000E+00  6.6975045068139951E-06  5.0481008269169803E-06  2.3584302789995112E-01  2.4701459585573285E-06  3.1352066139431939E-06
  2770   426.58000      0.0000000000000000E+00  7.4707738239739864E-06  5.2407169821840336E-06  2.3323630332030892E-01  2.4881996367616920E-06  3.1819424985429293E-06
  2780   428.12000      0.0000000000000000E+00  6.2877575828663121E-06  5.3850217122540990E-06  2.3841227540093932E-01  2.1668693166896339E-06  3.6753501741661632E-06
  2790   429.66000      0.0000000000000000E+00  6.0714576637940016E-06  5.3805851326607717E-06  2.3346598017631251E-01  2.1752702057217440E-06  2.9855917609870945E-06
  2800   431.20000      0.0000000000000000E+00  6.6359934205457966E-06  5.0705472230042359E-06  2.0799210810818947E-01  2.4016356120451426E-06  3.4711984242084083E-06
  2810   432.74000      0.0000000000000000E+00  6.6127358400848581E-06  5.4717943210600842E-06  2.1708957112976723E-01  2.1954333950288159E-06  3.3355385823655998E-06
  2820   434.28000      0.0000000000000000E+00  6.0531611214506755E-06  5.6961412292491140E-06  2.2220444420461502E-01  2.3945165530726897E-06  3.4745573467235510E-06
  2830   435.82000      0.0000000000000000E+00  6.7196657381755402E-06  5.3472030289886075E-06  2.2915105793002447E-01  2.2294503138430299E-06  3.0551029379509310E-06
  2840   437.36000      0.0000000000000000E+00  7.1890519959732179E-06  5.5993678915596336E-06  2.3242537774373986E-01  2.3849794313213059E-06  3.0952528443707682E-06
  2850   438.90000      0.0000000000000000E+00  6.7383215847385745E-06  5.3972702783352293E-06  2.2252148869903110E-01  2.7302976556403019E-06  3.3640249176845839E-06
  2860   440.44000      0.0000000000000000E+00  6.6178020129440069E-06  5.3598732352060074E-06  2.0863687699535816E-01  2.1304090423924536E-06  3.2754372076017525E-06
  2870   441.98000      0.0000000000000000E+00  6.9872988566447938E-06  4.6051163118374316E-06  2.2324540588397107E-01  2.2181828699249013E-06  2.4381733882844365E-06
  2880   443.52000      0.0000000000000000E+00  6.0234079379234854E-06  4.4879670127262861E-06  2.2540699801723024E-01  2.7736843023814937E-06  3.9953452716913221E-06
  2890   445.06000      0.0000000000000000E+00  6.8908866606563411E-06  4.7667748009005873E-06  2.1824934454275816E-01  2.4417235763071653E-06  3.0775185324685825E-06
  2900   446.60000      0.0000000000000000E+00  6.2867846353026524E-06  4.7584773655842005E-06  2.3510172499866178E-01  2.3104523936203938E-06  3.0190629742335500E-06
  2910   448.14000      0.0000000000000000E+00  6.1107599048789985E-06  5.0217103111120561E-06  2.4913703564109269E-01  2.1429243797767566E-06  3.3472862414619570E-06
  2920   449.68000      0.0000000000000000E+00  6.2308037352036015E-06  5.3057113317839362E-06  2.1928887244862233E-01  2.3240420165977029E-06  3.1719880938973206E-06
  2930   451.22000      0.0000000000000000E+00  6.5649862875775271E-06  5.1592778663935585E-06  2.2099333552254746E-01  2.0246114577739327E-06  2.9405033031666028E-06
  2940   452.76000      0.0000000000000000E+00  6.3969095219344322E-06  4.8051217872393922E-06  2.6792958223482843E-01  2.1168507879130870E-06  3.1956031548670167E-06
  2950   454.30000      0.0000000000000000E+00  5.9529262698191627E-06  4.8993528554335070E-06  2.3619382549591300E-01  2.3473766113801663E-06  3.0789329240414935E-06
  2960   455.84000      0.0000000000000000E+00  6.9783213768607686E-06  4.9175406312168265E-06  2.3668281637142607E-01  2.3969221919507767E-06  3.2455866692575710E-06
  2970   457.38000      0.0000000000000000E+00  5.9604989010629677E-06  5.1481566527533189E-06  2.2754198871474632E-01  2.6260929893284680E-06  3.2475074017497104E-06
  2980   458.92000      0.0000000000000000E+00  6.8433159648693490E-06  5.2631739839168293E-06  2.2622471310203002E-01  2.2605468588352204E-06  3.1074616643043505E-06
  2990   460.46000      0.0000000000000000E+00  6.1680685791370854E-06  5.4821509032422990E-06  2.3868585931505731E-01  2.6922011648700695E-06  3.4705647639949792E-06
  3000   462.00000      0.0000000000000000E+00  6.8753333561204408E-06  5.1403304919267772E-06  2.7228121496749425E-01  2.5814197213374743E-06  3.0046559291910257E-06
  3010   463.54000      0.0000000000000000E+00  6.6689579793893660E-06  5.6786440737200935E-06  2.5318946959234651E-01  2.3263240356638982E-06  3.7204372975499701E-06
  3020   465.08000      0.0000000000000000E+00  6.5991172036866260E-06  5.4003765872837712E-06  2.6322012351644042E-01  2.3595486929284439E-06  3.1137509172839113E-06
  3030   466.62000      0.0000000000000000E+00  6.6637810841804917E-06  5.6646015507299127E-06  2.5422801738010753E-01  2.6732889235569217E-06  3.1897045664002065E-06
  3040   468.16000      0.0000000000000000E+00  6.4995031447159374E-06  5.1267158831537582E-06  2.6219178593541448E-01  2.3447815680743115E-06  3.1761141847906161E-06
  3050   469.70000      0.0000000000000000E+00  6.5091074234220337E-06  5.6436854196683670E-06  2.4350349084327877E-01  2.6784122804223087E-06  3.2545523768575541E-06
  3060   471.24000      0.0000000000000000E+00  6.6705204428316832E-06  5.1558591378441026E-06  2.4614491410404282E-01  2.4430255295881148E-06  2.8776306520449050E-06
  3070   472.78000      0.0000000000000000E+00  6.9964738957092534E-06  4.7104338874071955E-06  2.4207334396314947E-01  2.4774649088247930E-06  3.3153868048103200E-06
  3080   474.32000      0.0000000000000000E+00  6.9103944435619795E-06  5.6951066852467512E-06  2.5117050888935055E-01  2.4799776641850054E-06  3.3958678296754669E-06
  3090   475.86000      0.0000000000000000E+00  6.5888635399629999E-06  5.6883352798728166E-06  2.5933449664325808E-01  2.6150405417251897E-06  3.1627560093543698E-06
  3100   477.40000      0.0000000000000000E+00  7.2024426613902259E-06  5.3354319630862709E-06  2.6682838986325830E-01  2.4652932004333842E-06  3.1963276059359827E-06
  3110   478.94000      0.0000000000000000E+00  6.5531234169058638E-06  5.2363283288654699E-06  2.5360479025332056E-01  2.5078693319603448E-06  3.3053084907208128E-06
  3120   480.48000      0.0000000000000000E+00  6.7369596213618423E-06  5.7550528054367539E-06  2.5634343601463389E-01  2.3881201179633688E-06  3.0074061617780108E-06
  3130   482.02000      0.0000000000000000E+00  6.6651198645075608E-06  4.8943054669320200E-06  2.4199950030367970E-01  2.3828768264030387E-06  3.3782545045675909E-06
  3140   483.56000      0.0000000000000000E+00  5.9072612221393406E-06  5.4508095470961183E-06  2.4776695577073965E-01  2.2218966033015356E-06  3.7535155564509000E-06
  3150   485.10000      0.0000000000000000E+00  6.6869846032053096E-06  5.3578484735718478E-06  2.6918604571551519E-01  2.5914105967736098E-06  3.2402464811151235E-06
  3160   486.64000      0.0000000000000000E+00  6.7665410203913738E-06  5.8080431158688033E-06  2.7274454385144842E-01  2.3344352657109084E-06  3.0436929117734008E-06
  3170   488.18000      0.0000000000000000E+00  5.5636788421253099E-06  5.4053458901970901E-06  2.4454312225619951E-01  2.7672096580899058E-06  3.2608449576215893E-06
  3180   489.72000      0.0000000000000000E+00  6.8279335172819491E-06  5.1234312803543096E-06  2.2845408040780710E-01  2.4792061965724705E-06  3.1674879764449915E-06
  3190   491.26000      0.0000000000000000E+00  6.0667742832986326E-06  4.9204741313968206E-06  2.3815512285057214E-01  2.5814340604805869E-06  3.0585222631836393E-06
  3200   492.80000      0.0000000000000000E+00  6.5939966244751155E-06  5.4426660560945366E-06  2.3386633983462937E-01  2.4684330557248536E-06  3.5257161783820610E-06
  3210   494.34000      0.0000000000000000E+00  7.1426809179967489E-06  4.8442144020874414E-06  2.3958879023983254E-01  2.5208997529486437E-06  2.8766600600108165E-06
  3220   495.88000      0.0000000000000000E+00  6.2634693914300004E-06  5.5404225781494682E-06  2.4474462458263166E-01  2.5009217704589640E-06  3.2416230105807989E-06
  3230   497.42000      0.0000000000000000E+00  5.9433607629065026E-06  5.0501244728323547E-06  2.3487070878303071E-01  2.1150933548503352E-06  3.1561207272132190E-06
  3240   498.96000      0.0000000000000000E+00  6.7010742834493341E-06  5.6882782860559089E-06  1.9551304358255281E-01  2.5045811867412680E-06  3.0398520388567982E-06
  3250   500.50000      0.0000000000000000E+00  5.8389018689066036E-06  5.2209246897979147E-06  2.1964057008371590E-01  2.4383965513821051E-06  3.2151946434097809E-06
  3260   502.04000      0.0000000000000000E+00  5.6460879705047861E-06  5.7177305322445279E-06  1.9788625833843121E-01  2.5758330941306285E-06  3.3145336362752635E-06
  3270   503.58000      0.0000000000000000E+00  6.1540298323036085E-06  5.2962449727831314E-06  2.0336088650505157E-01  2.6837070257756088E-06  3.1829179286712464E-06
  3280   505.12000      0.0000000000000000E+00  5.4529539803713753E-06  5.8544136109487907E-06  2.2164928457269667E-01  2.6923201042817089E-06  3.1244729146805564E-06
  3290   506.66000      0.0000000000000000E+00  5.8321869087865101E-06  5.1538872210497751E-06  2.0535332932519679E-01  2.5812944691679051E-06  3.0360605397214295E-06
  3300   508.20000      0.0000000000000000E+00  5.6352356137428303E-06  5.6086441751662029E-06  2.0084990274921596E-01  2.3589645334412794E-06  2.9600813956760452E-06
  3310   509.74000      0.0000000000000000E+00  5.3631985673948208E-06  4.2342662192655497E-06  2.3215129404943968E-01  2.9859645410853198E-06  3.2352198158001234E-06
  3320   511.28000      0.0000000000000000E+00  6.8669662671013443E-06  5.1785449196236708E-06  2.8638822538759784E-01  2.7686930655014626E-06  3.0015231691767521E-06
  3330   512.82000      0.0000000000000000E+00  6.1996150098608256E-06  5.1800838288785417E-06  1.9544291561149427E-01  2.3473093692410774E-06  3.5293623044796757E-06
  3340   514.36000      0.0000000000000000E+00  6.6480895407643046E-06  4.5527557922161548E-06  2.1016856606554943E-01  2.3421880730767361E-06  3.0651590415131040E-06
  3350   515.90000      0.0000000000000000E+00  6.2210335647436920E-06  4.9131778752421448E-06  1.9201581467134357E-01  2.7814559578752287E-06  3.2009528248215651E-06
  3360   517.44000      0.0000000000000000E+00  6.0225259134769412E-06  4.7671099187169425E-06  2.0514696876414673E-01  2.9669976335874355E-06  2.9887879182388570E-06
  3370   518.98000      0.0000000000000000E+00  6.5622575823620595E-06  4.8970117024334617E-06  2.4337807995622143E-01  2.2160568804638735E-06  3.0217443587744748E-06
  3380   520.52000      0.0000000000000000E+00  5.9017615671784165E-06  5.0664323798034634E-06  2.5635215173210441E-01  2.5440566865659067E-06  2.6733137568560435E-06
  3390   522.06000      0.0000000000000000E+00  6.9193894573964889E-06  4.8927037594715555E-06  1.8524242488873077E-01  2.5516393380108323E-06  2.9489016240333898E-06
  3400   523.60000      0.0000000000000000E+00  6.8148135300013655E-06  4.9314518044186522E-06  2.0994121005171706E-01  2.6768192393911750E-06  2.9338032804255132E-06
  3410   525.14000      0.0000000000000000E+00  6.3308802360136937E-06  5.6253562670841962E-06  1.6707538320272677E-01  2.5475735153219307E-06  2.9485596229606682E-06
  3420   526.68000      0.0000000000000000E+00  6.6929239424815752E-06  5.1645278465660389E-06  1.8914652480438818E-01  2.3009255271757261E-06  3.3213857388788041E-06
  3430   528.22000      0.0000000000000000E+00  6.1875231545625963E-06  5.1520203976070424E-06  1.9504206178668937E-01  2.7855170956286036E-06  3.4829029389488298E-06
  3440   529.76000      0.0000000000000000E+00  6.4656721129803901E-06  5.1377297732316926E-06  2.0617015490900692E-01  3.0692391373692642E-06  3.5595770895370379E-06
  3450   531.30000      0.0000000000000000E+00  4.9782516946116007E-06  4.8192436284528075E-06  2.2690513035599130E-01  2.9025233791637805E-06  3.2483990281883034E-06
  3460   532.84000      0.0000000000000000E+00  5.7660112559289912E-06  5.1560564544367017E-06  2.2042659475149354E-01  2.5351032502120668E-06  2.9140816178387963E-06
  3470   534.38000      0.0000000000000000E+00  6.9157460922913756E-06  4.9239142933904208E-06  1.9855831441848704E-01  3.0727395251087865E-06  3.0123838467881377E-06
  3480   535.92000      0.0000000000000000E+00  6.3903000135111933E-06  5.4255465663282766E-06  1.7508947714017523E-01  2.5340592585964427E-06  3.0317163649665169E-06
  3490   537.46000      0.0000000000000000E+00  6.9406374646191536E-06  4.6705428723129440E-06  1.9736953094840465E-01  2.6307103162898752E-06  2.9352473891950879E-06
  3500   539.00000      0.0000000000000000E+00  6.7300957228620471E-06  5.3118798787708288E-06  1.4539742435849490E-01  2.4671111507447898E-06  3.5162963185788666E-06
  3510   540.54000      0.0000000000000000E+00  6.6281438233175581E-06  5.1501181637901877E-06  1.6804575913702266E-01  2.9096973339408290E-06  2.8402256419683654E-06
  3520   542.08000      0.0000000000000000E+00  5.6537272773346055E-06  5.0033144928484260E-06  1.7998972033734931E-01  2.8051240588008073E-06  3.0251053478517781E-06
  3530   543.62000      0.0000000000000000E+00  5.7484928813729097E-06  5.3255012804972995E-06  1.6861180890087235E-01  2.4148312716069734E-06  3.3295070337946296E-06
  3540   545.16000      0.0000000000000000E+00  5.5458261507405665E-06  5.5165858825577924E-06  1.8149838860208650E-01  2.6261966589780405E-06  3.1552907827497278E-06
  3550   546.70000      0.0000000000000000E+00  5.8538189310267077E-06  4.3590943467401627E-06  1.6538718709337488E-01  2.7847955801272181E-06  2.6569735848628090E-06
  3560   548.24000      0.0000000000000000E+00  5.0336839305773560E-06  5.4106872030651292E-06  1.7281988879034149E-01  2.3237566054697066E-06  3.2632375888269086E-06
  3570   549.78000      0.0000000000000000E+00  5.9003824021074883E-06  5.6273145060095115E-06  1.7745949099996794E-01  2.5008734170368659E-06  3.0868350263223939E-06
  3580   551.32000      0.0000000000000000E+00  5.6457619474068980E-06  5.2259502187174294E-06  1.8025972840192764E-01  3.0988473095950312E-06  3.0286739792062822E-06
  3590   552.86000      0.0000000000000000E+00  5.1901047053689151E-06  4.6048330643019732E-06  1.9524066651800509E-01  2.8512445945944055E-06  3.1065573514808522E-06
  3600   554.40000      0.0000000000000000E+00  6.1441873092504947E-06  5.8028200075188178E-06  1.9721731911446577E-01  2.6735269866283500E-06  3.0218285312459071E-06
  3610   555.94000      0.0000000000000000E+00  6.2537599228075928E-06  4.9301041770871172E-06  2.0119697876402126E-01  2.7853874924079472E-06  3.3316849131827232E-06
  3620   557.48000      0.0000000000000000E+00  6.2328520719197232E-06  5.6131273791326742E-06  2.0907228887529647E-01  2.8835337485179679E-06  3.0210880268732200E-06
  3630   559.02000      0.0000000000000000E+00  6.6677743610587167E-06  5.3496651141931990E-06  2.0461052779164773E-01  3.1404651492907533E-06  3.3469038463226419E-06
  3640   560.56000      0.0000000000000000E+00  6.6628147605349320E-06  4.6223545096953878E-06  1.7512470983955195E-01  2.8798515892439961E-06  3.6818293203475216E-06
  3650   562.10000      0.0000000000000000E+00  6.2324136257504106E-06  5.4146067260075655E-06  2.1171763831093088E-01  2.7980604682907624E-06  3.1300123669457685E-06
  3660   563.64000      0.0000000000000000E+00  6.8029778140313852E-06  4.9405105060903117E-06  1.9419446412392347E-01  3.0998658492460256E-06  2.9214938190067386E-06
  3670   565.18000      0.0000000000000000E+00  5.9934323266513156E-06  5.9812784259981180E-06  1.9130663211948148E-01  2.8557807516014722E-06  2.8299923844656580E-06
  3680   566.72000      0.0000000000000000E+00  6.9717003500624309E-06  6.0090770885037886E-06  1.9639983530111457E-01  2.5823063886740922E-06  2.9149628495936543E-06
  3690   568.26000      0.0000000000000000E+00  5.4429030562853562E-06  5.0218896584591957E-06  1.8473721145860919E-01  2.9690846288943755E-06  3.4145576895931230E-06
  3700   569.80000      0.0000000000000000E+00  5.8111671998451767E-06  5.4751437744500803E-06  1.7605921092303231E-01  3.0471628992374293E-06  3.3576521592607378E-06
  3710   571.34000      0.0000000000000000E+00  6.6249781485956624E-06  5.3426315527113463E-06  1.6381072716457584E-01  3.0129113938653480E-06  3.6553660939221613E-06
  3720   572.88000      0.0000000000000000E+00  6.6346511787235499E-06  4.8649382532524890E-06  2.0200947830787436E-01  3.1269828680959947E-06  3.1536437092384709E-06
  3730   574.42000      0.0000000000000000E+00  6.2559353030344568E-06  5.3118789907554222E-06  1.8872838680079285E-01  2.5034791895936664E-06  2.8120498739918577E-06
  3740   575.96000      0.0000000000000000E+00  6.1127473480750676E-06  5.6873182520069375E-06  1.7671576856820159E-01  2.8235198580633009E-06  3.0248927757529570E-06
  3750   577.50000      0.0000000000000000E+00  6.5149610940746448E-06  5.6176628495048272E-06  2.2010738578845757E-01  3.0681765037687825E-06  3.7206016271412915E-06
  3760   579.04000      0.0000000000000000E+00  6.4613753325578953E-06  5.4115887378842568E-06  1.9377067230904974E-01  2.5746021671672549E-06  3.4089675239753889E-06
  3770   580.58000      0.0000000000000000E+00  6.2540367179600270E-06  5.4084296042378985E-06  1.8449936425763136E-01  2.9617170615708671E-06  3.2137531074223928E-06
  3780   582.12000      0.0000000000000000E+00  7.2753705656507641E-06  5.6524253862241756E-06  2.0591266140714481E-01  2.5834323624574799E-06  3.1599008965662533E-06
  3790   583.66000      0.0000000000000000E+00  6.0302569588322637E-06  6.5132757647315761E-06  2.1233435904664047E-01  2.7024008353346012E-06  3.2870641899777702E-06
  3800   585.20000      0.0000000000000000E+00  5.9880504206669999E-06  5.6288998107145853E-06  1.8988609820181163E-01  3.2744078992083925E-06  3.0964554330439122E-06
  3810   586.74000      0.0000000000000000E+00  6.9556350452426808E-06  5.8137923605303150E-06  2.0995916276936288E-01  2.9472763560520302E-06  3.0368635698646283E-06
  3820   588.28000      0.0000000000000000E+00  5.1963416941391620E-06  5.3043655316333121E-06  2.1936289003268539E-01  3.0016837781575496E-06  3.5778467202474140E-06
  3830   589.82000      0.0000000000000000E+00  6.1885930130270478E-06  4.9419710699273921E-06  2.0647657045574849E-01  2.7331877380364018E-06  3.2789309506496839E-06
  3840   591.36000      0.0000000000000000E+00  5.6646563166820374E-06  5.9653938834930871E-06  2.1876971420091582E-01  2.8764423660161777E-06  3.3337091801542851E-06
  3850   592.90000      0.0000000000000000E+00  6.1746078140234441E-06  4.9632674760960228E-06  2.0856190113488629E-01  3.2263804716867321E-06  3.1062359176593797E-06
  3860   594.44000      0.0000000000000000E+00  5.6880622439269083E-06  4.6159589970267931E-06  1.9062714874116449E-01  2.8805032258650459E-06  3.0650801705608895E-06
  3870   595.98000      0.0000000000000000E+00  7.1369028904659201E-06  5.7245175313832182E-06  2.2441561110192659E-01  2.5504671277242363E-06  3.3395629766600751E-06
  3880   597.52000      0.0000000000000000E+00  6.0455936143050844E-06  4.6286968170123447E-06  2.1946573260500823E-01  3.0571470269139202E-06  3.3381397343800287E-06
  3890   599.06000      0.0000000000000000E+00  6.0167482583363346E-06  5.2694342389065580E-06  2.3172476848862258E-01  3.1414333168202716E-06  2.6119314541836883E-06
  3900   600.60000      0.0000000000000000E+00  5.9300164219312629E-06  5.3615782351752193E-06  1.9282316392080645E-01  3.3768476853987464E-06  2.9866408157008891E-06
  3910   602.14000      0.0000000000000000E+00  6.6677160642922462E-06  5.2515653419999607E-06  1.8415388262753074E-01  3.2174489424416800E-06  3.3494058637731491E-06
  3920   603.68000      0.0000000000000000E+00  6.1420950611574166E-06  5.3140683006179540E-06  1.9291763144080493E-01  2.5696400470684327E-06  2.9874182180487753E-06
  3930   605.22000      0.0000000000000000E+00  6.9057679049334130E-06  6.1820899780122705E-06  1.9618383319017291E-01  2.7465152435023844E-06  3.2415532645975105E-06
  3940   606.76000      0.0000000000000000E+00  6.0787900378056955E-06  4.9396877838810207E-06  2.1195430665635578E-01  2.7396098905417666E-06  3.1105094336818758E-06
  3950   608.30000      0.0000000000000000E+00  6.1228735127962753E-06  5.0891502471110612E-06  2.0362148133481239E-01  3.0775474991140896E-06  3.2102504620336565E-06
  3960   609.84000      0.0000000000000000E+00  6.0028342460766212E-06  4.6141895086234978E-06  2.1289144432319759E-01  2.9747788367468770E-06  3.0995299710102170E-06
  3970   611.38000      0.0000000000000000E+00  5.5498028675572970E-06  4.7586775408257488E-06  1.9864793806596026E-01  2.9993657553795207E-06  3.0697352698684366E-06
  3980   612.92000      0.0000000000000000E+00  5.4190035349530514E-06  4.9555351729597243E-06  1.8995438642722628E-01  2.5659912193932241E-06  3.1841576055798696E-06
  3990   614.46000      0.0000000000000000E+00  5.9382793279684471E-06  5.2669595616695887E-06  2.0044876310749968E-01  2.8198160294887364E-06  2.9235827826545471E-06
  4000   616.00000      0.0000000000000000E+00  5.3726580011021342E-06  4.4286181156610016E-06  2.1221210750179770E-01  2.9335201294183881E-06  2.9466880361761506E-06
  4010   617.54000      0.0000000000000000E+00  5.9787331171451219E-06  5.4544028501719763E-06  2.0395002286024339E-01  2.7315217215203327E-06  2.9680271234428598E-06
  4020   619.08000      0.0000000000000000E+00  5.3927268636918690E-06  4.8474737657318443E-06  1.8022944614377176E-01  3.3665098167529559E-06  3.6640466125032791E-06
  4030   620.62000      0.0000000000000000E+00  5.9047238867068727E-06  4.9831278865069860E-06  1.9219537197825287E-01  3.0826317161242409E-06  3.2963804019328673E-06
  4040   622.16000      0.0000000000000000E+00  5.1948789907070890E-06  5.3837523261254059E-06  1.9089628377589452E-01  3.0148392661436681E-06  3.1631225049347489E-06
  4050   623.70000      0.0000000000000000E+00  5.3175323498033318E-06  4.5881451422224874E-06  1.9500690938416282E-01  3.3910439122937132E-06  3.2380097743555440E-06
  4060   625.24000      0.0000000000000000E+00  5.1777482386787693E-06  4.5562107999949448E-06  1.9302436023772734E-01  3.1921135542534570E-06  3.0957504075981614E-06
  4070   626.78000      0.0000000000000000E+00  6.2527809924235836E-06  5.5235156315276517E-06  1.8507706935899448E-01  2.9744418384707625E-06  3.1376827555773057E-06
  4080   628.32000      0.0000000000000000E+00  6.4432895152110035E-06  5.0643256515344718E-06  2.1153278329478198E-01  2.8404722979196439E-06  3.0809402746164704E-06
  4090   629.86000      0.0000000000000000E+00  5.4976108163249404E-06  5.4585621029918210E-06  2.1098721104194310E-01  2.9220934972815351E-06  3.1745620169801776E-06
  4100   631.40000      0.0000000000000000E+00  6.0353043327409951E-06  4.8916439053127748E-06  2.1924359766589782E-01  2.8072697914576824E-06  2.9521940410651785E-06
  4110   632.94000      0.0000000000000000E+00  5.7651146700785345E-06  4.5143933296390052E-06  2.2029220872652813E-01  2.9977555565539117E-06  3.0008319205943074E-06
  4120   634.48000      0.0000000000000000E+00  6.0342868450149455E-06  4.5710613208666041E-06  2.2271013292030517E-01  3.0446252690796462E-06  2.7794611619524058E-06
  4130   636.02000      0.0000000000000000E+00  5.4926840322099029E-06  4.5811355928197784E-06  2.1813423602831145E-01  2.8559757769843099E-06  2.8285796378319753E-06
  4140   637.56000      0.0000000000000000E+00  5.2433313004149656E-06  5.1694953875332755E-06  2.4208023367106662E-01  2.4831243203260638E-06  3.2867911037463445E-06
  4150   639.10000      0.0000000000000000E+00  6.5101582678513328E-06  4.8524317637541461E-06  2.2364855511859058E-01  2.7570448844652987E-06  3.2418419965166066E-06
  4160   640.64000      0.0000000000000000E+00  5.1614921274773772E-06  4.5510666229512254E-06  2.3602516746608748E-01  2.8370459413350445E-06  2.9748216820289130E-06
  4170   642.18000      0.0000000000000000E+00  6.9984028694365268E-06  4.9314025699725533E-06  2.1577257843695477E-01  2.7527885490153254E-06  2.9781058826723890E-06
  4180   643.72000      0.0000000000000000E+00  5.6742341934615632E-06  4.6312881498539542E-06  2.0127550877204142E-01  2.8745765339156658E-06  3.1259196539050187E-06
  4190   645.26000      0.0000000000000000E+00  6.2610141070950493E-06  5.3504430027636828E-06  1.8815193012359513E-01  2.7439130817369699E-06  3.4671038493857071E-06
  4200   646.80000      0.0000000000000000E+00  6.0826813840278772E-06  5.5264447991088485E-06  1.8675699332139534E-01  2.9001023217645584E-06  3.3240292686209918E-06
  4210   648.34000      0.0000000000000000E+00  4.9998996257431350E-06  4.6191650684751267E-06  1.9644819049684298E-01  2.8408234847521373E-06  3.1522565174495691E-06
  4220   649.88000      0.0000000000000000E+00  4.7166146187361845E-06  4.3623723535516064E-06  2.1542152351819746E-01  2.5232515268324671E-06  3.3590022793977098E-06
  4230   651.42000      0.0000000000000000E+00  5.1770494967132370E-06  4.7547146614817730E-06  2.0673284166303232E-01  2.5425591754128085E-06  3.4307333943967242E-06
  4240   652.96000      0.0000000000000000E+00  4.3795085846075538E-06  4.7165656962723295E-06  2.2090840573836290E-01  2.6524079728324173E-06  2.9356860015844409E-06
  4250   654.50000      0.0000000000000000E+00  4.9902506968647488E-06  4.4071675603288004E-06  2.3505224196809915E-01  2.5176237888221452E-06  2.7198150531100280E-06
  4260   656.04000      0.0000000000000000E+00  5.1673535133901071E-06  4.3162115575315790E-06  2.2339354559663696E-01  2.9738953435098827E-06  3.3044085787384599E-06
  4270   657.58000      0.0000000000000000E+00  5.3108105246208723E-06  4.3086260221478236E-06  2.1853657433021956E-01  2.8677459566975045E-06  3.1413651806280728E-06
  4280   659.12000      0.0000000000000000E+00  4.8208938355497909E-06  5.6747716877362814E-06  2.0933436410096265E-01  2.5338205022012489E-06  3.0721353968388081E-06
  4290   660.66000      0.0000000000000000E+00  4.9144486018816270E-06  4.5114331595166463E-06  2.0532425157404885E-01  2.7476527593159821E-06  3.1966098829162098E-06
  4300   662.20000      0.0000000000000000E+00  5.8776706394806848E-06  4.7509622364074581E-06  2.3372536434504954E-01  3.1306944872460910E-06  3.7216011854774475E-06
  4310   663.74000      0.0000000000000000E+00  5.8003563367616042E-06  4.6417839109720038E-06  2.2092738337635287E-01  2.8600154484524861E-06  3.0433814232985914E-06
  4320   665.28000      0.0000000000000000E+00  5.4861695322932370E-06  5.3942677004389226E-06  2.1546486837086876E-01  2.6638273400287723E-06  2.3585132554008527E-06
  4330   666.82000      0.0000000000000000E+00  6.2230784393961412E-06  4.4585207158257678E-06  2.0943079853755295E-01  2.7862457907712900E-06  3.2008309457349737E-06
  4340   668.36000      0.0000000000000000E+00  4.7346299392353403E-06  4.9864841919782904E-06  2.1547788197195217E-01  3.0386782003078638E-06  3.3014729075677083E-06
  4350   669.90000      0.0000000000000000E+00  5.8464340884157234E-06  4.9945100064553288E-06  2.0273985975521386E-01  2.8435344485080724E-06  3.1413645146003748E-06
  4360   671.44000      0.0000000000000000E+00  5.6521015999148583E-06  4.8917776393919833E-06  2.0324015409243362E-01  2.7900491790656723E-06  3.2005992913487222E-06
  4370   672.98000      0.0000000000000000E+00  6.4636954038831648E-06  4.3299900484455981E-06  1.9058676342673658E-01  3.1532822321020250E-06  3.0630338128478647E-06
  4380   674.52000      0.0000000000000000E+00  5.8247116955225618E-06  4.2993236218564914E-06  1.8145317982854298E-01  3.2309600508712380E-06  2.8313097605129193E-06
  4390   676.06000      0.0000000000000000E+00  6.7280699878957353E-06  4.6338723947925436E-06  1.9942779915477646E-01  2.9899772241786123E-06  2.8970312374600449E-06
  4400   677.60000      0.0000000000000000E+00  5.6743360856339012E-06  4.9614111724591409E-06  2.0735397617986950E-01  2.4028081645535840E-06  3.1755315436604516E-06
  4410   679.14000      0.0000000000000000E+00  5.9399098349764252E-06  4.6387114038089632E-06  2.0281964765263955E-01  2.6005523119365601E-06  3.4888851217546859E-06
  4420   680.68000      0.0000000000000000E+00  6.4961167298173897E-06  5.0362818796658572E-06  1.9133825343419919E-01  3.4939318117531093E-06  2.9285891774478414E-06
  4430   682.22000      0.0000000000000000E+00  5.7676851313028374E-06  4.9058794651412710E-06  1.9878873979047157E-01  3.2715304452618223E-06  3.1159729255606831E-06
  4440   683.76000      0.0000000000000000E+00  7.3469773326400491E-06  5.3981094242897000E-06  2.1716962968087367E-01  2.8236870265185187E-06  2.7995055738352988E-06
  4450   685.30000      0.0000000000000000E+00  5.9053077083812923E-06  4.7570331788103592E-06  1.9830745609462586E-01  2.8296345345493747E-06  2.6836613911327488E-06
  4460   686.84000      0.0000000000000000E+00  6.3414986317745447E-06  4.9663598311662981E-06  2.1495831454517256E-01  2.5457089042022225E-06  2.3644036733169007E-06
  4470   688.38000      0.0000000000000000E+00  5.9657545409215333E-06  4.7089093215775826E-06  1.8808340913338120E-01  2.5030921018527100E-06  3.2779526624905306E-06
  4480   689.92000      0.0000000000000000E+00  5.1324246739089784E-06  5.1880829328244983E-06  1.8425971079096062E-01  2.5950703965031004E-06  3.5618415130941058E-06
  4490   691.46000      0.0000000000000000E+00  5.5325905981726661E-06  5.6279653587122447E-06  1.9376622278887159E-01  2.7183164358707934E-06  3.0075594977092488E-06
  4500   693.00000      0.0000000000000000E+00  5.3833208704717375E-06  4.8434682569053566E-06  1.9822549917949495E-01  2.5310721926480240E-06  2.9383899430821403E-06
  4510   694.54000      0.0000000000000000E+00  5.0796235373180395E-06  6.0065059413700537E-06  1.9331963942779212E-01  2.5106664903847691E-06  3.0234166223743260E-06
  4520   696.08000      0.0000000000000000E+00  5.6646613124699741E-06  5.0512981328899926E-06  1.8131762812986069E-01  2.4952701878254023E-06  2.9654723226422288E-06
  4530   697.62000      0.0000000000000000E+00  4.9368456026747100E-06  5.5936079108876619E-06  1.6795806799646984E-01  2.8919868232913621E-06  2.6052492300412261E-06
  4540   699.16000      0.0000000000000000E+00  5.7201642260685236E-06  5.2064073400859245E-06  1.5770459793783484E-01  3.2275754605825013E-06  2.8989326409017061E-06
  4550   700.70000      0.0000000000000000E+00  5.8670385039027164E-06  4.6905073520374082E-06  1.5291129742771314E-01  3.1279117147334053E-06  3.2153088181772645E-06
  4560   702.24000      0.0000000000000000E+00  6.0321043990374657E-06  5.0516689113954406E-06  1.8410560437226381E-01  2.9272027299375288E-06  3.3084262146665984E-06
  4570   703.78000      0.0000000000000000E+00  5.7753914966703964E-06  5.4836310814631389E-06  1.8449510197092053E-01  2.6480266527018248E-06  2.5448694444975854E-06
  4580   705.32000      0.0000000000000000E+00  5.5179156402823272E-06  4.9777655269756876E-06  1.8197256487418087E-01  3.0569246341180752E-06  2.7157004477256749E-06
  4590   706.86000      0.0000000000000000E+00  5.5271582651231958E-06  4.6339642755563669E-06  1.8393649731781747E-01  2.9972165386191166E-06  3.2608890780864956E-06
  4600   708.40000      0.0000000000000000E+00  5.8847953516221632E-06  5.2506910107585516E-06  1.6610199412011653E-01  2.9312039918668376E-06  2.7937579337778202E-06
  4610   709.94000      0.0000000000000000E+00  5.5670058341292217E-06  4.8376675355187348E-06  1.5737490610884253E-01  2.6582715910182925E-06  2.8970571617672836E-06
  4620   711.48000      0.0000000000000000E+00  5.5902995259985328E-06  5.4406411602963051E-06  1.4696206874163786E-01  2.8921159284273129E-06  2.9837312869628635E-06
  4630   713.02000      0.0000000000000000E+00  6.0301225787897282E-06  5.3780035624234386E-06  1.4573736520271482E-01  2.5155585111807861E-06  2.9106235718213896E-06
  4640   714.56000      0.0000000000000000E+00  6.5404846619911756E-06  5.7069091996151462E-06  1.5232059287789707E-01  2.4762194417888124E-06  2.6365850658097586E-06
  4650   716.10000      0.0000000000000000E+00  5.3355072361773827E-06  5.1962847428772403E-06  1.7051650030760296E-01  2.7355148404978749E-06  2.8095910594901115E-06
  4660   717.64000      0.0000000000000000E+00  5.4327327747956504E-06  5.3467256559924579E-06  1.5494151224486333E-01  2.6076547377628756E-06  3.0346081472583092E-06
  4670   719.18000      0.0000000000000000E+00  6.0200754351587544E-06  5.7107389024356325E-06  1.6368019008569179E-01  2.8594296857320335E-06  2.8592495326558531E-06
  4680   720.72000      0.0000000000000000E+00  5.2284346970794574E-06  5.3223343497325156E-06  1.5770629325869925E-01  3.2151383603687471E-06  3.0501361460936029E-06
  4690   722.26000      0.0000000000000000E+00  4.8677958308765805E-06  5.0572369318173299E-06  1.3434740098987222E-01  3.1619607938590286E-06  3.0317928090876510E-06
  4700   723.80000      0.0000000000000000E+00  4.8227771260772325E-06  5.0545990354664541E-06  1.4194485937417034E-01  3.1031997782766241E-06  3.0839308415394098E-06
  4710   725.34000      0.0000000000000000E+00  5.9041701296045085E-06  5.1764802107527610E-06  1.3111580729175876E-01  2.6768142899010745E-06  2.6472442957497187E-06
  4720   726.88000      0.0000000000000000E+00  5.9521405384264417E-06  5.7320719212386471E-06  1.2778038049125351E-01  3.0269285348905808E-06  2.8150899769087829E-06
  4730   728.42000      0.0000000000000000E+00  5.6095403319940314E-06  5.2490152139687212E-06  1.3454278285442103E-01  3.2462825892251812E-06  2.8054805986650130E-06
  4740   729.96000      0.0000000000000000E+00  4.9330281000210394E-06  5.1849636386702825E-06  1.2821576962315842E-01  3.0782049808547387E-06  3.0754702633315548E-06
  4750   731.50000      0.0000000000000000E+00  5.2436423280729027E-06  5.5177999565622649E-06  1.3821901771620163E-01  2.6408131083106484E-06  3.1339319166029840E-06
  4760   733.04000      0.0000000000000000E+00  5.7557917793712054E-06  4.9722930469515748E-06  1.4287590918773163E-01  2.5125388843547079E-06  2.9931485671084603E-06
  4770   734.58000      0.0000000000000000E+00  5.0122987354273091E-06  5.1130348720336055E-06  1.3419446001120408E-01  2.9943661624587538E-06  2.8406900697436929E-06
  4780   736.12000      0.0000000000000000E+00  5.1676623788137583E-06  5.4972631381985748E-06  1.2606276756632384E-01  2.9406129390980694E-06  2.5351965212645278E-06
  4790   737.66000      0.0000000000000000E+00  6.4926732034262473E-06  4.7702198803933339E-06  1.3070918303567960E-01  2.5151239088410116E-06  2.6541718379012631E-06
  4800   739.20000      0.0000000000000000E+00  5.7203583591986018E-06  5.0076202854533413E-06  1.3390173867732419E-01  2.2304390149336702E-06  2.8814347139293956E-06
  4810   740.74000      0.0000000000000000E+00  5.7425772717363504E-06  5.1211278918499243E-06  1.2353965938837241E-01  2.7121615014062659E-06  2.8535921891504454E-06
  4820   742.28000      0.0000000000000000E+00  5.1120676666851514E-06  4.5057896427951111E-06  1.2167410738965814E-01  2.6025138009338802E-06  2.9224978899926742E-06
  4830   743.82000      0.0000000000000000E+00  5.7240399649642440E-06  5.5581532629175176E-06  1.2919962873458446E-01  2.6458485031610320E-06  2.7758945603059065E-06
  4840   745.36000      0.0000000000000000E+00  6.2369354291055386E-06  4.7780666814027538E-06  1.2895282140469166E-01  2.7309581778144836E-06  2.9875356956378270E-06
  4850   746.90000      0.0000000000000000E+00  6.4059452324991198E-06  5.2368154440999059E-06  1.2427095767349745E-01  3.1418812365011251E-06  2.8322371875265784E-06
  4860   748.44000      0.0000000000000000E+00  5.7028853751016830E-06  5.3182777832653457E-06  1.3314470810069781E-01  3.0149254995098647E-06  3.0398425456961516E-06
  4870   749.98000      0.0000000000000000E+00  6.6097237550793283E-06  5.1238978833483180E-06  1.2438311223268460E-01  2.9619448707995613E-06  2.6256126566531798E-06
  4880   751.52000      0.0000000000000000E+00  5.5461838078527654E-06  5.4639433207916471E-06  1.2457069396654120E-01  3.4589889023935260E-06  2.5347518149408137E-06
  4890   753.06000      0.0000000000000000E+00  5.9088579428368181E-06  4.4090644182593481E-06  1.3591101277794318E-01  3.4060596105679107E-06  2.7837429729980684E-06
  4900   754.60000      0.0000000000000000E+00  4.6422170312923270E-06  5.2634389151163663E-06  1.3121947456854621E-01  2.6876391883853447E-06  3.1544446431820410E-06
  4910   756.14000      0.0000000000000000E+00  5.0938461274533722E-06  5.0608148273228250E-06  1.2491794970591555E-01  3.2085676005853466E-06  2.7429941114927023E-06
  4920   757.68000      0.0000000000000000E+00  5.2771003569225483E-06  5.2156411241754995E-06  1.2193630039806094E-01  3.3899504170278108E-06  3.2394634044689182E-06
  4930   759.22000      0.0000000000000000E+00  5.0466396190610303E-06  5.3151795958123895E-06  1.2528958136379945E-01  2.9879883169239283E-06  2.8099200099194920E-06
  4940   760.76000      0.0000000000000000E+00  4.8874317848117135E-06  4.8122711698048765E-06  1.1900029776417348E-01  2.4801288809758234E-06  2.9069982740390458E-06
  4950   762.30000      0.0000000000000000E+00  5.6178256231698031E-06  4.7904660507455029E-06  1.1469079200646023E-01  2.7789512839060864E-06  2.8120214544379991E-06
  4960   763.84000      0.0000000000000000E+00  5.2621616586311884E-06  5.0330365466062267E-06  1.1276849369898666E-01  2.9565674752553860E-06  2.8144851322808932E-06
  4970   765.38000      0.0000000000000000E+00  5.9188367262637394E-06  5.4603162026317436E-06  1.0762244830120793E-01  2.5137545802959029E-06  2.8695842651505372E-06
  4980   766.92000      0.0000000000000000E+00  5.4803109576392055E-06  5.3850741272833623E-06  1.1785087704422680E-01  2.5532123473323846E-06  2.8979641000248281E-06
  4990   768.46000      0.0000000000000000E+00  5.6940955044463551E-06  5.6661326588021973E-06  1.0703074793713976E-01  2.6823081046417654E-06  3.0172117462462186E-06
  5000   770.00000      0.0000000000000000E+00  4.8896150528287300E-06  4.8443916670310210E-06  1.0927713729948553E-01  2.7046347595006065E-06  3.1502055892590932E-06
  5010   771.54000      0.0000000000000000E+00  5.3220991626998859E-06  5.5199097973850283E-06  1.1416335957530593E-01  2.7072541708651653E-06  3.0221198147468022E-06
  5020   773.08000      0.0000000000000000E+00  5.5148951327691653E-06  4.9853955596662764E-06  1.0827690858189208E-01  3.2362731995415875E-06  2.9377591379034008E-06
  5030   774.62000      0.0000000000000000E+00  5.2351696547024094E-06  5.1925797487084006E-06  1.1707967877071518E-01  3.4484698400251848E-06  2.7778153080573153E-06
  5040   776.16000      0.0000000000000000E+00  5.1727390278889516E-06  4.7282230714401033E-06  1.1106014177702872E-01  3.0248630934036445E-06  2.8862599361188224E-06
  5050   777.70000      0.0000000000000000E+00  5.4263178975640791E-06  5.2022029955942223E-06  1.1288379415630687E-01  2.9767567539368809E-06  3.2979107133674442E-06
  5060   779.24000      0.0000000000000000E+00  5.7594526160440590E-06  4.9019076517593256E-06  1.0413156765019238E-01  3.0784952420537177E-06  2.9990589887229622E-06
  5070   780.78000      0.0000000000000000E+00  4.8826664325741376E-06  4.9423019481341386E-06  1.1166010339569762E-01  3.1957496137048907E-06  2.6168637692726676E-06
  5080   782.32000      0.0000000000000000E+00  6.0834118827714079E-06  4.4177830719449038E-06  1.1148437046110675E-01  2.9841667517616426E-06  2.9089888055962336E-06
  5090   783.86000      0.0000000000000000E+00  4.8980961543653897E-06  5.7213127984234341E-06  1.0260522694312572E-01  2.8370254482995076E-06  2.9990501215020373E-06
  5100   785.40000      0.0000000000000000E+00  5.7860648789575142E-06  4.3963258390912805E-06  1.1025341953584966E-01  2.8012511570479937E-06  2.7172074729259527E-06
  5110   786.94000      0.0000000000000000E+00  4.8565398833483007E-06  4.6149220958383380E-06  1.0450763599100732E-01  3.1837435420416578E-06  2.6687167989734036E-06
  5120   788.48000      0.0000000000000000E+00  5.4828939295117773E-06  5.2981396179727862E-06  9.7511547681104871E-02  2.7199442457784774E-06  2.8225195292194507E-06
  5130   790.02000      0.0000000000000000E+00  5.0959518993991542E-06  4.9377256662277772E-06  1.0140490667149668E-01  2.8250152332665788E-06  2.9341046397953385E-06
  5140   791.56000      0.0000000000000000E+00  5.3926252854604327E-06  5.1145345605026902E-06  1.0936612905247206E-01  2.5898434486172556E-06  2.7550306655612072E-06
  5150   793.10000      0.0000000000000000E+00  4.5641036984041530E-06  5.4614604079347155E-06  1.1083219556302268E-01  3.0126439697390755E-06  2.7193226689306216E-06
  5160   794.64000      0.0000000000000000E+00  4.9679736546157490E-06  4.9010144774098022E-06  1.0778194695125178E-01  2.8434791443586724E-06  2.5802653764155246E-06
  5170   796.18000      0.0000000000000000E+00  4.8179691629348466E-06  5.4620258994074538E-06  1.1033548653948888E-01  2.8959598493939976E-06  2.8861078748599775E-06
  5180   797.72000      0.0000000000000000E+00  4.4923120065746067E-06  5.8479077226539401E-06  1.0720377257735607E-01  2.7756271844186508E-06  3.2503128002088435E-06
  5190   799.26000      0.0000000000000000E+00  5.5463538309352366E-06  5.2499259367679425E-06  1.0713554918219632E-01  3.1649777114878384E-06  2.7164665412647082E-06
