! Kinetic energy for species "ions"
  Iter        Time          Total Par.             Kin. Energy
     0   0.0000000             997839  3.2361097656713582E+01
    10   1.5400000             999772  3.2424474455299688E+01
    20   3.0800000            1001705  3.2488061168873116E+01
    30   4.6200000            1003638  3.2549771610996984E+01
    40   6.1600000            1005571  3.2611981031513828E+01
    50   7.7000000            1007503  3.2675556767699433E+01
    60   9.2400000            1009436  3.2739103779954263E+01
    70   10.780000            1011369  3.2801329348577525E+01
    80   12.320000            1013302  3.2863229170832938E+01
    90   13.860000            1015235  3.2926827687223302E+01
   100   15.400000            1017168  3.2990340586401253E+01
   110   16.940000            1019101  3.3052129638722498E+01
   120   18.480000            1021034  3.3113595307056833E+01
   130   20.020000            1022967  3.3177622743887284E+01
   140   21.560000            1024900  3.3241617491099042E+01
   150   23.100000            1026833  3.3303165430083368E+01
   160   24.640000            1028766  3.3364718140275293E+01
   170   26.180000            1030698  3.3428089962035898E+01
   180   27.720000            1032631  3.3491060062996560E+01
   190   29.260000            1034564  3.3552509808077659E+01
   200   30.800000            1036497  3.3613970486037957E+01
   210   32.340000            1038430  3.3677625205992420E+01
   220   33.880000            1040363  3.3741453270263833E+01
   230   35.420000            1042296  3.3802593216370099E+01
   240   36.960000            1044229  3.3864819617098362E+01
   250   38.500000            1046162  3.3928555921074476E+01
   260   40.040000            1048095  3.3991028156755895E+01
   270   41.580000            1050028  3.4049698763368312E+01
   280   43.120000            1051961  3.4105576271942255E+01
   290   44.660000            1053894  3.4161983170918553E+01
   300   46.200000            1055826  3.4224439785908643E+01
   310   47.740000            1057759  3.4272921326896963E+01
   320   49.280000            1059692  3.4332225157367319E+01
   330   50.820000            1061625  3.4414840983372571E+01
   340   52.360000            1063558  3.4489582841353666E+01
   350   53.900000            1065491  3.4556659456344590E+01
   360   55.440000            1067424  3.4607584944185035E+01
   370   56.980000            1069357  3.4658485119374824E+01
   380   58.520000            1071290  3.4712571729755091E+01
   390   60.060000            1073223  3.4762605233193227E+01
   400   61.600000            1075156  3.4821210418000163E+01
   410   63.140000            1077089  3.4873877158904008E+01
   420   64.680000            1079022  3.4932470383999927E+01
   430   66.220000            1080954  3.4982960431085985E+01
   440   67.760000            1082887  3.5034917390420340E+01
   450   69.300000            1084820  3.5108887866091784E+01
   460   70.840000            1086753  3.5164718077178350E+01
   470   72.380000            1088686  3.5220671407764200E+01
   480   73.920000            1090619  3.5274516985808397E+01
   490   75.460000            1092552  3.5333091416713351E+01
   500   77.000000            1094485  3.5396247945583653E+01
   510   78.540000            1096418  3.5465503488370047E+01
   520   80.080000            1098351  3.5525408020513332E+01
   530   81.620000            1100284  3.5579511762545380E+01
   540   83.160000            1102217  3.5630868377511405E+01
   550   84.700000            1104149  3.5689465491899213E+01
   560   86.240000            1106082  3.5740112104823069E+01
   570   87.780000            1108015  3.5754708730069055E+01
   580   89.320000            1109948  3.5778392541360105E+01
   590   90.860000            1111881  3.5815017476371466E+01
   600   92.400000            1113814  3.5880491181733397E+01
   610   93.940000            1115747  3.5934779274961251E+01
   620   95.480000            1117680  3.5973383721831880E+01
   630   97.020000            1119613  3.6007386095052105E+01
   640   98.560000            1121546  3.6041949904702001E+01
   650   100.10000            1123479  3.6076560276394986E+01
   660   101.64000            1125412  3.6100206090730367E+01
   670   103.18000            1127345  3.6142490167210084E+01
   680   104.72000            1129277  3.6186628514872822E+01
   690   106.26000            1131210  3.6236617348657120E+01
   700   107.80000            1133143  3.6296473380883171E+01
   710   109.34000            1135076  3.6344489613673403E+01
   720   110.88000            1137009  3.6390066585480554E+01
   730   112.42000            1138942  3.6454336507365433E+01
   740   113.96000            1140875  3.6505278860980923E+01
   750   115.50000            1142808  3.6537630478390113E+01
   760   117.04000            1144741  3.6566776132401245E+01
   770   118.58000            1146674  3.6608577886795196E+01
   780   120.12000            1148607  3.6648732241800523E+01
   790   121.66000            1150540  3.6659961015116522E+01
   800   123.20000            1152472  3.6683246283239569E+01
   810   124.74000            1154405  3.6737562238528717E+01
   820   126.28000            1156338  3.6764093361126442E+01
   830   127.82000            1158271  3.6800221098922094E+01
   840   129.36000            1160204  3.6902448429396451E+01
   850   130.90000            1162137  3.6957181158962086E+01
   860   132.44000            1164070  3.6990344251392180E+01
   870   133.98000            1166003  3.7007574893011444E+01
   880   135.52000            1167936  3.7041304496277199E+01
   890   137.06000            1169869  3.7074532010115043E+01
   900   138.60000            1171802  3.7145360421526426E+01
   910   140.14000            1173735  3.7214342810097982E+01
   920   141.68000            1175668  3.7265819981412882E+01
   930   143.22000            1177600  3.7292241719183849E+01
   940   144.76000            1179533  3.7343633304737835E+01
   950   146.30000            1181466  3.7391926868045573E+01
   960   147.84000            1183399  3.7397459689138465E+01
   970   149.38000            1185332  3.7412739458344753E+01
   980   150.92000            1187265  3.7426733529395975E+01
   990   152.46000            1189198  3.7429210246753392E+01
  1000   154.00000            1191131  3.7487977845433505E+01
  1010   155.54000            1193064  3.7523659555316598E+01
  1020   157.08000            1194997  3.7514380647091009E+01
  1030   158.62000            1196930  3.7559950272066125E+01
  1040   160.16000            1198863  3.7620730654423042E+01
  1050   161.70000            1200796  3.7642471696540589E+01
  1060   163.24000            1202728  3.7660802951915883E+01
  1070   164.78000            1204661  3.7678242824589546E+01
  1080   166.32000            1206594  3.7696835991357574E+01
  1090   167.86000            1208527  3.7729682374638259E+01
  1100   169.40000            1210460  3.7758005847585025E+01
  1110   170.94000            1212393  3.7799676479904029E+01
  1120   172.48000            1214326  3.7800242270551884E+01
  1130   174.02000            1216259  3.7798135553091484E+01
  1140   175.56000            1218192  3.7816380768963732E+01
  1150   177.10000            1220125  3.7789971736770184E+01
  1160   178.64000            1222058  3.7764587526515996E+01
  1170   180.18000            1223991  3.7755352002051659E+01
  1180   181.72000            1225923  3.7779778637099184E+01
  1190   183.26000            1227856  3.7811917123058493E+01
  1200   184.80000            1229789  3.7920291588543911E+01
  1210   186.34000            1231722  3.8021824634068302E+01
  1220   187.88000            1233655  3.8066734005238843E+01
  1230   189.42000            1235588  3.8092059996500510E+01
  1240   190.96000            1237521  3.8140448130612853E+01
  1250   192.50000            1239454  3.8146007793646554E+01
  1260   194.04000            1241387  3.8121319017038644E+01
  1270   195.58000            1243320  3.8160677115575432E+01
  1280   197.12000            1245253  3.8203958937958440E+01
  1290   198.66000            1247186  3.8236933396752590E+01
  1300   200.20000            1249119  3.8281806733713211E+01
  1310   201.74000            1251051  3.8342573996495304E+01
  1320   203.28000            1252984  3.8393631198681256E+01
  1330   204.82000            1254917  3.8405722347563696E+01
  1340   206.36000            1256850  3.8443516591875792E+01
  1350   207.90000            1258783  3.8514610490130870E+01
  1360   209.44000            1260716  3.8590958794424850E+01
  1370   210.98000            1262649  3.8670426819316091E+01
  1380   212.52000            1264582  3.8728975468532326E+01
  1390   214.06000            1266515  3.8775675965486471E+01
  1400   215.60000            1268448  3.8776109668190998E+01
  1410   217.14000            1270381  3.8801960651674676E+01
  1420   218.68000            1272314  3.8842339943797285E+01
  1430   220.22000            1274246  3.8833957920030407E+01
  1440   221.76000            1276179  3.8875928730421300E+01
  1450   223.30000            1278112  3.8972550960929354E+01
  1460   224.84000            1280045  3.9034216444275309E+01
  1470   226.38000            1281978  3.9094553784815432E+01
  1480   227.92000            1283911  3.9246569199527798E+01
  1490   229.46000            1285844  3.9340872140642212E+01
  1500   231.00000            1287777  3.9378085874099604E+01
  1510   232.54000            1289710  3.9392458767771629E+01
  1520   234.08000            1291643  3.9383670552689338E+01
  1530   235.62000            1293576  3.9398086779925926E+01
  1540   237.16000            1295509  3.9383985010370310E+01
  1550   238.70000            1297442  3.9420144730403990E+01
  1560   240.24000            1299374  3.9467647218608043E+01
  1570   241.78000            1301307  3.9543459590232416E+01
  1580   243.32000            1303240  3.9609263093969027E+01
  1590   244.86000            1305173  3.9624180788665491E+01
  1600   246.40000            1307106  3.9664725424918736E+01
  1610   247.94000            1309039  3.9788803200771795E+01
  1620   249.48000            1310972  3.9825008846315356E+01
  1630   251.02000            1312905  3.9875539553522842E+01
  1640   252.56000            1314838  3.9916088285831201E+01
  1650   254.10000            1316771  3.9936303631555106E+01
  1660   255.64000            1318704  3.9985386059150557E+01
  1670   257.18000            1320637  4.0006452497540508E+01
  1680   258.72000            1322569  4.0100504843496779E+01
  1690   260.26000            1324502  4.0078449028075369E+01
  1700   261.80000            1326435  4.0114155872976582E+01
  1710   263.34000            1328368  4.0191870082006098E+01
  1720   264.88000            1330301  4.0157218821234743E+01
  1730   266.42000            1332234  4.0186046083642225E+01
  1740   267.96000            1334167  4.0266929823295371E+01
  1750   269.50000            1336100  4.0293386818457044E+01
  1760   271.04000            1338033  4.0330290514691313E+01
  1770   272.58000            1339966  4.0405197404147678E+01
  1780   274.12000            1341899  4.0470256670633709E+01
  1790   275.66000            1343832  4.0494829833603795E+01
  1800   277.20000            1345765  4.0558006586609039E+01
  1810   278.74000            1347697  4.0606205467409829E+01
  1820   280.28000            1349630  4.0656213811535466E+01
  1830   281.82000            1351563  4.0745397930374018E+01
  1840   283.36000            1353496  4.0739894998293529E+01
  1850   284.90000            1355429  4.0687735046661658E+01
  1860   286.44000            1357362  4.0753581882486486E+01
  1870   287.98000            1359295  4.0794096019132461E+01
  1880   289.52000            1361228  4.0746679671107316E+01
  1890   291.06000            1363161  4.0728040769484899E+01
  1900   292.60000            1365094  4.0793886005382696E+01
  1910   294.14000            1367027  4.0816016717525429E+01
  1920   295.68000            1368960  4.0771209882687167E+01
  1930   297.22000            1370893  4.0822354559886648E+01
  1940   298.76000            1372825  4.0874468740975999E+01
  1950   300.30000            1374758  4.0852900038040403E+01
  1960   301.84000            1376691  4.0944427302931750E+01
  1970   303.38000            1378624  4.1053918598280426E+01
  1980   304.92000            1380557  4.1111900551358183E+01
  1990   306.46000            1382490  4.1225931140383523E+01
  2000   308.00000            1384423  4.1365747008000604E+01
  2010   309.54000            1386356  4.1462091745509063E+01
  2020   311.08000            1388289  4.1573902265188927E+01
  2030   312.62000            1390222  4.1666358026067620E+01
  2040   314.16000            1392155  4.1718246987837809E+01
  2050   315.70000            1394088  4.1777621769800874E+01
  2060   317.24000            1396020  4.1831145619731394E+01
  2070   318.78000            1397953  4.1885280883634394E+01
  2080   320.32000            1399886  4.1901696988482392E+01
  2090   321.86000            1401819  4.1965425632426580E+01
  2100   323.40000            1403752  4.2044378345241221E+01
  2110   324.94000            1405685  4.2050185573730630E+01
  2120   326.48000            1407618  4.2065685275239815E+01
  2130   328.02000            1409551  4.2097927665009003E+01
  2140   329.56000            1411484  4.2060000885014020E+01
  2150   331.10000            1413417  4.2051978025133387E+01
  2160   332.64000            1415350  4.2097372052567223E+01
  2170   334.18000            1417283  4.2099677644029953E+01
  2180   335.72000            1419216  4.2109238601307055E+01
  2190   337.26000            1421148  4.2179110785220331E+01
  2200   338.80000            1423081  4.2193158687538102E+01
  2210   340.34000            1425014  4.2179282271503084E+01
  2220   341.88000            1426947  4.2233663455755632E+01
  2230   343.42000            1428880  4.2274415565660910E+01
  2240   344.96000            1430813  4.2269688660730665E+01
  2250   346.50000            1432746  4.2304654629289956E+01
  2260   348.04000            1434679  4.2416071114415686E+01
  2270   349.58000            1436612  4.2466340163941801E+01
  2280   351.12000            1438545  4.2486269184007597E+01
  2290   352.66000            1440478  4.2545653640436427E+01
  2300   354.20000            1442411  4.2573941339380923E+01
  2310   355.74000            1444343  4.2565944649786431E+01
  2320   357.28000            1446276  4.2575399627281946E+01
  2330   358.82000            1448209  4.2578595889991618E+01
  2340   360.36000            1450142  4.2611566847554499E+01
  2350   361.90000            1452075  4.2638905899946835E+01
  2360   363.44000            1454008  4.2685818347102732E+01
  2370   364.98000            1455941  4.2751695087680417E+01
  2380   366.52000            1457874  4.2781866195698676E+01
  2390   368.06000            1459807  4.2843998250840151E+01
  2400   369.60000            1461740  4.2950704979347087E+01
  2410   371.14000            1463673  4.3007033184935281E+01
  2420   372.68000            1465606  4.3025546610637768E+01
  2430   374.22000            1467539  4.3071118481996002E+01
  2440   375.76000            1469471  4.3090375334265765E+01
  2450   377.30000            1471404  4.3088897892620473E+01
  2460   378.84000            1473337  4.3129300572394129E+01
  2470   380.38000            1475270  4.3248570869699407E+01
  2480   381.92000            1477203  4.3323315091344782E+01
  2490   383.46000            1479136  4.3379286621078897E+01
  2500   385.00000            1481069  4.3423773809423210E+01
  2510   386.54000            1483002  4.3346208500697628E+01
  2520   388.08000            1484935  4.3343120793174229E+01
  2530   389.62000            1486868  4.3471627467150171E+01
  2540   391.16000            1488801  4.3501941104525265E+01
  2550   392.70000            1490734  4.3522635815915294E+01
  2560   394.24000            1492667  4.3587405319303940E+01
  2570   395.78000            1494599  4.3635276734781897E+01
  2580   397.32000            1496532  4.3684707642553718E+01
  2590   398.86000            1498465  4.3719911341844046E+01
  2600   400.40000            1500398  4.3787488795237145E+01
  2610   401.94000            1502331  4.3918142271314068E+01
  2620   403.48000            1504264  4.4043607753476188E+01
  2630   405.02000            1506191  4.4074837582989630E+01
  2640   406.56000            1508123  4.4146785497657795E+01
  2650   408.10000            1510056  4.4226631181947539E+01
  2660   409.64000            1511988  4.4286868538650481E+01
  2670   411.18000            1513921  4.4285079189676608E+01
  2680   412.72000            1515853  4.4298629498870255E+01
  2690   414.26000            1517783  4.4332236960132555E+01
  2700   415.80000            1519713  4.4334408690904091E+01
  2710   417.34000            1521639  4.4351601655269576E+01
  2720   418.88000            1523561  4.4415761328378295E+01
  2730   420.42000            1525476  4.4468976084767526E+01
  2740   421.96000            1527377  4.4509142906552071E+01
  2750   423.50000            1529267  4.4574884851350276E+01
  2760   425.04000            1531140  4.4676091334436315E+01
  2770   426.58000            1532962  4.4748294628239194E+01
  2780   428.12000            1534768  4.4818193687657427E+01
  2790   429.66000            1536542  4.4919242921705511E+01
  2800   431.20000            1538237  4.4963109032937162E+01
  2810   432.74000            1539899  4.5027493112848113E+01
  2820   434.28000            1541574  4.5122291582124667E+01
  2830   435.82000            1543221  4.5145095204684324E+01
  2840   437.36000            1544818  4.5154099431672726E+01
  2850   438.90000            1546371  4.5198881662810443E+01
  2860   440.44000            1547993  4.5265419923837882E+01
  2870   441.98000            1549650  4.5289932051885486E+01
  2880   443.52000            1551314  4.5283431172630500E+01
  2890   445.06000            1552972  4.5282066834700473E+01
  2900   446.60000            1554582  4.5306593864046022E+01
  2910   448.14000            1556192  4.5351006687405402E+01
  2920   449.68000            1557746  4.5284144052465081E+01
  2930   451.22000            1559341  4.5196724495692663E+01
  2940   452.76000            1560954  4.5225388503297204E+01
  2950   454.30000            1562611  4.5307879212929485E+01
  2960   455.84000            1564276  4.5288993260825549E+01
  2970   457.38000            1565901  4.5282300780646324E+01
  2980   458.92000            1567540  4.5385729348732646E+01
  2990   460.46000            1569175  4.5461518099402589E+01
  3000   462.00000            1570809  4.5458040973272297E+01
  3010   463.54000            1572456  4.5444481347672344E+01
  3020   465.08000            1574071  4.5489593717308956E+01
  3030   466.62000            1575715  4.5582967042885130E+01
  3040   468.16000            1577382  4.5627051504524751E+01
  3050   469.70000            1579065  4.5622944611541634E+01
  3060   471.24000            1580728  4.5652858058842902E+01
  3070   472.78000            1582410  4.5733459506514833E+01
  3080   474.32000            1584083  4.5782377879146857E+01
  3090   475.86000            1585751  4.5767422318865130E+01
  3100   477.40000            1587416  4.5805243051022089E+01
  3110   478.94000            1589095  4.5914538144231912E+01
  3120   480.48000            1590806  4.6005121646963524E+01
  3130   482.02000            1592484  4.6045885702759421E+01
  3140   483.56000            1594148  4.6052800811874008E+01
  3150   485.10000            1595851  4.6073371727040623E+01
  3160   486.64000            1597545  4.6133604669305356E+01
  3170   488.18000            1599188  4.6232030477851737E+01
  3180   489.72000            1600892  4.6316781587374415E+01
  3190   491.26000            1602565  4.6273542365007344E+01
  3200   492.80000            1604241  4.6272133346557709E+01
  3210   494.34000            1605934  4.6417267586657559E+01
  3220   495.88000            1607630  4.6473943967412303E+01
  3230   497.42000            1609286  4.6448954932490231E+01
  3240   498.96000            1610940  4.6469028720437116E+01
  3250   500.50000            1612575  4.6524034743206606E+01
  3260   502.04000            1614210  4.6598292702316940E+01
  3270   503.58000            1615893  4.6624960749963719E+01
  3280   505.12000            1617527  4.6616486467246709E+01
  3290   506.66000            1619188  4.6658113245501134E+01
  3300   508.20000            1620876  4.6721003306036096E+01
  3310   509.74000            1622561  4.6748397235957967E+01
  3320   511.28000            1624223  4.6791402830108964E+01
  3330   512.82000            1625831  4.6844062180410397E+01
  3340   514.36000            1627489  4.6864400650527273E+01
  3350   515.90000            1629156  4.6953397278348078E+01
  3360   517.44000            1630820  4.6977440314486323E+01
  3370   518.98000            1632477  4.6951795316922812E+01
  3380   520.52000            1634116  4.7033013838829440E+01
  3390   522.06000            1635737  4.7167468414080595E+01
  3400   523.60000            1637403  4.7226295320541297E+01
  3410   525.14000            1639061  4.7292499836073020E+01
  3420   526.68000            1640719  4.7312919611560964E+01
  3430   528.22000            1642376  4.7296938183376767E+01
  3440   529.76000            1644027  4.7317083230872818E+01
  3450   531.30000            1645684  4.7354162415936770E+01
  3460   532.84000            1647332  4.7355536432630245E+01
  3470   534.38000            1649002  4.7397537219005983E+01
  3480   535.92000            1650640  4.7544346169483752E+01
  3490   537.46000            1652312  4.7649059423092211E+01
  3500   539.00000            1653972  4.7694500627168829E+01
  3510   540.54000            1655623  4.7727393609214424E+01
  3520   542.08000            1657278  4.7777822487638673E+01
  3530   543.62000            1658955  4.7821177331820124E+01
  3540   545.16000            1660645  4.7857335306011919E+01
  3550   546.70000            1662348  4.7917942757654416E+01
  3560   548.24000            1664053  4.7960703108752767E+01
  3570   549.78000            1665749  4.8027738997555915E+01
  3580   551.32000            1667443  4.8088579375699311E+01
  3590   552.86000            1669180  4.8097594181521856E+01
  3600   554.40000            1670876  4.8144867098306030E+01
  3610   555.94000            1672592  4.8184562108730233E+01
  3620   557.48000            1674325  4.8194108587407605E+01
  3630   559.02000            1676055  4.8227010871617303E+01
  3640   560.56000            1677781  4.8254096164285585E+01
  3650   562.10000            1679493  4.8297974539032978E+01
  3660   563.64000            1681163  4.8357657463153998E+01
  3670   565.18000            1682855  4.8386593237745195E+01
  3680   566.72000            1684531  4.8402174290069688E+01
  3690   568.26000            1686230  4.8446715122597674E+01
  3700   569.80000            1687907  4.8502669704757587E+01
  3710   571.34000            1689609  4.8546747729546460E+01
  3720   572.88000            1691285  4.8564881845391668E+01
  3730   574.42000            1692981  4.8575824480354299E+01
  3740   575.96000            1694681  4.8604136070714461E+01
  3750   577.50000            1696384  4.8624208019329707E+01
  3760   579.04000            1698118  4.8662774338654998E+01
  3770   580.58000            1699845  4.8697606443383123E+01
  3780   582.12000            1701552  4.8719241764473303E+01
  3790   583.66000            1703275  4.8730523632082651E+01
  3800   585.20000            1704956  4.8748453299122971E+01
  3810   586.74000            1706626  4.8778348199944517E+01
  3820   588.28000            1708314  4.8803806826897528E+01
  3830   589.82000            1710033  4.8819831203702940E+01
  3840   591.36000            1711743  4.8801309921289082E+01
  3850   592.90000            1713439  4.8808501117920237E+01
  3860   594.44000            1715126  4.8837759975837180E+01
  3870   595.98000            1716752  4.8854741057825585E+01
  3880   597.52000            1718364  4.8902367285291746E+01
  3890   599.06000            1719994  4.8910133511897754E+01
  3900   600.60000            1721612  4.8935945812924317E+01
  3910   602.14000            1723259  4.8988026075703793E+01
  3920   603.68000            1724907  4.9045648195864580E+01
  3930   605.22000            1726561  4.9023005123726293E+01
  3940   606.76000            1728257  4.9010016428611678E+01
  3950   608.30000            1729932  4.9024935899006117E+01
  3960   609.84000            1731641  4.9060216844571514E+01
  3970   611.38000            1733322  4.9080867404364632E+01
  3980   612.92000            1734960  4.9065874268020941E+01
  3990   614.46000            1736574  4.9036200248310244E+01
  4000   616.00000            1738196  4.9041939287245853E+01
  4010   617.54000            1739799  4.9116418244070275E+01
  4020   619.08000            1741443  4.9191626290762407E+01
  4030   620.62000            1743102  4.9190438108857272E+01
  4040   622.16000            1744725  4.9195388575326326E+01
  4050   623.70000            1746381  4.9250373514021931E+01
  4060   625.24000            1748038  4.9295982259342459E+01
  4070   626.78000            1749717  4.9309144643542808E+01
  4080   628.32000            1751428  4.9298337495276961E+01
  4090   629.86000            1753109  4.9277405190064954E+01
  4100   631.40000            1754783  4.9253191815236164E+01
  4110   632.94000            1756409  4.9272217836801303E+01
  4120   634.48000            1758070  4.9347149735031849E+01
  4130   636.02000            1759760  4.9366614628303950E+01
  4140   637.56000            1761433  4.9364162821138322E+01
  4150   639.10000            1763040  4.9418229109625663E+01
  4160   640.64000            1764699  4.9497840598541693E+01
  4170   642.18000            1766364  4.9567676710130790E+01
  4180   643.72000            1767984  4.9617524797901083E+01
  4190   645.26000            1769670  4.9689682969835346E+01
  4200   646.80000            1771335  4.9796742363195293E+01
  4210   648.34000            1773019  4.9845336181080171E+01
  4220   649.88000            1774671  4.9846422957313266E+01
  4230   651.42000            1776302  4.9881967750632917E+01
  4240   652.96000            1777891  4.9955077151309560E+01
  4250   654.50000            1779503  4.9982816942802259E+01
  4260   656.04000            1781100  4.9973572588092139E+01
  4270   657.58000            1782608  5.0010630211256000E+01
  4280   659.12000            1784190  5.0114272999957890E+01
  4290   660.66000            1785801  5.0158373596652361E+01
  4300   662.20000            1787384  5.0135536963129049E+01
  4310   663.74000            1789050  5.0184744813211601E+01
  4320   665.28000            1790702  5.0283583525336269E+01
  4330   666.82000            1792376  5.0365315704699846E+01
  4340   668.36000            1794017  5.0438398262126896E+01
  4350   669.90000            1795665  5.0517703272661748E+01
  4360   671.44000            1797304  5.0593623574148651E+01
  4370   672.98000            1798916  5.0681430025916335E+01
  4380   674.52000            1800499  5.0707300716976981E+01
  4390   676.06000            1802075  5.0701708008308536E+01
  4400   677.60000            1803636  5.0694000872096872E+01
  4410   679.14000            1805289  5.0707194046932294E+01
  4420   680.68000            1806932  5.0709375042603746E+01
  4430   682.22000            1808545  5.0711353434728068E+01
  4440   683.76000            1810135  5.0732613672964312E+01
  4450   685.30000            1811713  5.0782885329255485E+01
  4460   686.84000            1813264  5.0839945423446025E+01
  4470   688.38000            1814820  5.0865271765018377E+01
  4480   689.92000            1816443  5.0884414154157284E+01
  4490   691.46000            1818049  5.0935989833252002E+01
  4500   693.00000            1819657  5.0961183048439551E+01
  4510   694.54000            1821260  5.0952522192164338E+01
  4520   696.08000            1822889  5.1025782685981191E+01
  4530   697.62000            1824526  5.1142027925657786E+01
  4540   699.16000            1826191  5.1171911579063732E+01
  4550   700.70000            1827740  5.1161726492822091E+01
  4560   702.24000            1829241  5.1191083858527207E+01
  4570   703.78000            1830728  5.1259255748970546E+01
  4580   705.32000            1832250  5.1278429595510985E+01
  4590   706.86000            1833804  5.1301639032756675E+01
  4600   708.40000            1835315  5.1378538639670758E+01
  4610   709.94000            1836804  5.1436290523298595E+01
  4620   711.48000            1838313  5.1449318419121937E+01
  4630   713.02000            1839842  5.1454160959454917E+01
  4640   714.56000            1841400  5.1489488554194423E+01
  4650   716.10000            1842912  5.1490758244309490E+01
  4660   717.64000            1844429  5.1486925760106502E+01
  4670   719.18000            1845951  5.1508470229249532E+01
  4680   720.72000            1847501  5.1576411531125864E+01
  4690   722.26000            1848917  5.1623927254578604E+01
  4700   723.80000            1850457  5.1624531471946788E+01
  4710   725.34000            1851892  5.1630772107907738E+01
  4720   726.88000            1853331  5.1665388243397189E+01
  4730   728.42000            1854685  5.1665615020620862E+01
  4740   729.96000            1856078  5.1647263873890687E+01
  4750   731.50000            1857525  5.1631171166720421E+01
  4760   733.04000            1858996  5.1647289829561025E+01
  4770   734.58000            1860429  5.1635448299415899E+01
  4780   736.12000            1861889  5.1614834809804179E+01
  4790   737.66000            1863400  5.1645757262401972E+01
  4800   739.20000            1864896  5.1683786106407098E+01
  4810   740.74000            1866196  5.1688209410941482E+01
  4820   742.28000            1867451  5.1690117046246030E+01
  4830   743.82000            1868782  5.1729514344404194E+01
  4840   745.36000            1870198  5.1777813031913610E+01
  4850   746.90000            1871393  5.1796480208810777E+01
  4860   748.44000            1872683  5.1809100394331402E+01
  4870   749.98000            1873920  5.1852010445228231E+01
  4880   751.52000            1875249  5.1923291831234700E+01
  4890   753.06000            1876588  5.1934164373315653E+01
  4900   754.60000            1877918  5.1948964269372453E+01
  4910   756.14000            1879224  5.2002930565694790E+01
  4920   757.68000            1880435  5.2027523291690940E+01
  4930   759.22000            1881678  5.2046019919334427E+01
  4940   760.76000            1882989  5.2063832109516888E+01
  4950   762.30000            1884400  5.2103220550659174E+01
  4960   763.84000            1885749  5.2142993582402511E+01
  4970   765.38000            1887195  5.2187805712064922E+01
  4980   766.92000            1888622  5.2226261517727302E+01
  4990   768.46000            1889922  5.2251779051773681E+01
  5000   770.00000            1891273  5.2272481940861866E+01
  5010   771.54000            1892578  5.2289479306660567E+01
  5020   773.08000            1893970  5.2308774500632907E+01
  5030   774.62000            1895133  5.2283105062101413E+01
  5040   776.16000            1896396  5.2273355769232083E+01
  5050   777.70000            1897585  5.2249726507208237E+01
  5060   779.24000            1898749  5.2225397084818873E+01
  5070   780.78000            1899968  5.2225628721642551E+01
  5080   782.32000            1901248  5.2242376221398175E+01
  5090   783.86000            1902576  5.2277143220652704E+01
  5100   785.40000            1904049  5.2325072244302866E+01
  5110   786.94000            1905506  5.2382859363538216E+01
  5120   788.48000            1906879  5.2413948447713125E+01
  5130   790.02000            1908334  5.2457532406493712E+01
  5140   791.56000            1909623  5.2495795662697290E+01
  5150   793.10000            1910830  5.2493711837289887E+01
  5160   794.64000            1911866  5.2477132041030671E+01
  5170   796.18000            1912903  5.2508138177179958E+01
  5180   797.72000            1913977  5.2523117233693355E+01
  5190   799.26000            1915144  5.2512751652460366E+01
