! Kinetic energy for species "electrons"
  Iter        Time          Total Par.             Kin. Energy
     0   0.0000000            1006182  4.6634862881252942E-01
    10  0.76000000            1007150  4.6681024963201068E-01
    20   1.5200000            1008118  4.6769999670380558E-01
    30   2.2800000            1009085  4.6911043225078208E-01
    40   3.0400000            1010053  4.6992442965798314E-01
    50   3.8000000            1011021  4.6979745557311753E-01
    60   4.5600000            1011989  4.6966090999229693E-01
    70   5.3200000            1012957  4.6991119644463997E-01
    80   6.0800000            1013925  4.7085844173961588E-01
    90   6.8400000            1014893  4.7165458237536811E-01
   100   7.6000000            1015861  4.7190171953549298E-01
   110   8.3600000            1016829  4.7223541975338357E-01
   120   9.1200000            1017797  4.7315973293055602E-01
   130   9.8800000            1018765  4.7400182180256756E-01
   140   10.640000            1019733  4.7385794806153070E-01
   150   11.400000            1020701  4.7340828459708373E-01
   160   12.160000            1021669  4.7346879268565767E-01
   170   12.920000            1022637  4.7442891104274465E-01
   180   13.680000            1023605  4.7630623185409027E-01
   190   14.440000            1024573  4.7725547219356634E-01
   200   15.200000            1025541  4.7665135226372696E-01
   210   15.960000            1026509  4.7618794787918461E-01
   220   16.720000            1027477  4.7645331804160407E-01
   230   17.480000            1028445  4.7759463956357001E-01
   240   18.240000            1029413  4.7846946587246664E-01
   250   19.000000            1030381  4.7889847523424772E-01
   260   19.760000            1031349  4.7894767784669579E-01
   270   20.520000            1032317  4.7885998164629784E-01
   280   21.280000            1033285  4.7908207733894770E-01
   290   22.040000            1034253  4.8013479540787202E-01
   300   22.800000            1035221  4.8154011744059427E-01
   310   23.560000            1036189  4.8212117419909017E-01
   320   24.320000            1037157  4.8287012586679801E-01
   330   25.080000            1038125  4.8403187178969348E-01
   340   25.840000            1039093  4.8447005678931665E-01
   350   26.600000            1040061  4.8502537829303943E-01
   360   27.360000            1041029  4.8536389900645560E-01
   370   28.120000            1041997  4.8586357121800783E-01
   380   28.880000            1042964  4.8607240360910381E-01
   390   29.640000            1043932  4.8649550304145583E-01
   400   30.400000            1044900  4.8710273004756721E-01
   410   31.160000            1045868  4.8708611902279464E-01
   420   31.920000            1046836  4.8675006620469824E-01
   430   32.680000            1047804  4.8669543879001065E-01
   440   33.440000            1048772  4.8709241813469928E-01
   450   34.200000            1049740  4.8729952332044868E-01
   460   34.960000            1050708  4.8726641373724172E-01
   470   35.720000            1051676  4.8791398431000810E-01
   480   36.480000            1052643  4.8843512727313221E-01
   490   37.240000            1053611  4.8892923023228724E-01
   500   38.000000            1054579  4.8941850904888723E-01
   510   38.760000            1055547  4.9001827790694796E-01
   520   39.520000            1056515  4.9034317834085878E-01
   530   40.280000            1057483  4.9115285397120778E-01
   540   41.040000            1058451  4.9204328993034752E-01
   550   41.800000            1059419  4.9234588030724191E-01
   560   42.560000            1060387  4.9288654636661822E-01
   570   43.320000            1061355  4.9370900074263313E-01
   580   44.080000            1062323  4.9387964294264330E-01
   590   44.840000            1063291  4.9404593697010390E-01
   600   45.600000            1064259  4.9418484808396113E-01
   610   46.360000            1065227  4.9465584907860871E-01
   620   47.120000            1066194  4.9505166651960375E-01
   630   47.880000            1067162  4.9590563752568073E-01
   640   48.640000            1068130  4.9652184525293319E-01
   650   49.400000            1069098  4.9710769811589806E-01
   660   50.160000            1070066  4.9775965309973136E-01
   670   50.920000            1071034  4.9843192148746407E-01
   680   51.680000            1072002  4.9884107711365566E-01
   690   52.440000            1072970  4.9923474297152265E-01
   700   53.200000            1073938  4.9976400334962257E-01
   710   53.960000            1074906  5.0025259246826481E-01
   720   54.720000            1075874  5.0074064575774446E-01
   730   55.480000            1076842  5.0095111720097862E-01
   740   56.240000            1077809  5.0139297924136483E-01
   750   57.000000            1078777  5.0198987203384449E-01
   760   57.760000            1079745  5.0236794537607243E-01
   770   58.520000            1080713  5.0277312639306160E-01
   780   59.280000            1081681  5.0321845962775213E-01
   790   60.040000            1082649  5.0347996155308627E-01
   800   60.800000            1083617  5.0356664978496302E-01
   810   61.560000            1084585  5.0402616225480212E-01
   820   62.320000            1085553  5.0448010739082205E-01
   830   63.080000            1086521  5.0492121991444083E-01
   840   63.840000            1087489  5.0521086488312994E-01
   850   64.600000            1088457  5.0571866242821339E-01
   860   65.360000            1089425  5.0622726906664084E-01
   870   66.120000            1090393  5.0683892505099992E-01
   880   66.880000            1091361  5.0725918562172745E-01
   890   67.640000            1092329  5.0775280393824918E-01
   900   68.400000            1093297  5.0797739429955124E-01
   910   69.160000            1094264  5.0835821540482851E-01
   920   69.920000            1095232  5.0876890127610808E-01
   930   70.680000            1096200  5.0938993465958093E-01
   940   71.440000            1097168  5.0982368501840436E-01
   950   72.200000            1098136  5.1008411470644499E-01
   960   72.960000            1099104  5.1025041619914979E-01
   970   73.720000            1100072  5.1063545263609278E-01
   980   74.480000            1101040  5.1110815767829221E-01
   990   75.240000            1102008  5.1162545665014791E-01
  1000   76.000000            1102976  5.1206741369189923E-01
  1010   76.760000            1103944  5.1233556202015951E-01
  1020   77.520000            1104912  5.1263319064467994E-01
  1030   78.280000            1105880  5.1295525264707220E-01
  1040   79.040000            1106848  5.1359506597358162E-01
  1050   79.800000            1107816  5.1443300929791203E-01
  1060   80.560000            1108784  5.1491787043939019E-01
  1070   81.320000            1109752  5.1494682437536132E-01
  1080   82.080000            1110720  5.1530955597000860E-01
  1090   82.840000            1111688  5.1609315926214239E-01
  1100   83.600000            1112655  5.1665011590151877E-01
  1110   84.360000            1113623  5.1691069491248176E-01
  1120   85.120000            1114591  5.1715187721547839E-01
  1130   85.880000            1115559  5.1737987120807338E-01
  1140   86.640000            1116526  5.1773163569608727E-01
  1150   87.400000            1117494  5.1796771473726000E-01
  1160   88.160000            1118462  5.1787101251559098E-01
  1170   88.920000            1119430  5.1812338550820802E-01
  1180   89.680000            1120398  5.1844008365065719E-01
  1190   90.440000            1121366  5.1859528023981205E-01
  1200   91.200000            1122334  5.1858818726759037E-01
  1210   91.960000            1123302  5.1852655593286623E-01
  1220   92.720000            1124270  5.1887982941651045E-01
  1230   93.480000            1125238  5.1933402918136240E-01
  1240   94.240000            1126206  5.1913063675808946E-01
  1250   95.000000            1127174  5.1932669251719177E-01
  1260   95.760000            1128141  5.1941425238507755E-01
  1270   96.520000            1129109  5.1969764993952317E-01
  1280   97.280000            1130077  5.2020091636195143E-01
  1290   98.040000            1131045  5.2039408971775192E-01
  1300   98.800000            1132013  5.2065054876241201E-01
  1310   99.560000            1132981  5.2096656745462189E-01
  1320   100.32000            1133949  5.2123687460930246E-01
  1330   101.08000            1134917  5.2155564880034522E-01
  1340   101.84000            1135885  5.2185993135331121E-01
  1350   102.60000            1136853  5.2226510000715543E-01
  1360   103.36000            1137821  5.2258757175031967E-01
  1370   104.12000            1138789  5.2255785010800826E-01
  1380   104.88000            1139757  5.2280667409805193E-01
  1390   105.64000            1140724  5.2304385174017154E-01
  1400   106.40000            1141692  5.2348341240106411E-01
  1410   107.16000            1142660  5.2399482869730307E-01
  1420   107.92000            1143628  5.2422539928317224E-01
  1430   108.68000            1144596  5.2437484537831636E-01
  1440   109.44000            1145564  5.2443387609791037E-01
  1450   110.20000            1146532  5.2516266026151626E-01
  1460   110.96000            1147499  5.2558222070722638E-01
  1470   111.72000            1148467  5.2605488361918240E-01
  1480   112.48000            1149435  5.2638542216333073E-01
  1490   113.24000            1150403  5.2666979103805067E-01
  1500   114.00000            1151371  5.2715893568914274E-01
  1510   114.76000            1152339  5.2758005470438418E-01
  1520   115.52000            1153307  5.2829183644564082E-01
  1530   116.28000            1154275  5.2877635853041127E-01
  1540   117.04000            1155243  5.2905795418979917E-01
  1550   117.80000            1156211  5.2945111458121563E-01
  1560   118.56000            1157179  5.2967454001973735E-01
  1570   119.32000            1158147  5.3012014522607531E-01
  1580   120.08000            1159115  5.3073750087580618E-01
  1590   120.84000            1160083  5.3148968853465506E-01
  1600   121.60000            1161051  5.3180463648584486E-01
  1610   122.36000            1162019  5.3182693081626431E-01
  1620   123.12000            1162987  5.3230374469006558E-01
  1630   123.88000            1163955  5.3284105378219160E-01
  1640   124.64000            1164923  5.3353767967651855E-01
  1650   125.40000            1165891  5.3408733999726987E-01
  1660   126.16000            1166858  5.3452515049085714E-01
  1670   126.92000            1167826  5.3490749715241226E-01
  1680   127.68000            1168794  5.3508743858499697E-01
  1690   128.44000            1169762  5.3573235003260533E-01
  1700   129.20000            1170730  5.3669280004693332E-01
  1710   129.96000            1171698  5.3731195922199282E-01
  1720   130.72000            1172666  5.3762045445415407E-01
  1730   131.48000            1173634  5.3765528168928711E-01
  1740   132.24000            1174602  5.3804723547086453E-01
  1750   133.00000            1175570  5.3882739167890814E-01
  1760   133.76000            1176538  5.3945807139915969E-01
  1770   134.52000            1177506  5.3982337762607335E-01
  1780   135.28000            1178474  5.4002932787133817E-01
  1790   136.04000            1179442  5.4034133058108813E-01
  1800   136.80000            1180410  5.4062405580858153E-01
  1810   137.56000            1181378  5.4108826972959756E-01
  1820   138.32000            1182345  5.4179099171351741E-01
  1830   139.08000            1183313  5.4231462525029139E-01
  1840   139.84000            1184281  5.4256104452832221E-01
  1850   140.60000            1185249  5.4262504578395154E-01
  1860   141.36000            1186217  5.4297205579167518E-01
  1870   142.12000            1187185  5.4371482494808387E-01
  1880   142.88000            1188153  5.4437466266469303E-01
  1890   143.64000            1189121  5.4475410742407127E-01
  1900   144.40000            1190089  5.4498629032393642E-01
  1910   145.16000            1191057  5.4523421652007886E-01
  1920   145.92000            1192025  5.4561350590915370E-01
  1930   146.68000            1192993  5.4630128121503752E-01
  1940   147.44000            1193961  5.4697272883952519E-01
  1950   148.20000            1194929  5.4741596987159102E-01
  1960   148.96000            1195897  5.4763947872853347E-01
  1970   149.72000            1196865  5.4773131991585389E-01
  1980   150.48000            1197833  5.4815917859582119E-01
  1990   151.24000            1198801  5.4878828596769247E-01
  2000   152.00000            1199769  5.4944779647434205E-01
  2010   152.76000            1200737  5.4996148317419280E-01
  2020   153.52000            1201705  5.5012141144580962E-01
  2030   154.28000            1202673  5.5015435735290863E-01
  2040   155.04000            1203640  5.5044724245006860E-01
  2050   155.80000            1204608  5.5125171791394090E-01
  2060   156.56000            1205576  5.5205626833485211E-01
  2070   157.32000            1206544  5.5244305063429344E-01
  2080   158.08000            1207512  5.5253946611398452E-01
  2090   158.84000            1208480  5.5261094664324462E-01
  2100   159.60000            1209448  5.5318985046499092E-01
  2110   160.36000            1210416  5.5394811913813857E-01
  2120   161.12000            1211384  5.5455504754599338E-01
  2130   161.88000            1212352  5.5488998656705379E-01
  2140   162.64000            1213320  5.5496656552621915E-01
  2150   163.40000            1214288  5.5519052161733828E-01
  2160   164.16000            1215256  5.5563071089488991E-01
  2170   164.92000            1216224  5.5617175944042307E-01
  2180   165.68000            1217191  5.5672198929248229E-01
  2190   166.44000            1218159  5.5702205224192602E-01
  2200   167.20000            1219127  5.5721471224809538E-01
  2210   167.96000            1220095  5.5732405045393685E-01
  2220   168.72000            1221063  5.5770705764282413E-01
  2230   169.48000            1222031  5.5842691204112993E-01
  2240   170.24000            1222999  5.5894162847093543E-01
  2250   171.00000            1223967  5.5920012664981422E-01
  2260   171.76000            1224935  5.5925762210075003E-01
  2270   172.52000            1225903  5.5946025561390755E-01
  2280   173.28000            1226871  5.5997506778782791E-01
  2290   174.04000            1227839  5.6065164616478524E-01
  2300   174.80000            1228806  5.6121343390345146E-01
  2310   175.56000            1229774  5.6132223808624726E-01
  2320   176.32000            1230742  5.6142795198185613E-01
  2330   177.08000            1231710  5.6174841668545628E-01
  2340   177.84000            1232678  5.6231722110810112E-01
  2350   178.60000            1233646  5.6290685830332654E-01
  2360   179.36000            1234614  5.6325912986462612E-01
  2370   180.12000            1235582  5.6352147191898150E-01
  2380   180.88000            1236550  5.6370123023900942E-01
  2390   181.64000            1237518  5.6394811234509290E-01
  2400   182.40000            1238486  5.6444981322319721E-01
  2410   183.16000            1239454  5.6523278668226262E-01
  2420   183.92000            1240422  5.6573985751182831E-01
  2430   184.68000            1241390  5.6587154038938703E-01
  2440   185.44000            1242358  5.6602854146334325E-01
  2450   186.20000            1243326  5.6646326811393288E-01
  2460   186.96000            1244294  5.6706531448113406E-01
  2470   187.72000            1245262  5.6780813091199078E-01
  2480   188.48000            1246230  5.6817475314167853E-01
  2490   189.24000            1247198  5.6826353056476719E-01
  2500   190.00000            1248166  5.6847847144359864E-01
  2510   190.76000            1249134  5.6895828156702011E-01
  2520   191.52000            1250102  5.6961241382607020E-01
  2530   192.28000            1251070  5.7022408027004645E-01
  2540   193.04000            1252037  5.7063569939611014E-01
  2550   193.80000            1253005  5.7082091629301068E-01
  2560   194.56000            1253973  5.7100697442288162E-01
  2570   195.32000            1254941  5.7151336002920106E-01
  2580   196.08000            1255909  5.7220178195537175E-01
  2590   196.84000            1256877  5.7277787279796977E-01
  2600   197.60000            1257844  5.7311878611305000E-01
  2610   198.36000            1258812  5.7332408149062097E-01
  2620   199.12000            1259780  5.7371862951270147E-01
  2630   199.88000            1260747  5.7410001074892103E-01
  2640   200.64000            1261715  5.7472637174973384E-01
  2650   201.40000            1262683  5.7542613096209905E-01
  2660   202.16000            1263651  5.7581807356823589E-01
  2670   202.92000            1264619  5.7594312365241185E-01
  2680   203.68000            1265587  5.7617206727415204E-01
  2690   204.44000            1266555  5.7679223388749401E-01
  2700   205.20000            1267523  5.7750491440951335E-01
  2710   205.96000            1268491  5.7793115056046140E-01
  2720   206.72000            1269459  5.7813546000353710E-01
  2730   207.48000            1270427  5.7827683514179540E-01
  2740   208.24000            1271395  5.7869016764262438E-01
  2750   209.00000            1272363  5.7916375528577779E-01
  2760   209.76000            1273331  5.7949931086807382E-01
  2770   210.52000            1274299  5.7985688875565455E-01
  2780   211.28000            1275267  5.7996803261530394E-01
  2790   212.04000            1276235  5.8023275706682431E-01
  2800   212.80000            1277203  5.8043705256917422E-01
  2810   213.56000            1278171  5.8075008495563551E-01
  2820   214.32000            1279139  5.8118212642649714E-01
  2830   215.08000            1280107  5.8151016454863491E-01
  2840   215.84000            1281075  5.8176417487329557E-01
  2850   216.60000            1282043  5.8184034090218717E-01
  2860   217.36000            1283011  5.8210712066494996E-01
  2870   218.12000            1283979  5.8256373993004107E-01
  2880   218.88000            1284947  5.8293490928450198E-01
  2890   219.64000            1285915  5.8339191511088551E-01
  2900   220.40000            1286882  5.8361049816346400E-01
  2910   221.16000            1287850  5.8372519728860905E-01
  2920   221.92000            1288818  5.8414669084533677E-01
  2930   222.68000            1289786  5.8486309510870638E-01
  2940   223.44000            1290754  5.8552233394747910E-01
  2950   224.20000            1291722  5.8599389205260211E-01
  2960   224.96000            1292690  5.8627944682652988E-01
  2970   225.72000            1293658  5.8681451736314216E-01
  2980   226.48000            1294626  5.8760320481490835E-01
  2990   227.24000            1295594  5.8816658856991311E-01
  3000   228.00000            1296562  5.8890871820864665E-01
  3010   228.76000            1297530  5.8948595446931940E-01
  3020   229.52000            1298498  5.9004395015955458E-01
  3030   230.28000            1299466  5.9052900669042141E-01
  3040   231.04000            1300434  5.9097434308186614E-01
  3050   231.80000            1301402  5.9174350684612875E-01
  3060   232.56000            1302370  5.9242814396954913E-01
  3070   233.32000            1303338  5.9281915351619530E-01
  3080   234.08000            1304306  5.9289510492015807E-01
  3090   234.84000            1305274  5.9311734115106296E-01
  3100   235.60000            1306242  5.9358255783877478E-01
  3110   236.36000            1307210  5.9400879192676848E-01
  3120   237.12000            1308178  5.9430632508854597E-01
  3130   237.88000            1309146  5.9439258221755953E-01
  3140   238.64000            1310114  5.9446945161180442E-01
  3150   239.40000            1311082  5.9453645332477389E-01
  3160   240.16000            1312050  5.9474501750202935E-01
  3170   240.92000            1313018  5.9495673190558884E-01
  3180   241.68000            1313985  5.9524377302254461E-01
  3190   242.44000            1314953  5.9559068651040226E-01
  3200   243.20000            1315921  5.9558028023265053E-01
  3210   243.96000            1316889  5.9594258385844234E-01
  3220   244.72000            1317857  5.9638097744720775E-01
  3230   245.48000            1318825  5.9685939943614330E-01
  3240   246.24000            1319793  5.9739493498130181E-01
  3250   247.00000            1320761  5.9757830778561760E-01
  3260   247.76000            1321728  5.9766334224877826E-01
  3270   248.52000            1322696  5.9761113016164114E-01
  3280   249.28000            1323664  5.9770776897675715E-01
  3290   250.04000            1324632  5.9788793372597038E-01
  3300   250.80000            1325600  5.9805609566154427E-01
  3310   251.56000            1326568  5.9802358349767182E-01
  3320   252.32000            1327536  5.9787853221008158E-01
  3330   253.08000            1328504  5.9810275892498310E-01
  3340   253.84000            1329472  5.9846624724230080E-01
  3350   254.60000            1330440  5.9887066496505503E-01
  3360   255.36000            1331408  5.9920128744978951E-01
  3370   256.12000            1332376  5.9933645734747398E-01
  3380   256.88000            1333344  5.9939470884254875E-01
  3390   257.64000            1334312  5.9949154402339810E-01
  3400   258.40000            1335280  5.9975667074683958E-01
  3410   259.16000            1336248  5.9993814769651466E-01
  3420   259.92000            1337216  6.0010228752488004E-01
  3430   260.68000            1338184  6.0013242240928000E-01
  3440   261.44000            1339151  5.9998455596573164E-01
  3450   262.20000            1340119  6.0011326107633645E-01
  3460   262.96000            1341087  6.0040737508157971E-01
  3470   263.72000            1342055  6.0077628937045269E-01
  3480   264.48000            1343023  6.0102238234285055E-01
  3490   265.24000            1343991  6.0120673777187372E-01
  3500   266.00000            1344959  6.0120726425523219E-01
  3510   266.76000            1345927  6.0141907489050672E-01
  3520   267.52000            1346895  6.0166600024896089E-01
  3530   268.28000            1347863  6.0202672676568625E-01
  3540   269.04000            1348831  6.0253674846072292E-01
  3550   269.80000            1349799  6.0260413146976866E-01
  3560   270.56000            1350767  6.0275914107020889E-01
  3570   271.32000            1351735  6.0314890067512306E-01
  3580   272.08000            1352703  6.0361749485029159E-01
  3590   272.84000            1353671  6.0438707050685259E-01
  3600   273.60000            1354639  6.0482807263418181E-01
  3610   274.36000            1355606  6.0522129219901444E-01
  3620   275.12000            1356574  6.0561964696951565E-01
  3630   275.88000            1357542  6.0596805897214534E-01
  3640   276.64000            1358509  6.0653171684830443E-01
  3650   277.40000            1359477  6.0709985461416871E-01
  3660   278.16000            1360444  6.0773679678381165E-01
  3670   278.92000            1361412  6.0804666739785262E-01
  3680   279.68000            1362380  6.0832761977205074E-01
  3690   280.44000            1363348  6.0864609827796667E-01
  3700   281.20000            1364316  6.0894964522608741E-01
  3710   281.96000            1365284  6.0938454444377599E-01
  3720   282.72000            1366252  6.0976738981685064E-01
  3730   283.48000            1367220  6.0986577560492161E-01
  3740   284.24000            1368188  6.0992800566607464E-01
  3750   285.00000            1369156  6.1005095888800531E-01
  3760   285.76000            1370124  6.1043254851991224E-01
  3770   286.52000            1371092  6.1100995335603092E-01
  3780   287.28000            1372060  6.1145323848941713E-01
  3790   288.04000            1373028  6.1166586141175749E-01
  3800   288.80000            1373996  6.1185154444569045E-01
  3810   289.56000            1374964  6.1229139252150122E-01
  3820   290.32000            1375932  6.1281646231086284E-01
  3830   291.08000            1376900  6.1332445476627528E-01
  3840   291.84000            1377868  6.1372269971658167E-01
  3850   292.60000            1378836  6.1393530463463752E-01
  3860   293.36000            1379804  6.1429650658669044E-01
  3870   294.12000            1380772  6.1473775489792215E-01
  3880   294.88000            1381740  6.1513350184869864E-01
  3890   295.64000            1382708  6.1567674076895718E-01
  3900   296.40000            1383676  6.1597706883761005E-01
  3910   297.16000            1384644  6.1624549115867133E-01
  3920   297.92000            1385612  6.1661033997678871E-01
  3930   298.68000            1386579  6.1693505074649124E-01
  3940   299.44000            1387547  6.1725053902033278E-01
  3950   300.20000            1388515  6.1766098855784990E-01
  3960   300.96000            1389483  6.1814323316062014E-01
  3970   301.72000            1390450  6.1850951387722120E-01
  3980   302.48000            1391418  6.1885841652090323E-01
  3990   303.24000            1392386  6.1911929409012101E-01
  4000   304.00000            1393354  6.1954977928124322E-01
  4010   304.76000            1394322  6.2006586312877898E-01
  4020   305.52000            1395290  6.2050288387633878E-01
  4030   306.28000            1396258  6.2095246045869645E-01
  4040   307.04000            1397226  6.2124961477251350E-01
  4050   307.80000            1398194  6.2165754961110520E-01
  4060   308.56000            1399162  6.2228953057642544E-01
  4070   309.32000            1400130  6.2278102224316789E-01
  4080   310.08000            1401098  6.2329535601333341E-01
  4090   310.84000            1402066  6.2367136989103300E-01
  4100   311.60000            1403034  6.2412711393668019E-01
  4110   312.36000            1404002  6.2468952867437710E-01
  4120   313.12000            1404970  6.2524724549055666E-01
  4130   313.88000            1405938  6.2579694877447034E-01
  4140   314.64000            1406906  6.2627414012037264E-01
  4150   315.40000            1407874  6.2669033431571042E-01
  4160   316.16000            1408842  6.2717218702788813E-01
  4170   316.92000            1409810  6.2773933450801644E-01
  4180   317.68000            1410778  6.2818192673578321E-01
  4190   318.44000            1411746  6.2882546864780853E-01
  4200   319.20000            1412714  6.2939311257635777E-01
  4210   319.96000            1413682  6.2997254382624790E-01
  4220   320.72000            1414650  6.3063234331736961E-01
  4230   321.48000            1415618  6.3131663815976435E-01
  4240   322.24000            1416586  6.3212025544746142E-01
  4250   323.00000            1417554  6.3283134193570179E-01
  4260   323.76000            1418522  6.3346016416156614E-01
  4270   324.52000            1419490  6.3424079742469397E-01
  4280   325.28000            1420458  6.3496077254788086E-01
  4290   326.04000            1421426  6.3551879380329046E-01
  4300   326.80000            1422394  6.3610542967963579E-01
  4310   327.56000            1423362  6.3651561672802404E-01
  4320   328.32000            1424330  6.3690964137673833E-01
  4330   329.08000            1425297  6.3749354899142163E-01
  4340   329.84000            1426265  6.3783062719013806E-01
  4350   330.60000            1427233  6.3824638497262820E-01
  4360   331.36000            1428201  6.3867451042085777E-01
  4370   332.12000            1429169  6.3888958231629644E-01
  4380   332.88000            1430137  6.3944295260409967E-01
  4390   333.64000            1431105  6.3987080467453039E-01
  4400   334.40000            1432073  6.4022456414919082E-01
  4410   335.16000            1433041  6.4055208709499756E-01
  4420   335.92000            1434009  6.4082812995530136E-01
  4430   336.68000            1434977  6.4123948887202042E-01
  4440   337.44000            1435945  6.4163729161922500E-01
  4450   338.20000            1436913  6.4210234597753457E-01
  4460   338.96000            1437881  6.4274530600036306E-01
  4470   339.72000            1438849  6.4315749190650362E-01
  4480   340.48000            1439817  6.4342392873597576E-01
  4490   341.24000            1440785  6.4377057412275851E-01
  4500   342.00000            1441753  6.4421336992253120E-01
  4510   342.76000            1442721  6.4476819240161898E-01
  4520   343.52000            1443689  6.4513198821847195E-01
  4530   344.28000            1444657  6.4523465052590367E-01
  4540   345.04000            1445625  6.4546413900136190E-01
  4550   345.80000            1446593  6.4596335952204431E-01
  4560   346.56000            1447561  6.4627723572431273E-01
  4570   347.32000            1448529  6.4664982695647011E-01
  4580   348.08000            1449497  6.4686575176514693E-01
  4590   348.84000            1450465  6.4707334666411076E-01
  4600   349.60000            1451433  6.4743797159644667E-01
  4610   350.36000            1452401  6.4795081957165501E-01
  4620   351.12000            1453369  6.4854890165178947E-01
  4630   351.88000            1454337  6.4908945914494121E-01
  4640   352.64000            1455305  6.4983805075236167E-01
  4650   353.40000            1456273  6.5055068114108017E-01
  4660   354.16000            1457241  6.5119807267008911E-01
  4670   354.92000            1458209  6.5216591680994906E-01
  4680   355.68000            1459177  6.5289092480402033E-01
  4690   356.44000            1460144  6.5364390682584905E-01
  4700   357.20000            1461112  6.5452487344470400E-01
  4710   357.96000            1462080  6.5509807326099589E-01
  4720   358.72000            1463048  6.5576176102906536E-01
  4730   359.48000            1464016  6.5635101077547975E-01
  4740   360.24000            1464984  6.5682686881374164E-01
  4750   361.00000            1465951  6.5711036275866075E-01
  4760   361.76000            1466919  6.5743855692006348E-01
  4770   362.52000            1467887  6.5759796808038395E-01
  4780   363.28000            1468855  6.5767858373840982E-01
  4790   364.04000            1469823  6.5766622001766484E-01
  4800   364.80000            1470791  6.5765795109890757E-01
  4810   365.56000            1471759  6.5778484207401866E-01
  4820   366.32000            1472727  6.5786592063000704E-01
  4830   367.08000            1473695  6.5800222392997831E-01
  4840   367.84000            1474663  6.5811215012235336E-01
  4850   368.60000            1475631  6.5809722852349906E-01
  4860   369.36000            1476599  6.5835500683310333E-01
  4870   370.12000            1477567  6.5868164159393139E-01
  4880   370.88000            1478535  6.5911915094569495E-01
  4890   371.64000            1479503  6.5959237510314317E-01
  4900   372.40000            1480471  6.5966762253379319E-01
  4910   373.16000            1481438  6.5994443195725816E-01
  4920   373.92000            1482406  6.6038504414123533E-01
  4930   374.68000            1483374  6.6058464068099276E-01
  4940   375.44000            1484342  6.6108145677833396E-01
  4950   376.20000            1485310  6.6165449764396500E-01
  4960   376.96000            1486278  6.6167163445579213E-01
  4970   377.72000            1487246  6.6197907227715569E-01
  4980   378.48000            1488214  6.6240263960205181E-01
  4990   379.24000            1489182  6.6288281003704475E-01
  5000   380.00000            1490150  6.6350802235047213E-01
  5010   380.76000            1491118  6.6406200082466982E-01
  5020   381.52000            1492086  6.6433679353724628E-01
  5030   382.28000            1493054  6.6473588946210249E-01
  5040   383.04000            1494022  6.6504993493330955E-01
  5050   383.80000            1494989  6.6540072371577896E-01
  5060   384.56000            1495957  6.6602223714060416E-01
  5070   385.32000            1496925  6.6639424193972574E-01
  5080   386.08000            1497893  6.6668473179271293E-01
  5090   386.84000            1498861  6.6691358877919171E-01
  5100   387.60000            1499829  6.6710766056863646E-01
  5110   388.36000            1500797  6.6753075174281518E-01
  5120   389.12000            1501765  6.6791590048899230E-01
  5130   389.88000            1502733  6.6805360388293589E-01
  5140   390.64000            1503699  6.6820397315422420E-01
  5150   391.40000            1504667  6.6850251586656906E-01
  5160   392.16000            1505635  6.6870727416253550E-01
  5170   392.92000            1506603  6.6893488425664083E-01
  5180   393.68000            1507571  6.6939782252284141E-01
  5190   394.44000            1508539  6.6945716025737434E-01
  5200   395.20000            1509507  6.6976817215412898E-01
  5210   395.96000            1510475  6.6998695044250312E-01
  5220   396.72000            1511443  6.7021557211723226E-01
  5230   397.48000            1512411  6.7095184826531629E-01
  5240   398.24000            1513379  6.7146250712538846E-01
  5250   399.00000            1514347  6.7201310026473438E-01
  5260   399.76000            1515315  6.7254698383054623E-01
