! Kinetic energy for species "ions"
  Iter        Time          Total Par.             Kin. Energy
     0   0.0000000            1024000  1.6605721018922733E+01
    10  0.76000000            1025908  1.6637091858442375E+01
    20   1.5200000            1027815  1.6670536410287898E+01
    30   2.2800000            1029723  1.6707877149638175E+01
    40   3.0400000            1031631  1.6747859765347549E+01
    50   3.8000000            1033539  1.6786572378868385E+01
    60   4.5600000            1035447  1.6817702977562121E+01
    70   5.3200000            1037354  1.6838175135492733E+01
    80   6.0800000            1039262  1.6850725481793322E+01
    90   6.8400000            1041170  1.6863972395422973E+01
   100   7.6000000            1043078  1.6887056846113950E+01
   110   8.3600000            1044986  1.6922431204011737E+01
   120   9.1200000            1046894  1.6965350682040032E+01
   130   9.8800000            1048801  1.7006632536495005E+01
   140   10.640000            1050709  1.7036485567834269E+01
   150   11.400000            1052617  1.7052367411352854E+01
   160   12.160000            1054525  1.7060688645292316E+01
   170   12.920000            1056433  1.7070554996283455E+01
   180   13.680000            1058340  1.7088795054110122E+01
   190   14.440000            1060248  1.7115130588033033E+01
   200   15.200000            1062156  1.7144052824365115E+01
   210   15.960000            1064064  1.7172843575288439E+01
   220   16.720000            1065972  1.7199330578991329E+01
   230   17.480000            1067880  1.7222934103615302E+01
   240   18.240000            1069787  1.7243990587397697E+01
   250   19.000000            1071695  1.7261752414250804E+01
   260   19.760000            1073603  1.7275850921710074E+01
   270   20.520000            1075511  1.7289793514215752E+01
   280   21.280000            1077419  1.7304756400620342E+01
   290   22.040000            1079326  1.7322761857134598E+01
   300   22.800000            1081234  1.7345054521761451E+01
   310   23.560000            1083142  1.7371856286851138E+01
   320   24.320000            1085050  1.7401007572622134E+01
   330   25.080000            1086958  1.7427215259480871E+01
   340   25.840000            1088866  1.7443655195825279E+01
   350   26.600000            1090773  1.7447923144237489E+01
   360   27.360000            1092681  1.7445913923345550E+01
   370   28.120000            1094589  1.7447429617376276E+01
   380   28.880000            1096497  1.7460039867253958E+01
   390   29.640000            1098405  1.7483832674132380E+01
   400   30.400000            1100312  1.7510947908633682E+01
   410   31.160000            1102220  1.7532940910364498E+01
   420   31.920000            1104128  1.7545779707188441E+01
   430   32.680000            1106036  1.7549820491016572E+01
   440   33.440000            1107944  1.7549229488905222E+01
   450   34.200000            1109852  1.7550360797809752E+01
   460   34.960000            1111759  1.7557049693525002E+01
   470   35.720000            1113667  1.7568471557703607E+01
   480   36.480000            1115575  1.7580023307237411E+01
   490   37.240000            1117483  1.7589488715238701E+01
   500   38.000000            1119391  1.7599137061010111E+01
   510   38.760000            1121298  1.7612809148233957E+01
   520   39.520000            1123206  1.7628371983047398E+01
   530   40.280000            1125114  1.7641026250281421E+01
   540   41.040000            1127022  1.7643816909731910E+01
   550   41.800000            1128930  1.7637200243839036E+01
   560   42.560000            1130838  1.7630345515104857E+01
   570   43.320000            1132745  1.7633574252565758E+01
   580   44.080000            1134653  1.7649803681073642E+01
   590   44.840000            1136561  1.7673737125101319E+01
   600   45.600000            1138469  1.7696358567022507E+01
   610   46.360000            1140377  1.7710365445542287E+01
   620   47.120000            1142284  1.7714560131762369E+01
   630   47.880000            1144192  1.7714089496195150E+01
   640   48.640000            1146100  1.7714090423471877E+01
   650   49.400000            1148008  1.7719054143391801E+01
   660   50.160000            1149916  1.7732274637374964E+01
   670   50.920000            1151824  1.7753620960924295E+01
   680   51.680000            1153731  1.7777361517859518E+01
   690   52.440000            1155639  1.7796714259669535E+01
   700   53.200000            1157547  1.7809797821252474E+01
   710   53.960000            1159455  1.7821837247614596E+01
   720   54.720000            1161363  1.7835241029683917E+01
   730   55.480000            1163270  1.7847470809241983E+01
   740   56.240000            1165178  1.7855966956437321E+01
   750   57.000000            1167086  1.7860825918177774E+01
   760   57.760000            1168994  1.7867048234038997E+01
   770   58.520000            1170902  1.7878457262249754E+01
   780   59.280000            1172810  1.7894023094410091E+01
   790   60.040000            1174717  1.7908990777736278E+01
   800   60.800000            1176625  1.7919006702902927E+01
   810   61.560000            1178533  1.7919427334664327E+01
   820   62.320000            1180441  1.7907653965965761E+01
   830   63.080000            1182349  1.7885934127942718E+01
   840   63.840000            1184256  1.7862941676854611E+01
   850   64.600000            1186164  1.7849077205709790E+01
   860   65.360000            1188072  1.7847462731943114E+01
   870   66.120000            1189980  1.7850827546740828E+01
   880   66.880000            1191888  1.7850055011051200E+01
   890   67.640000            1193796  1.7841910507817548E+01
   900   68.400000            1195703  1.7827735387431648E+01
   910   69.160000            1197611  1.7813444608144948E+01
   920   69.920000            1199519  1.7806140621024866E+01
   930   70.680000            1201427  1.7807855496365711E+01
   940   71.440000            1203335  1.7814869846582798E+01
   950   72.200000            1205242  1.7824793790142859E+01
   960   72.960000            1207150  1.7837910470452677E+01
   970   73.720000            1209058  1.7856173238578709E+01
   980   74.480000            1210966  1.7879101366081343E+01
   990   75.240000            1212874  1.7903360347764139E+01
  1000   76.000000            1214782  1.7924648128574255E+01
  1010   76.760000            1216689  1.7939203855510296E+01
  1020   77.520000            1218597  1.7949102822938087E+01
  1030   78.280000            1220505  1.7959526784493232E+01
  1040   79.040000            1222413  1.7974935850099673E+01
  1050   79.800000            1224321  1.7999264333805439E+01
  1060   80.560000            1226228  1.8032817521724066E+01
  1070   81.320000            1228136  1.8068200111153772E+01
  1080   82.080000            1230044  1.8097477323208331E+01
  1090   82.840000            1231952  1.8117085709606393E+01
  1100   83.600000            1233860  1.8126987987216545E+01
  1110   84.360000            1235768  1.8134024766847809E+01
  1120   85.120000            1237675  1.8147423970855023E+01
  1130   85.880000            1239583  1.8170111889995990E+01
  1140   86.640000            1241491  1.8198449898365510E+01
  1150   87.400000            1243399  1.8227016874674707E+01
  1160   88.160000            1245307  1.8251883642920355E+01
  1170   88.920000            1247214  1.8274462673039508E+01
  1180   89.680000            1249122  1.8297609680429503E+01
  1190   90.440000            1251030  1.8320876842772524E+01
  1200   91.200000            1252938  1.8341792433618735E+01
  1210   91.960000            1254846  1.8359451848547465E+01
  1220   92.720000            1256754  1.8376948576136943E+01
  1230   93.480000            1258661  1.8399871297701893E+01
  1240   94.240000            1260569  1.8431265529595567E+01
  1250   95.000000            1262477  1.8468530488548009E+01
  1260   95.760000            1264385  1.8505932938070199E+01
  1270   96.520000            1266293  1.8540651466667036E+01
  1280   97.280000            1268200  1.8570523877480937E+01
  1290   98.040000            1270108  1.8594708718398500E+01
  1300   98.800000            1272016  1.8614407346019053E+01
  1310   99.560000            1273924  1.8633169118100149E+01
  1320   100.32000            1275832  1.8657815748360896E+01
  1330   101.08000            1277740  1.8691944246875870E+01
  1340   101.84000            1279647  1.8733141150061286E+01
  1350   102.60000            1281555  1.8774643838827519E+01
  1360   103.36000            1283463  1.8809434676071984E+01
  1370   104.12000            1285371  1.8836264909569422E+01
  1380   104.88000            1287279  1.8858771415535589E+01
  1390   105.64000            1289186  1.8881758015366721E+01
  1400   106.40000            1291094  1.8907228908608836E+01
  1410   107.16000            1293002  1.8934090058861539E+01
  1420   107.92000            1294910  1.8964267010920665E+01
  1430   108.68000            1296818  1.8998101710127813E+01
  1440   109.44000            1298726  1.9032723988084808E+01
  1450   110.20000            1300633  1.9066326601197016E+01
  1460   110.96000            1302541  1.9096345574747911E+01
  1470   111.72000            1304449  1.9122510309555210E+01
  1480   112.48000            1306357  1.9146361860902168E+01
  1490   113.24000            1308265  1.9166723269798755E+01
  1500   114.00000            1310172  1.9184103266474729E+01
  1510   114.76000            1312080  1.9201488425704540E+01
  1520   115.52000            1313988  1.9223949371323080E+01
  1530   116.28000            1315896  1.9254141300092304E+01
  1540   117.04000            1317804  1.9288330922763841E+01
  1550   117.80000            1319712  1.9317780707268035E+01
  1560   118.56000            1321619  1.9336267228771447E+01
  1570   119.32000            1323527  1.9346322569280701E+01
  1580   120.08000            1325435  1.9354345018412118E+01
  1590   120.84000            1327343  1.9365554381871366E+01
  1600   121.60000            1329251  1.9381960432955651E+01
  1610   122.36000            1331158  1.9401094924363939E+01
  1620   123.12000            1333066  1.9422439260513137E+01
  1630   123.88000            1334974  1.9444665175120175E+01
  1640   124.64000            1336882  1.9465482970492801E+01
  1650   125.40000            1338790  1.9481958167534358E+01
  1660   126.16000            1340698  1.9493153345548940E+01
  1670   126.92000            1342605  1.9502887130205803E+01
  1680   127.68000            1344513  1.9514322939585661E+01
  1690   128.44000            1346421  1.9526936886966389E+01
  1700   129.20000            1348329  1.9539176997655293E+01
  1710   129.96000            1350237  1.9551240596262687E+01
  1720   130.72000            1352144  1.9567045546618569E+01
  1730   131.48000            1354052  1.9586754730986172E+01
  1740   132.24000            1355960  1.9606513046006359E+01
  1750   133.00000            1357868  1.9621390599195635E+01
  1760   133.76000            1359776  1.9628603842606289E+01
  1770   134.52000            1361684  1.9630262556142856E+01
  1780   135.28000            1363591  1.9631912903088136E+01
  1790   136.04000            1365499  1.9640644422515422E+01
  1800   136.80000            1367407  1.9658767180595092E+01
  1810   137.56000            1369315  1.9684054589738629E+01
  1820   138.32000            1371223  1.9712871126279882E+01
  1830   139.08000            1373130  1.9739442755634748E+01
  1840   139.84000            1375038  1.9757665355373529E+01
  1850   140.60000            1376946  1.9771804197290859E+01
  1860   141.36000            1378854  1.9787409637652217E+01
  1870   142.12000            1380762  1.9806098168821272E+01
  1880   142.88000            1382669  1.9827173673954672E+01
  1890   143.64000            1384577  1.9851864948389139E+01
  1900   144.40000            1386485  1.9879673403956446E+01
  1910   145.16000            1388393  1.9908502023365990E+01
  1920   145.92000            1390301  1.9937094975996967E+01
  1930   146.68000            1392209  1.9965009981059726E+01
  1940   147.44000            1394116  1.9990070317974755E+01
  1950   148.20000            1396024  2.0011455043395326E+01
  1960   148.96000            1397932  2.0028784720881557E+01
  1970   149.72000            1399840  2.0043543911629911E+01
  1980   150.48000            1401748  2.0057497116188081E+01
  1990   151.24000            1403655  2.0073175640373744E+01
  2000   152.00000            1405563  2.0095286628426713E+01
  2010   152.76000            1407471  2.0120619139726369E+01
  2020   153.52000            1409379  2.0143218784939432E+01
  2030   154.28000            1411287  2.0160022804790966E+01
  2040   155.04000            1413195  2.0170296815385569E+01
  2050   155.80000            1415102  2.0174845179895549E+01
  2060   156.56000            1417010  2.0177818363306422E+01
  2070   157.32000            1418918  2.0186606183260611E+01
  2080   158.08000            1420826  2.0203423022773411E+01
  2090   158.84000            1422734  2.0221894033805739E+01
  2100   159.60000            1424641  2.0239732230300529E+01
  2110   160.36000            1426549  2.0256607167477398E+01
  2120   161.12000            1428457  2.0270195212642815E+01
  2130   161.88000            1430365  2.0278501711845990E+01
  2140   162.64000            1432273  2.0285818768460178E+01
  2150   163.40000            1434181  2.0294622475360498E+01
  2160   164.16000            1436088  2.0306092375550175E+01
  2170   164.92000            1437996  2.0320789166439599E+01
  2180   165.68000            1439904  2.0337046841261408E+01
  2190   166.44000            1441812  2.0353378392070113E+01
  2200   167.20000            1443720  2.0370613002854810E+01
  2210   167.96000            1445627  2.0390004903165647E+01
  2220   168.72000            1447535  2.0407883798530353E+01
  2230   169.48000            1449443  2.0420821053391773E+01
  2240   170.24000            1451351  2.0428165187870867E+01
  2250   171.00000            1453259  2.0432128859087072E+01
  2260   171.76000            1455167  2.0436983546199734E+01
  2270   172.52000            1457074  2.0446467886374759E+01
  2280   173.28000            1458982  2.0462128287139439E+01
  2290   174.04000            1460890  2.0481106473724960E+01
  2300   174.80000            1462798  2.0499252587353421E+01
  2310   175.56000            1464706  2.0513252785239267E+01
  2320   176.32000            1466613  2.0520991804266743E+01
  2330   177.08000            1468521  2.0525730704310334E+01
  2340   177.84000            1470429  2.0532997868811055E+01
  2350   178.60000            1472337  2.0545728605157549E+01
  2360   179.36000            1474245  2.0563679080583778E+01
  2370   180.12000            1476153  2.0585982499281222E+01
  2380   180.88000            1478060  2.0608252763199342E+01
  2390   181.64000            1479968  2.0627562087089409E+01
  2400   182.40000            1481876  2.0644782140377743E+01
  2410   183.16000            1483784  2.0662519814738310E+01
  2420   183.92000            1485692  2.0679981581072973E+01
  2430   184.68000            1487599  2.0694485286350758E+01
  2440   185.44000            1489507  2.0705561821955676E+01
  2450   186.20000            1491415  2.0714905569169403E+01
  2460   186.96000            1493323  2.0726808954095308E+01
  2470   187.72000            1495231  2.0742627889331924E+01
  2480   188.48000            1497139  2.0762618871066383E+01
  2490   189.24000            1499046  2.0781477910338783E+01
  2500   190.00000            1500954  2.0795296269909411E+01
  2510   190.76000            1502862  2.0804770008027404E+01
  2520   191.52000            1504770  2.0808959946327157E+01
  2530   192.28000            1506678  2.0808711979613928E+01
  2540   193.04000            1508585  2.0810348069805539E+01
  2550   193.80000            1510493  2.0818990045251454E+01
  2560   194.56000            1512401  2.0834336633369585E+01
  2570   195.32000            1514309  2.0852236647727008E+01
  2580   196.08000            1516217  2.0868196178415715E+01
  2590   196.84000            1518125  2.0877135281497079E+01
  2600   197.60000            1520032  2.0881880275500176E+01
  2610   198.36000            1521940  2.0888176900465155E+01
  2620   199.12000            1523848  2.0895146309103893E+01
  2630   199.88000            1525756  2.0903560943866665E+01
  2640   200.64000            1527664  2.0915909756010652E+01
  2650   201.40000            1529571  2.0930028142011373E+01
  2660   202.16000            1531479  2.0943250834781615E+01
  2670   202.92000            1533387  2.0956022172940145E+01
  2680   203.68000            1535295  2.0972496648764746E+01
  2690   204.44000            1537203  2.0991540926442315E+01
  2700   205.20000            1539111  2.1008802984775425E+01
  2710   205.96000            1541018  2.1021160422225289E+01
  2720   206.72000            1542926  2.1027201106727791E+01
  2730   207.48000            1544834  2.1031957576216030E+01
  2740   208.24000            1546742  2.1043318172497663E+01
  2750   209.00000            1548650  2.1062350941105258E+01
  2760   209.76000            1550557  2.1084080635362561E+01
  2770   210.52000            1552465  2.1103217295195854E+01
  2780   211.28000            1554373  2.1117253710343750E+01
  2790   212.04000            1556281  2.1127737937963307E+01
  2800   212.80000            1558189  2.1138070019815203E+01
  2810   213.56000            1560097  2.1150197675402875E+01
  2820   214.32000            1562004  2.1162626551525250E+01
  2830   215.08000            1563912  2.1177751394687164E+01
  2840   215.84000            1565820  2.1196414639515385E+01
  2850   216.60000            1567728  2.1218726631508460E+01
  2860   217.36000            1569636  2.1242743396612273E+01
  2870   218.12000            1571543  2.1264257242817447E+01
  2880   218.88000            1573451  2.1282242323768912E+01
  2890   219.64000            1575359  2.1296354464551460E+01
  2900   220.40000            1577267  2.1311907951785997E+01
  2910   221.16000            1579175  2.1331133740717370E+01
  2920   221.92000            1581083  2.1349742003174022E+01
  2930   222.68000            1582990  2.1366021440155411E+01
  2940   223.44000            1584898  2.1382077837102592E+01
  2950   224.20000            1586806  2.1401832072926382E+01
  2960   224.96000            1588714  2.1427020114014862E+01
  2970   225.72000            1590622  2.1454446123821487E+01
  2980   226.48000            1592529  2.1478461060694748E+01
  2990   227.24000            1594437  2.1492794704519362E+01
  3000   228.00000            1596345  2.1499069724840389E+01
  3010   228.76000            1598253  2.1510096021437544E+01
  3020   229.52000            1600161  2.1531105514014456E+01
  3030   230.28000            1602069  2.1557492915356207E+01
  3040   231.04000            1603976  2.1584129224108093E+01
  3050   231.80000            1605884  2.1607016822700650E+01
  3060   232.56000            1607792  2.1623122200142500E+01
  3070   233.32000            1609700  2.1634818365263982E+01
  3080   234.08000            1611608  2.1650952523803710E+01
  3090   234.84000            1613515  2.1670932955842307E+01
  3100   235.60000            1615423  2.1689868195226119E+01
  3110   236.36000            1617331  2.1709313284576794E+01
  3120   237.12000            1619239  2.1733532835108143E+01
  3130   237.88000            1621147  2.1758372771862618E+01
  3140   238.64000            1623055  2.1782561119413870E+01
  3150   239.40000            1624962  2.1809883649848583E+01
  3160   240.16000            1626870  2.1842257047896897E+01
  3170   240.92000            1628778  2.1870358848493289E+01
  3180   241.68000            1630686  2.1894199486720495E+01
  3190   242.44000            1632594  2.1917563660075452E+01
  3200   243.20000            1634501  2.1941651715137301E+01
  3210   243.96000            1636409  2.1966872717311116E+01
  3220   244.72000            1638317  2.1996039424601708E+01
  3230   245.48000            1640225  2.2029610090179474E+01
  3240   246.24000            1642133  2.2061487011837116E+01
  3250   247.00000            1644041  2.2089603329902285E+01
  3260   247.76000            1645948  2.2113814075286303E+01
  3270   248.52000            1647856  2.2134228876632395E+01
  3280   249.28000            1649764  2.2153991979402438E+01
  3290   250.04000            1651672  2.2174054451481879E+01
  3300   250.80000            1653580  2.2193375730029036E+01
  3310   251.56000            1655487  2.2216525246261124E+01
  3320   252.32000            1657395  2.2245134157428545E+01
  3330   253.08000            1659303  2.2275574872105821E+01
  3340   253.84000            1661211  2.2302065797016496E+01
  3350   254.60000            1663119  2.2322003438235459E+01
  3360   255.36000            1665027  2.2337756991261525E+01
  3370   256.12000            1666934  2.2357110101284857E+01
  3380   256.88000            1668842  2.2380256068256987E+01
  3390   257.64000            1670750  2.2407131488507240E+01
  3400   258.40000            1672658  2.2433050924389704E+01
  3410   259.16000            1674566  2.2455226570622962E+01
  3420   259.92000            1676473  2.2476887322982407E+01
  3430   260.68000            1678381  2.2499249725345823E+01
  3440   261.44000            1680289  2.2521234177174549E+01
  3450   262.20000            1682197  2.2540229063813861E+01
  3460   262.96000            1684105  2.2556476413636908E+01
  3470   263.72000            1686013  2.2572964320609469E+01
  3480   264.48000            1687920  2.2590556696111680E+01
  3490   265.24000            1689828  2.2609666721925848E+01
  3500   266.00000            1691736  2.2627441513778766E+01
  3510   266.76000            1693644  2.2643016397634430E+01
  3520   267.52000            1695552  2.2661724656501047E+01
  3530   268.28000            1697459  2.2682954882639713E+01
  3540   269.04000            1699367  2.2698182922653615E+01
  3550   269.80000            1701275  2.2708577036329793E+01
  3560   270.56000            1703183  2.2719891021740121E+01
  3570   271.32000            1705091  2.2731606896804440E+01
  3580   272.08000            1706998  2.2739323391975713E+01
  3590   272.84000            1708906  2.2747136753797928E+01
  3600   273.60000            1710814  2.2760332772071326E+01
  3610   274.36000            1712722  2.2777955420252241E+01
  3620   275.12000            1714630  2.2797361180808444E+01
  3630   275.88000            1716538  2.2813926446304649E+01
  3640   276.64000            1718445  2.2822397040983962E+01
  3650   277.40000            1720353  2.2828296537250559E+01
  3660   278.16000            1722261  2.2840608449896738E+01
  3670   278.92000            1724169  2.2862187428058178E+01
  3680   279.68000            1726077  2.2884566725066957E+01
  3690   280.44000            1727984  2.2906846465197034E+01
  3700   281.20000            1729892  2.2931356284188013E+01
  3710   281.96000            1731800  2.2955597356672577E+01
  3720   282.72000            1733708  2.2979258627839304E+01
  3730   283.48000            1735616  2.3002067990029058E+01
  3740   284.24000            1737524  2.3025053080223298E+01
  3750   285.00000            1739431  2.3052270523157002E+01
  3760   285.76000            1741339  2.3083207769250603E+01
  3770   286.52000            1743247  2.3114820857963831E+01
  3780   287.28000            1745155  2.3143126956256658E+01
  3790   288.04000            1747063  2.3169591207395246E+01
  3800   288.80000            1748970  2.3193918126735376E+01
  3810   289.56000            1750878  2.3218056055340597E+01
  3820   290.32000            1752786  2.3247999328981631E+01
  3830   291.08000            1754694  2.3281035083571048E+01
  3840   291.84000            1756602  2.3306663219088392E+01
  3850   292.60000            1758510  2.3322477842366744E+01
  3860   293.36000            1760417  2.3338082117422704E+01
  3870   294.12000            1762325  2.3359556665010352E+01
  3880   294.88000            1764233  2.3384352192277159E+01
  3890   295.64000            1766141  2.3412263722659997E+01
  3900   296.40000            1768049  2.3440782746143114E+01
  3910   297.16000            1769956  2.3466529545648566E+01
  3920   297.92000            1771864  2.3489026637881729E+01
  3930   298.68000            1773772  2.3507766924375247E+01
  3940   299.44000            1775680  2.3526556167869479E+01
  3950   300.20000            1777588  2.3549681846714805E+01
  3960   300.96000            1779496  2.3576060082969367E+01
  3970   301.72000            1781403  2.3603491746007307E+01
  3980   302.48000            1783311  2.3626648398729628E+01
  3990   303.24000            1785219  2.3643985748297641E+01
  4000   304.00000            1787127  2.3660027553632361E+01
  4010   304.76000            1789035  2.3673854456790131E+01
  4020   305.52000            1790942  2.3690316774257184E+01
  4030   306.28000            1792850  2.3712069461273174E+01
  4040   307.04000            1794758  2.3730690497272501E+01
  4050   307.80000            1796666  2.3744719885585802E+01
  4060   308.56000            1798574  2.3760731901622314E+01
  4070   309.32000            1800482  2.3781010156091316E+01
  4080   310.08000            1802389  2.3798664619513247E+01
  4090   310.84000            1804297  2.3815340425739333E+01
  4100   311.60000            1806205  2.3832859688247641E+01
  4110   312.36000            1808113  2.3849098406221422E+01
  4120   313.12000            1810021  2.3864482248937268E+01
  4130   313.88000            1811928  2.3879559933154873E+01
  4140   314.64000            1813836  2.3893025907406983E+01
  4150   315.40000            1815744  2.3906400956980516E+01
  4160   316.16000            1817652  2.3922097731840015E+01
  4170   316.92000            1819560  2.3941420966020445E+01
  4180   317.68000            1821468  2.3960040059489764E+01
  4190   318.44000            1823375  2.3978103154208270E+01
  4200   319.20000            1825283  2.3998667336979771E+01
  4210   319.96000            1827191  2.4020755564651562E+01
  4220   320.72000            1829099  2.4038812092166250E+01
  4230   321.48000            1831007  2.4057117047078293E+01
  4240   322.24000            1832914  2.4079640895904145E+01
  4250   323.00000            1834822  2.4101266884992750E+01
  4260   323.76000            1836730  2.4120548365219854E+01
  4270   324.52000            1838638  2.4143242285163993E+01
  4280   325.28000            1840546  2.4169035945725675E+01
  4290   326.04000            1842454  2.4189485664289432E+01
  4300   326.80000            1844361  2.4205546625528239E+01
  4310   327.56000            1846269  2.4225407568761696E+01
  4320   328.32000            1848177  2.4248882590638956E+01
  4330   329.08000            1850085  2.4273856210794168E+01
  4340   329.84000            1851993  2.4297933559910383E+01
  4350   330.60000            1853900  2.4314499130403490E+01
  4360   331.36000            1855808  2.4323652464336668E+01
  4370   332.12000            1857716  2.4333155465063065E+01
  4380   332.88000            1859624  2.4347839068747078E+01
  4390   333.64000            1861532  2.4364284805095274E+01
  4400   334.40000            1863440  2.4379570727404587E+01
  4410   335.16000            1865347  2.4390240151838263E+01
  4420   335.92000            1867255  2.4397399462552091E+01
  4430   336.68000            1869163  2.4410581869265663E+01
  4440   337.44000            1871071  2.4429715979375064E+01
  4450   338.20000            1872979  2.4449210119326423E+01
  4460   338.96000            1874886  2.4470222659044786E+01
  4470   339.72000            1876794  2.4491664984292907E+01
  4480   340.48000            1878702  2.4507891241150869E+01
  4490   341.24000            1880610  2.4523105272534778E+01
  4500   342.00000            1882518  2.4541882475370286E+01
  4510   342.76000            1884426  2.4560374249005996E+01
  4520   343.52000            1886333  2.4576502600795358E+01
  4530   344.28000            1888241  2.4594588013945451E+01
  4540   345.04000            1890149  2.4615354786552679E+01
  4550   345.80000            1892057  2.4636080548953704E+01
  4560   346.56000            1893965  2.4655739657490241E+01
  4570   347.32000            1895872  2.4673400284327244E+01
  4580   348.08000            1897780  2.4691354190730856E+01
  4590   348.84000            1899688  2.4707123850901691E+01
  4600   349.60000            1901596  2.4716850517192768E+01
  4610   350.36000            1903504  2.4727204356035788E+01
  4620   351.12000            1905412  2.4741539135928900E+01
  4630   351.88000            1907319  2.4758919531729834E+01
  4640   352.64000            1909227  2.4776500455150597E+01
  4650   353.40000            1911135  2.4786774197116642E+01
  4660   354.16000            1913043  2.4791231422026978E+01
  4670   354.92000            1914951  2.4800641289458412E+01
  4680   355.68000            1916858  2.4813940058040103E+01
  4690   356.44000            1918766  2.4823774965217265E+01
  4700   357.20000            1920674  2.4831991378817730E+01
  4710   357.96000            1922582  2.4840757008555265E+01
  4720   358.72000            1924490  2.4849872760263054E+01
  4730   359.48000            1926398  2.4857352024769767E+01
  4740   360.24000            1928305  2.4863860526525983E+01
  4750   361.00000            1930213  2.4871864791628912E+01
  4760   361.76000            1932121  2.4880091139918324E+01
  4770   362.52000            1934029  2.4892012302132180E+01
  4780   363.28000            1935937  2.4904980858272562E+01
  4790   364.04000            1937844  2.4916973547413846E+01
  4800   364.80000            1939752  2.4931025077626867E+01
  4810   365.56000            1941660  2.4946712329497263E+01
  4820   366.32000            1943568  2.4963743151946648E+01
  4830   367.08000            1945476  2.4983788821382678E+01
  4840   367.84000            1947384  2.5009126729247264E+01
  4850   368.60000            1949291  2.5034020093365100E+01
  4860   369.36000            1951199  2.5047125461574250E+01
  4870   370.12000            1953107  2.5054652623425060E+01
  4880   370.88000            1955015  2.5068049199509034E+01
  4890   371.64000            1956923  2.5092511080835205E+01
  4900   372.40000            1958830  2.5120012065317265E+01
  4910   373.16000            1960738  2.5142148668806112E+01
  4920   373.92000            1962646  2.5157923297017984E+01
  4930   374.68000            1964554  2.5170189708306317E+01
  4940   375.44000            1966462  2.5182802779738040E+01
  4950   376.20000            1968370  2.5203356323541790E+01
  4960   376.96000            1970277  2.5226637807955829E+01
  4970   377.72000            1972185  2.5245618268918541E+01
  4980   378.48000            1974093  2.5261825013007602E+01
  4990   379.24000            1976001  2.5277939055000054E+01
  5000   380.00000            1977909  2.5289013556805607E+01
  5010   380.76000            1979816  2.5301688820355910E+01
  5020   381.52000            1981724  2.5324736678960498E+01
  5030   382.28000            1983632  2.5348277189049043E+01
  5040   383.04000            1985540  2.5366484781775569E+01
  5050   383.80000            1987448  2.5382058650508124E+01
  5060   384.56000            1989356  2.5394784936856631E+01
  5070   385.32000            1991263  2.5405416775860505E+01
  5080   386.08000            1993171  2.5418477766004557E+01
  5090   386.84000            1995079  2.5435870493025661E+01
  5100   387.60000            1996987  2.5454320865394422E+01
  5110   388.36000            1998895  2.5471956265243957E+01
  5120   389.12000            2000802  2.5486176433360995E+01
  5130   389.88000            2002710  2.5495766582023457E+01
  5140   390.64000            2004618  2.5507581682725778E+01
  5150   391.40000            2006526  2.5527677702118567E+01
  5160   392.16000            2008434  2.5546860858905987E+01
  5170   392.92000            2010342  2.5558053231937478E+01
  5180   393.68000            2012249  2.5569091485916733E+01
  5190   394.44000            2014157  2.5591489544571747E+01
  5200   395.20000            2016065  2.5616546115701119E+01
  5210   395.96000            2017973  2.5631085387088984E+01
  5220   396.72000            2019881  2.5642236786896095E+01
  5230   397.48000            2021788  2.5660501693662294E+01
  5240   398.24000            2023696  2.5679174118699819E+01
  5250   399.00000            2025604  2.5698205714390042E+01
  5260   399.76000            2027512  2.5724765461731721E+01
