! Kinetic energy for species "electrons"
  Iter        Time          Total Par.             Kin. Energy
     0   0.0000000            1024000  1.6614798015822403E+00
    10  0.76000000            1025908  1.6673375954866771E+00
    20   1.5200000            1027815  1.6756514526244781E+00
    30   2.2800000            1029723  1.6797306181129814E+00
    40   3.0400000            1031631  1.6756900338053002E+00
    50   3.8000000            1033539  1.6670967422821854E+00
    60   4.5600000            1035447  1.6629227268482540E+00
    70   5.3200000            1037354  1.6707296804322094E+00
    80   6.0800000            1039262  1.6889073427130641E+00
    90   6.8400000            1041170  1.7067974440924847E+00
   100   7.6000000            1043078  1.7150145545398336E+00
   110   8.3600000            1044986  1.7109693964300889E+00
   120   9.1200000            1046894  1.6979688788504579E+00
   130   9.8800000            1048801  1.6829126782344790E+00
   140   10.640000            1050709  1.6798286698430511E+00
   150   11.400000            1052617  1.6913495118205255E+00
   160   12.160000            1054525  1.7130405996878011E+00
   170   12.920000            1056433  1.7293922405756290E+00
   180   13.680000            1058340  1.7302576758136066E+00
   190   14.440000            1060248  1.7213578725375664E+00
   200   15.200000            1062156  1.7149684226161310E+00
   210   15.960000            1064064  1.7185499121177643E+00
   220   16.720000            1065972  1.7249665061092561E+00
   230   17.480000            1067880  1.7286669585858436E+00
   240   18.240000            1069787  1.7281919670339863E+00
   250   19.000000            1071695  1.7291380030982322E+00
   260   19.760000            1073603  1.7351374307890994E+00
   270   20.520000            1075511  1.7409256216265536E+00
   280   21.280000            1077419  1.7457362149547728E+00
   290   22.040000            1079326  1.7502103059448204E+00
   300   22.800000            1081234  1.7514937595277222E+00
   310   23.560000            1083142  1.7500222191219741E+00
   320   24.320000            1085050  1.7442200953217717E+00
   330   25.080000            1086958  1.7364712327089573E+00
   340   25.840000            1088866  1.7348473716703345E+00
   350   26.600000            1090773  1.7474804010890803E+00
   360   27.360000            1092681  1.7686614099522002E+00
   370   28.120000            1094589  1.7833638608848266E+00
   380   28.880000            1096497  1.7858189144731551E+00
   390   29.640000            1098405  1.7783056458125199E+00
   400   30.400000            1100312  1.7692189057966519E+00
   410   31.160000            1102220  1.7643146808679837E+00
   420   31.920000            1104128  1.7652730862074197E+00
   430   32.680000            1106036  1.7733649452439373E+00
   440   33.440000            1107944  1.7881209561476910E+00
   450   34.200000            1109852  1.8010029541615975E+00
   460   34.960000            1111759  1.8017574752636818E+00
   470   35.720000            1113667  1.7917702118628016E+00
   480   36.480000            1115575  1.7861804162770634E+00
   490   37.240000            1117483  1.7930070436851064E+00
   500   38.000000            1119391  1.8035669484978187E+00
   510   38.760000            1121298  1.8034568585789112E+00
   520   39.520000            1123206  1.7895105595409502E+00
   530   40.280000            1125114  1.7739180476690584E+00
   540   41.040000            1127022  1.7728589377251494E+00
   550   41.800000            1128930  1.7881137276704930E+00
   560   42.560000            1130838  1.8049276129374627E+00
   570   43.320000            1132745  1.8078480987934602E+00
   580   44.080000            1134653  1.7946705811028414E+00
   590   44.840000            1136561  1.7765471428235926E+00
   600   45.600000            1138469  1.7632884893577476E+00
   610   46.360000            1140377  1.7583216970070739E+00
   620   47.120000            1142284  1.7609700348710722E+00
   630   47.880000            1144192  1.7674249399351281E+00
   640   48.640000            1146100  1.7748382873640518E+00
   650   49.400000            1148008  1.7796707567734469E+00
   660   50.160000            1149916  1.7754334769907048E+00
   670   50.920000            1151824  1.7622370718218430E+00
   680   51.680000            1153731  1.7490488701816311E+00
   690   52.440000            1155639  1.7475826213575183E+00
   700   53.200000            1157547  1.7572260287485426E+00
   710   53.960000            1159455  1.7617170232630115E+00
   720   54.720000            1161363  1.7551255809893562E+00
   730   55.480000            1163270  1.7451965072449969E+00
   740   56.240000            1165178  1.7423784554649002E+00
   750   57.000000            1167086  1.7478742064287345E+00
   760   57.760000            1168994  1.7543603625735475E+00
   770   58.520000            1170902  1.7532540710559945E+00
   780   59.280000            1172810  1.7429591133522413E+00
   790   60.040000            1174717  1.7288289325168593E+00
   800   60.800000            1176625  1.7150212233816284E+00
   810   61.560000            1178533  1.7072418920769181E+00
   820   62.320000            1180441  1.7120115333819577E+00
   830   63.080000            1182349  1.7263415699198004E+00
   840   63.840000            1184256  1.7377653010993224E+00
   850   64.600000            1186164  1.7366376589482133E+00
   860   65.360000            1188072  1.7230375842499064E+00
   870   66.120000            1189980  1.7066790092707846E+00
   880   66.880000            1191888  1.6998969314232801E+00
   890   67.640000            1193796  1.7036670282333923E+00
   900   68.400000            1195703  1.7120659411143806E+00
   910   69.160000            1197611  1.7181610282080779E+00
   920   69.920000            1199519  1.7194207455619004E+00
   930   70.680000            1201427  1.7169767543979495E+00
   940   71.440000            1203335  1.7135445803998961E+00
   950   72.200000            1205242  1.7130021010635712E+00
   960   72.960000            1207150  1.7155485923537945E+00
   970   73.720000            1209058  1.7152919369043977E+00
   980   74.480000            1210966  1.7102375198131734E+00
   990   75.240000            1212874  1.7034240772063405E+00
  1000   76.000000            1214782  1.6992314213521413E+00
  1010   76.760000            1216689  1.7013810892177368E+00
  1020   77.520000            1218597  1.7093809280664090E+00
  1030   78.280000            1220505  1.7188758399960493E+00
  1040   79.040000            1222413  1.7250963615998256E+00
  1050   79.800000            1224321  1.7247234994452647E+00
  1060   80.560000            1226228  1.7163567375378135E+00
  1070   81.320000            1228136  1.7046691511128098E+00
  1080   82.080000            1230044  1.6962313778622238E+00
  1090   82.840000            1231952  1.6977601940374463E+00
  1100   83.600000            1233860  1.7103150141925638E+00
  1110   84.360000            1235768  1.7259522724562562E+00
  1120   85.120000            1237675  1.7320161816374593E+00
  1130   85.880000            1239583  1.7281036593535277E+00
  1140   86.640000            1241491  1.7196836033247269E+00
  1150   87.400000            1243399  1.7129593351095422E+00
  1160   88.160000            1245307  1.7149468581753080E+00
  1170   88.920000            1247214  1.7202596521602140E+00
  1180   89.680000            1249122  1.7206358564464945E+00
  1190   90.440000            1251030  1.7165408884313176E+00
  1200   91.200000            1252938  1.7159462730773249E+00
  1210   91.960000            1254846  1.7212570622873329E+00
  1220   92.720000            1256754  1.7267390916210310E+00
  1230   93.480000            1258661  1.7253899566016675E+00
  1240   94.240000            1260569  1.7195629098816643E+00
  1250   95.000000            1262477  1.7150227772492972E+00
  1260   95.760000            1264385  1.7099235254086733E+00
  1270   96.520000            1266293  1.7020622187449619E+00
  1280   97.280000            1268200  1.6924014722604133E+00
  1290   98.040000            1270108  1.6898279590509235E+00
  1300   98.800000            1272016  1.6991943300801100E+00
  1310   99.560000            1273924  1.7117955738873136E+00
  1320   100.32000            1275832  1.7154512819724688E+00
  1330   101.08000            1277740  1.7062301660587731E+00
  1340   101.84000            1279647  1.6906033064909647E+00
  1350   102.60000            1281555  1.6800806336383296E+00
  1360   103.36000            1283463  1.6793090532839532E+00
  1370   104.12000            1285371  1.6876354488728342E+00
  1380   104.88000            1287279  1.6931604297059619E+00
  1390   105.64000            1289186  1.6921834283276529E+00
  1400   106.40000            1291094  1.6910195632483089E+00
  1410   107.16000            1293002  1.6939425971985593E+00
  1420   107.92000            1294910  1.6972670591041914E+00
  1430   108.68000            1296818  1.6932121185867350E+00
  1440   109.44000            1298726  1.6859183934220980E+00
  1450   110.20000            1300633  1.6821768855141013E+00
  1460   110.96000            1302541  1.6839645538167740E+00
  1470   111.72000            1304449  1.6865189738790849E+00
  1480   112.48000            1306357  1.6855017745753087E+00
  1490   113.24000            1308265  1.6837767358864846E+00
  1500   114.00000            1310172  1.6881823048323479E+00
  1510   114.76000            1312080  1.6958257542181230E+00
  1520   115.52000            1313988  1.7011965187626141E+00
  1530   116.28000            1315896  1.6954019915108218E+00
  1540   117.04000            1317804  1.6795511930770826E+00
  1550   117.80000            1319712  1.6675562379423599E+00
  1560   118.56000            1321619  1.6705896374897056E+00
  1570   119.32000            1323527  1.6836090243813451E+00
  1580   120.08000            1325435  1.6909940630812024E+00
  1590   120.84000            1327343  1.6904031766862038E+00
  1600   121.60000            1329251  1.6858943252493432E+00
  1610   122.36000            1331158  1.6832394355512506E+00
  1620   123.12000            1333066  1.6816167667182811E+00
  1630   123.88000            1334974  1.6753741570321456E+00
  1640   124.64000            1336882  1.6659907155325104E+00
  1650   125.40000            1338790  1.6616813570730873E+00
  1660   126.16000            1340698  1.6651691154399137E+00
  1670   126.92000            1342605  1.6690471598419341E+00
  1680   127.68000            1344513  1.6659838196415597E+00
  1690   128.44000            1346421  1.6590871311979873E+00
  1700   129.20000            1348329  1.6562019723840822E+00
  1710   129.96000            1350237  1.6565059147160668E+00
  1720   130.72000            1352144  1.6552569445927885E+00
  1730   131.48000            1354052  1.6487440004408742E+00
  1740   132.24000            1355960  1.6387756364518311E+00
  1750   133.00000            1357868  1.6290811849326483E+00
  1760   133.76000            1359776  1.6263744701679497E+00
  1770   134.52000            1361684  1.6325664650408387E+00
  1780   135.28000            1363591  1.6422912651595871E+00
  1790   136.04000            1365499  1.6452356790542821E+00
  1800   136.80000            1367407  1.6396028330590757E+00
  1810   137.56000            1369315  1.6267000790032387E+00
  1820   138.32000            1371223  1.6128641553728400E+00
  1830   139.08000            1373130  1.6035595916852026E+00
  1840   139.84000            1375038  1.6032000306742065E+00
  1850   140.60000            1376946  1.6083276708891023E+00
  1860   141.36000            1378854  1.6110581086219464E+00
  1870   142.12000            1380762  1.6097262456963657E+00
  1880   142.88000            1382669  1.6054013232427990E+00
  1890   143.64000            1384577  1.6003204565756803E+00
  1900   144.40000            1386485  1.5942629382974556E+00
  1910   145.16000            1388393  1.5903457991956831E+00
  1920   145.92000            1390301  1.5860771601794910E+00
  1930   146.68000            1392209  1.5818490495898596E+00
  1940   147.44000            1394116  1.5776465156830513E+00
  1950   148.20000            1396024  1.5748333557739760E+00
  1960   148.96000            1397932  1.5718829701943617E+00
  1970   149.72000            1399840  1.5697691124252282E+00
  1980   150.48000            1401748  1.5728650146318555E+00
  1990   151.24000            1403655  1.5780397187078581E+00
  2000   152.00000            1405563  1.5775493816893946E+00
  2010   152.76000            1407471  1.5681141394404410E+00
  2020   153.52000            1409379  1.5555733957388647E+00
  2030   154.28000            1411287  1.5496994332075931E+00
  2040   155.04000            1413195  1.5531335187378656E+00
  2050   155.80000            1415102  1.5645301579574835E+00
  2060   156.56000            1417010  1.5732619277946149E+00
  2070   157.32000            1418918  1.5721997084587125E+00
  2080   158.08000            1420826  1.5645888312346077E+00
  2090   158.84000            1422734  1.5574797880270932E+00
  2100   159.60000            1424641  1.5524666119364749E+00
  2110   160.36000            1426549  1.5493332034539056E+00
  2120   161.12000            1428457  1.5511293873730601E+00
  2130   161.88000            1430365  1.5556209030694403E+00
  2140   162.64000            1432273  1.5582224782579184E+00
  2150   163.40000            1434181  1.5598974505957193E+00
  2160   164.16000            1436088  1.5575301300195106E+00
  2170   164.92000            1437996  1.5522030921275933E+00
  2180   165.68000            1439904  1.5493119663187491E+00
  2190   166.44000            1441812  1.5517145358453472E+00
  2200   167.20000            1443720  1.5547017904431295E+00
  2210   167.96000            1445627  1.5494345715938485E+00
  2220   168.72000            1447535  1.5396750561217587E+00
  2230   169.48000            1449443  1.5354099015889597E+00
  2240   170.24000            1451351  1.5404881650367825E+00
  2250   171.00000            1453259  1.5499162899146923E+00
  2260   171.76000            1455167  1.5584810970341527E+00
  2270   172.52000            1457074  1.5588519428821863E+00
  2280   173.28000            1458982  1.5527559310091792E+00
  2290   174.04000            1460890  1.5459932660435247E+00
  2300   174.80000            1462798  1.5414810917422432E+00
  2310   175.56000            1464706  1.5389502375922979E+00
  2320   176.32000            1466613  1.5431474456067984E+00
  2330   177.08000            1468521  1.5551777063205390E+00
  2340   177.84000            1470429  1.5634549322331304E+00
  2350   178.60000            1472337  1.5626813771086181E+00
  2360   179.36000            1474245  1.5563336518121340E+00
  2370   180.12000            1476153  1.5507104382098160E+00
  2380   180.88000            1478060  1.5493483642573946E+00
  2390   181.64000            1479968  1.5506461771500986E+00
  2400   182.40000            1481876  1.5565968310429459E+00
  2410   183.16000            1483784  1.5542221503615938E+00
  2420   183.92000            1485692  1.5474237689415395E+00
  2430   184.68000            1487599  1.5443623249650111E+00
  2440   185.44000            1489507  1.5465032614669509E+00
  2450   186.20000            1491415  1.5542774696780342E+00
  2460   186.96000            1493323  1.5605541768854594E+00
  2470   187.72000            1495231  1.5570359847441830E+00
  2480   188.48000            1497139  1.5484706928444150E+00
  2490   189.24000            1499046  1.5428444244030366E+00
  2500   190.00000            1500954  1.5415973396385190E+00
  2510   190.76000            1502862  1.5419998451541774E+00
  2520   191.52000            1504770  1.5453743202577739E+00
  2530   192.28000            1506678  1.5545976149284482E+00
  2540   193.04000            1508585  1.5606924101554345E+00
  2550   193.80000            1510493  1.5581865473590937E+00
  2560   194.56000            1512401  1.5498548302763280E+00
  2570   195.32000            1514309  1.5384449591522258E+00
  2580   196.08000            1516217  1.5332229272032891E+00
  2590   196.84000            1518125  1.5366009607300686E+00
  2600   197.60000            1520032  1.5408598533843185E+00
  2610   198.36000            1521940  1.5404633911744825E+00
  2620   199.12000            1523848  1.5351993720556505E+00
  2630   199.88000            1525756  1.5343043409257513E+00
  2640   200.64000            1527664  1.5343390679777067E+00
  2650   201.40000            1529571  1.5289227799834042E+00
  2660   202.16000            1531479  1.5260438259613407E+00
  2670   202.92000            1533387  1.5224796368635589E+00
  2680   203.68000            1535295  1.5188864130693776E+00
  2690   204.44000            1537203  1.5144543460421889E+00
  2700   205.20000            1539111  1.5069575848260919E+00
  2710   205.96000            1541018  1.5056848531233535E+00
  2720   206.72000            1542926  1.5086241871012009E+00
  2730   207.48000            1544834  1.5141984637817627E+00
  2740   208.24000            1546742  1.5138718433173908E+00
  2750   209.00000            1548650  1.5085786610538230E+00
  2760   209.76000            1550557  1.5003124786691289E+00
  2770   210.52000            1552465  1.4926443551959476E+00
  2780   211.28000            1554373  1.4905212921810849E+00
  2790   212.04000            1556281  1.4922355985320161E+00
  2800   212.80000            1558189  1.4937720083769166E+00
  2810   213.56000            1560097  1.4956781452878789E+00
  2820   214.32000            1562004  1.4965769822217878E+00
  2830   215.08000            1563912  1.4956062999458180E+00
  2840   215.84000            1565820  1.4930848205034573E+00
  2850   216.60000            1567728  1.4875060319322124E+00
  2860   217.36000            1569636  1.4841915161562611E+00
  2870   218.12000            1571543  1.4825324190151539E+00
  2880   218.88000            1573451  1.4849697555210164E+00
  2890   219.64000            1575359  1.4893605138154409E+00
  2900   220.40000            1577267  1.4936945317196439E+00
  2910   221.16000            1579175  1.4926852017662957E+00
  2920   221.92000            1581083  1.4893164171139213E+00
  2930   222.68000            1582990  1.4929023134414896E+00
  2940   223.44000            1584898  1.5012207535281759E+00
  2950   224.20000            1586806  1.5008939407714301E+00
  2960   224.96000            1588714  1.4947531853327054E+00
  2970   225.72000            1590622  1.4893052901234851E+00
  2980   226.48000            1592529  1.4859094724015822E+00
  2990   227.24000            1594437  1.4856368320850226E+00
  3000   228.00000            1596345  1.4969764937719154E+00
  3010   228.76000            1598253  1.5103393487886871E+00
  3020   229.52000            1600161  1.5085456636806982E+00
  3030   230.28000            1602069  1.5001173518834507E+00
  3040   231.04000            1603976  1.4931010797760982E+00
  3050   231.80000            1605884  1.4934972300641642E+00
  3060   232.56000            1607792  1.4979559721844744E+00
  3070   233.32000            1609700  1.5053323079640606E+00
  3080   234.08000            1611608  1.5119572542204058E+00
  3090   234.84000            1613515  1.5113384486479884E+00
  3100   235.60000            1615423  1.5130375259033371E+00
  3110   236.36000            1617331  1.5163038676804583E+00
  3120   237.12000            1619239  1.5177910767919083E+00
  3130   237.88000            1621147  1.5150226332244985E+00
  3140   238.64000            1623055  1.5148279380603684E+00
  3150   239.40000            1624962  1.5110264388085897E+00
  3160   240.16000            1626870  1.5106887272803458E+00
  3170   240.92000            1628778  1.5110673794516820E+00
  3180   241.68000            1630686  1.5114632020364267E+00
  3190   242.44000            1632594  1.5099651934668912E+00
  3200   243.20000            1634501  1.5115490576802630E+00
  3210   243.96000            1636409  1.5187605866639606E+00
  3220   244.72000            1638317  1.5183508945307622E+00
  3230   245.48000            1640225  1.5072686395431674E+00
  3240   246.24000            1642133  1.5016519683097065E+00
  3250   247.00000            1644041  1.5033144504000879E+00
  3260   247.76000            1645948  1.5050593212929293E+00
  3270   248.52000            1647856  1.5088438627547878E+00
  3280   249.28000            1649764  1.5141511867518722E+00
  3290   250.04000            1651672  1.5151147653759889E+00
  3300   250.80000            1653580  1.5112281519796165E+00
  3310   251.56000            1655487  1.5089337282249788E+00
  3320   252.32000            1657395  1.5088511706309249E+00
  3330   253.08000            1659303  1.5027720542301191E+00
  3340   253.84000            1661211  1.4999811534036289E+00
  3350   254.60000            1663119  1.5030780343168300E+00
  3360   255.36000            1665027  1.5082674770834021E+00
  3370   256.12000            1666934  1.5099388404383420E+00
  3380   256.88000            1668842  1.5073818858334553E+00
  3390   257.64000            1670750  1.5081040412637365E+00
  3400   258.40000            1672658  1.5069168816617295E+00
  3410   259.16000            1674566  1.5071759676040868E+00
  3420   259.92000            1676473  1.5072025491753991E+00
  3430   260.68000            1678381  1.5054126676029249E+00
  3440   261.44000            1680289  1.5018210215300776E+00
  3450   262.20000            1682197  1.4981617508083636E+00
  3460   262.96000            1684105  1.5004573634381391E+00
  3470   263.72000            1686013  1.5097636060252775E+00
  3480   264.48000            1687920  1.5044721018088101E+00
  3490   265.24000            1689828  1.5023965869330669E+00
  3500   266.00000            1691736  1.5021171314414912E+00
  3510   266.76000            1693644  1.4994724607930383E+00
  3520   267.52000            1695552  1.4956914030440598E+00
  3530   268.28000            1697459  1.4896929014526461E+00
  3540   269.04000            1699367  1.4872290196958597E+00
  3550   269.80000            1701275  1.4938404871562905E+00
  3560   270.56000            1703183  1.4951364819980206E+00
  3570   271.32000            1705091  1.4913585008270041E+00
  3580   272.08000            1706998  1.4850872153251942E+00
  3590   272.84000            1708906  1.4861032423477805E+00
  3600   273.60000            1710814  1.4884880139164989E+00
  3610   274.36000            1712722  1.4830950350978900E+00
  3620   275.12000            1714630  1.4735473669444012E+00
  3630   275.88000            1716538  1.4663591541733136E+00
  3640   276.64000            1718445  1.4678622048083803E+00
  3650   277.40000            1720353  1.4713812207372925E+00
  3660   278.16000            1722261  1.4727406206531155E+00
  3670   278.92000            1724169  1.4679768836241149E+00
  3680   279.68000            1726077  1.4628123984071242E+00
  3690   280.44000            1727984  1.4590557152653378E+00
  3700   281.20000            1729892  1.4517449814646937E+00
  3710   281.96000            1731800  1.4488545552952310E+00
  3720   282.72000            1733708  1.4459701100777478E+00
  3730   283.48000            1735616  1.4394531572212610E+00
  3740   284.24000            1737524  1.4369657179868092E+00
  3750   285.00000            1739431  1.4347964590888962E+00
  3760   285.76000            1741339  1.4318835299087938E+00
  3770   286.52000            1743247  1.4257272626199324E+00
  3780   287.28000            1745155  1.4206402361737394E+00
  3790   288.04000            1747063  1.4180431862912393E+00
  3800   288.80000            1748970  1.4193266757006482E+00
  3810   289.56000            1750878  1.4215252939830965E+00
  3820   290.32000            1752786  1.4182818030715014E+00
  3830   291.08000            1754694  1.4080037475397713E+00
  3840   291.84000            1756602  1.4067719254495175E+00
  3850   292.60000            1758510  1.4130836141808440E+00
  3860   293.36000            1760417  1.4161500728646883E+00
  3870   294.12000            1762325  1.4167375671578197E+00
  3880   294.88000            1764233  1.4215107648846157E+00
  3890   295.64000            1766141  1.4193738932967812E+00
  3900   296.40000            1768049  1.4097354201030017E+00
  3910   297.16000            1769956  1.4126886221232577E+00
  3920   297.92000            1771864  1.4136395665552832E+00
  3930   298.68000            1773772  1.4152931400264266E+00
  3940   299.44000            1775680  1.4161271773498370E+00
  3950   300.20000            1777588  1.4185552402937804E+00
  3960   300.96000            1779496  1.4186711244815444E+00
  3970   301.72000            1781403  1.4086885096381521E+00
  3980   302.48000            1783311  1.4051394868012421E+00
  3990   303.24000            1785219  1.4030198343236751E+00
  4000   304.00000            1787127  1.4013687017327312E+00
  4010   304.76000            1789035  1.4052608569869935E+00
  4020   305.52000            1790942  1.4100181866692081E+00
  4030   306.28000            1792850  1.4040923547124802E+00
  4040   307.04000            1794758  1.3983206467255624E+00
  4050   307.80000            1796666  1.4015631477888610E+00
  4060   308.56000            1798574  1.4002406866892239E+00
  4070   309.32000            1800482  1.4021858872932071E+00
  4080   310.08000            1802389  1.4010426265180516E+00
  4090   310.84000            1804297  1.3954226896303041E+00
  4100   311.60000            1806205  1.3894651696926070E+00
  4110   312.36000            1808113  1.3934094624188424E+00
  4120   313.12000            1810021  1.3931845476082383E+00
  4130   313.88000            1811928  1.3866371836378826E+00
  4140   314.64000            1813836  1.3848693330646960E+00
  4150   315.40000            1815744  1.3882060786667152E+00
  4160   316.16000            1817652  1.3883275385771165E+00
  4170   316.92000            1819560  1.3854274967358071E+00
  4180   317.68000            1821468  1.3749639964884866E+00
  4190   318.44000            1823375  1.3771322681287685E+00
  4200   319.20000            1825283  1.3744631419967348E+00
  4210   319.96000            1827191  1.3743274085791271E+00
  4220   320.72000            1829099  1.3780791128000327E+00
  4230   321.48000            1831007  1.3827123215475827E+00
  4240   322.24000            1832914  1.3762733870242749E+00
  4250   323.00000            1834822  1.3682826336877423E+00
  4260   323.76000            1836730  1.3712865541441617E+00
  4270   324.52000            1838638  1.3724722704493342E+00
  4280   325.28000            1840546  1.3739104803986386E+00
  4290   326.04000            1842454  1.3668399208106303E+00
  4300   326.80000            1844361  1.3641213651802486E+00
  4310   327.56000            1846269  1.3608091199083372E+00
  4320   328.32000            1848177  1.3634183410461147E+00
  4330   329.08000            1850085  1.3622927893636796E+00
  4340   329.84000            1851993  1.3521634662488828E+00
  4350   330.60000            1853900  1.3526811079747303E+00
  4360   331.36000            1855808  1.3626860985680349E+00
  4370   332.12000            1857716  1.3712432567297592E+00
  4380   332.88000            1859624  1.3651431624192247E+00
  4390   333.64000            1861532  1.3597098428987218E+00
  4400   334.40000            1863440  1.3626606417470746E+00
  4410   335.16000            1865347  1.3731173088989395E+00
  4420   335.92000            1867255  1.3806793121302920E+00
  4430   336.68000            1869163  1.3786657889040397E+00
  4440   337.44000            1871071  1.3752624750055507E+00
  4450   338.20000            1872979  1.3670528238997377E+00
  4460   338.96000            1874886  1.3656561088002854E+00
  4470   339.72000            1876794  1.3698905164651296E+00
  4480   340.48000            1878702  1.3695392362811378E+00
  4490   341.24000            1880610  1.3650001313504834E+00
  4500   342.00000            1882518  1.3632948346316540E+00
  4510   342.76000            1884426  1.3634570297384421E+00
  4520   343.52000            1886333  1.3628613096976399E+00
  4530   344.28000            1888241  1.3590038853735711E+00
  4540   345.04000            1890149  1.3494462902150484E+00
  4550   345.80000            1892057  1.3496184069855091E+00
  4560   346.56000            1893965  1.3459851673512400E+00
  4570   347.32000            1895872  1.3461061990409284E+00
  4580   348.08000            1897780  1.3420498174260906E+00
  4590   348.84000            1899688  1.3374105421085720E+00
  4600   349.60000            1901596  1.3327881971272431E+00
  4610   350.36000            1903504  1.3362103819133342E+00
  4620   351.12000            1905412  1.3440699488887986E+00
  4630   351.88000            1907319  1.3425282772113889E+00
  4640   352.64000            1909227  1.3291812100225533E+00
  4650   353.40000            1911135  1.3254419941739211E+00
  4660   354.16000            1913043  1.3326657256741576E+00
  4670   354.92000            1914951  1.3406239093249683E+00
  4680   355.68000            1916858  1.3343788936584646E+00
  4690   356.44000            1918766  1.3306393457046544E+00
  4700   357.20000            1920674  1.3328718905278176E+00
  4710   357.96000            1922582  1.3327963375935474E+00
  4720   358.72000            1924490  1.3341729912922178E+00
  4730   359.48000            1926398  1.3287618885523031E+00
  4740   360.24000            1928305  1.3329469438582329E+00
  4750   361.00000            1930213  1.3438258586306564E+00
  4760   361.76000            1932121  1.3498936834382049E+00
  4770   362.52000            1934029  1.3472621960479767E+00
  4780   363.28000            1935937  1.3459800738343886E+00
  4790   364.04000            1937844  1.3450235444218386E+00
  4800   364.80000            1939752  1.3421671233396966E+00
  4810   365.56000            1941660  1.3463195082568624E+00
  4820   366.32000            1943568  1.3486551232979469E+00
  4830   367.08000            1945476  1.3442977046838502E+00
  4840   367.84000            1947384  1.3378881473957458E+00
  4850   368.60000            1949291  1.3286618870717117E+00
  4860   369.36000            1951199  1.3277802749247671E+00
  4870   370.12000            1953107  1.3360575546519133E+00
  4880   370.88000            1955015  1.3371878112991915E+00
  4890   371.64000            1956923  1.3376705900031398E+00
  4900   372.40000            1958830  1.3265128538605249E+00
  4910   373.16000            1960738  1.3255404426490538E+00
  4920   373.92000            1962646  1.3285285560347966E+00
  4930   374.68000            1964554  1.3317901362746905E+00
  4940   375.44000            1966462  1.3296680695278504E+00
  4950   376.20000            1968370  1.3255098213154191E+00
  4960   376.96000            1970277  1.3206878756641394E+00
  4970   377.72000            1972185  1.3275557535177562E+00
  4980   378.48000            1974093  1.3339760023288756E+00
  4990   379.24000            1976001  1.3276491341182188E+00
  5000   380.00000            1977909  1.3195231361079893E+00
  5010   380.76000            1979816  1.3222276577660859E+00
  5020   381.52000            1981724  1.3277237136779185E+00
  5030   382.28000            1983632  1.3290473520803023E+00
  5040   383.04000            1985540  1.3272212714854259E+00
  5050   383.80000            1987448  1.3169318707486797E+00
  5060   384.56000            1989356  1.3151772707572611E+00
  5070   385.32000            1991263  1.3228490602118042E+00
  5080   386.08000            1993171  1.3305654346074052E+00
  5090   386.84000            1995079  1.3314060539011798E+00
  5100   387.60000            1996987  1.3243916295175331E+00
  5110   388.36000            1998895  1.3198566237371705E+00
  5120   389.12000            2000802  1.3243102741202954E+00
  5130   389.88000            2002710  1.3295045804929873E+00
  5140   390.64000            2004618  1.3335075061231390E+00
  5150   391.40000            2006526  1.3354075619394865E+00
  5160   392.16000            2008434  1.3351312375089426E+00
  5170   392.92000            2010342  1.3354073771963992E+00
  5180   393.68000            2012249  1.3411387566657971E+00
  5190   394.44000            2014157  1.3482028815654059E+00
  5200   395.20000            2016065  1.3389913891103742E+00
  5210   395.96000            2017973  1.3365213363126716E+00
  5220   396.72000            2019881  1.3469863588370092E+00
  5230   397.48000            2021788  1.3590102785193050E+00
  5240   398.24000            2023696  1.3633244531716515E+00
  5250   399.00000            2025604  1.3546948353321573E+00
  5260   399.76000            2027512  1.3358243738314191E+00
