! EM field energy per field component
  Iter        Time                          B1                      B2                      B3                      E1                      E2                      E3
     0   0.0000000      0.0000000000000000E+00  0.0000000000000000E+00  0.0000000000000000E+00  0.0000000000000000E+00  0.0000000000000000E+00  0.0000000000000000E+00
    10  0.76000000      0.0000000000000000E+00  6.5269424948694295E-07  7.4804727263693419E-07  1.1790054465535077E-02  5.6113761748547915E-07  6.6180973163844473E-07
    20   1.5200000      0.0000000000000000E+00  9.3798059569835852E-07  8.9095263935807657E-07  2.4811786721046555E-02  1.7631823815535359E-06  5.7708187806254879E-07
    30   2.2800000      0.0000000000000000E+00  8.8051326272948469E-07  8.5936766360569684E-07  1.4398033669468834E-02  2.3770079649987772E-05  3.8792555930233008E-07
    40   3.0400000      0.0000000000000000E+00  6.0356872809472591E-07  1.9296264373775101E-06  3.3077209088392138E-04  1.3138736449374414E-04  5.1001575001140228E-07
    50   3.8000000      0.0000000000000000E+00  5.3839325483527061E-07  5.2748549134273725E-06  9.1996929847474387E-03  3.3915565979505095E-04  4.6184523833637347E-07
    60   4.5600000      0.0000000000000000E+00  5.4487225220397400E-07  1.0427217897121518E-05  2.4024807384951666E-02  4.5295993257328353E-04  5.9003792647206692E-07
    70   5.3200000      0.0000000000000000E+00  6.2400597208937006E-07  1.5103621450109059E-05  1.6677003090627907E-02  2.7466439937740445E-04  4.8218001695566254E-07
    80   6.0800000      0.0000000000000000E+00  8.3576417345372893E-07  1.6307184086777185E-05  1.1470288745717987E-03  3.2321389964915866E-05  3.5859741490015884E-07
    90   6.8400000      0.0000000000000000E+00  6.5445418214403834E-07  1.6684467965029975E-05  6.7271338899518966E-03  1.1390387476006603E-04  5.6355673123039926E-07
   100   7.6000000      0.0000000000000000E+00  6.5535745856865425E-07  1.8618803607732228E-05  2.2615286039671525E-02  3.1903289513384543E-04  5.1358913354388262E-07
   110   8.3600000      0.0000000000000000E+00  6.3547730309701876E-07  1.6768838001637316E-05  1.8657679576863033E-02  1.7410233368869558E-04  4.5715573080475533E-07
   120   9.1200000      0.0000000000000000E+00  7.3736987136495727E-07  9.9270233919999375E-06  2.4316785097931665E-03  3.4901123057176221E-05  4.1932267132708826E-07
   130   9.8800000      0.0000000000000000E+00  6.9530206420892863E-07  1.3906424668738548E-05  4.5536137993450205E-03  6.4532670074310774E-04  5.0776069444685654E-07
   140   10.640000      0.0000000000000000E+00  6.7567259890975432E-07  4.2338449360043790E-05  2.0666191283795193E-02  1.4783440750688482E-03  5.7447849478321260E-07
   150   11.400000      0.0000000000000000E+00  6.3203604141193608E-07  7.5664559617354951E-05  2.0085005758621179E-02  1.2294727961337918E-03  4.0825233886922291E-07
   160   12.160000      0.0000000000000000E+00  6.3152971552206464E-07  7.9950901487271610E-05  3.9904259932988292E-03  2.4584791138122607E-04  4.6620505801710896E-07
   170   12.920000      0.0000000000000000E+00  7.5429112846163076E-07  5.4595667976860119E-05  2.7401805724688285E-03  2.4625639899249739E-04  4.5238379673369325E-07
   180   13.680000      0.0000000000000000E+00  7.8955990104972596E-07  3.7292099551238172E-05  1.8281721355184868E-02  1.1634254971962087E-03  4.5798743679561747E-07
   190   14.440000      0.0000000000000000E+00  7.5796994811397360E-07  4.5457065698716875E-05  2.0948632686942182E-02  1.0935106223199697E-03  4.8801496368333249E-07
   200   15.200000      0.0000000000000000E+00  6.8227614138790792E-07  5.1934007050048934E-05  5.7803551565125399E-03  1.2159657422076383E-04  4.1838939963213526E-07
   210   15.960000      0.0000000000000000E+00  6.6873021907368274E-07  4.2650318960182193E-05  1.3986936678406180E-03  6.5484174347194566E-04  4.5377894793750530E-07
   220   16.720000      0.0000000000000000E+00  7.6255199844873482E-07  5.3070914270819254E-05  1.5607279829896018E-02  2.7017756950217862E-03  4.3622012777924232E-07
   230   17.480000      0.0000000000000000E+00  6.7713189613763833E-07  1.0402478004382943E-04  2.1162416351657366E-02  3.0366262329995326E-03  5.0514556195866685E-07
   240   18.240000      0.0000000000000000E+00  6.7959851316847732E-07  1.4856541559171932E-04  7.6196741598563138E-03  9.6892798634579526E-04  4.1233102258404440E-07
   250   19.000000      0.0000000000000000E+00  7.1749865505337780E-07  1.3088740979787380E-04  5.7858315842434940E-04  1.4610585454217142E-04  3.9572745194213514E-07
   260   19.760000      0.0000000000000000E+00  7.6346941924832815E-07  7.3898664379721515E-05  1.2851068910104617E-02  1.9927508406920591E-03  5.0700051967404463E-07
   270   20.520000      0.0000000000000000E+00  8.5793665148170567E-07  4.3758566850479814E-05  2.0759366799061697E-02  2.8083788846807447E-03  4.3008059165176244E-07
   280   21.280000      0.0000000000000000E+00  6.7959269224565987E-07  5.3899317671524774E-05  9.3772901575077203E-03  8.7767350001630108E-04  4.1823323813978897E-07
   290   22.040000      0.0000000000000000E+00  6.8144124018777857E-07  6.7473394321291083E-05  2.3775142897393940E-04  3.8088798657051376E-04  3.9892951562449254E-07
   300   22.800000      0.0000000000000000E+00  6.4292941345840628E-07  8.2913547551594869E-05  1.0079068686173014E-02  3.5496082466340640E-03  4.5300086924979247E-07
   310   23.560000      0.0000000000000000E+00  6.7927602900341997E-07  1.2868257387683638E-04  1.9719528662631710E-02  5.4728193372657868E-03  5.1579508510907800E-07
   320   24.320000      0.0000000000000000E+00  8.3409705644852607E-07  1.8475499793266253E-04  1.0905288307347858E-02  2.6683302021669663E-03  3.2781584501332483E-07
   330   25.080000      0.0000000000000000E+00  7.9149624807637517E-07  1.8709410240793162E-04  3.9591778008845642E-04  1.0160319963698331E-04  4.0041222150264278E-07
   340   25.840000      0.0000000000000000E+00  6.8506401381671575E-07  1.2967385492602794E-04  7.5768729691754536E-03  2.3829193349814213E-03  5.0124441811131468E-07
   350   26.600000      0.0000000000000000E+00  6.7706049382174668E-07  7.7211217404267809E-05  1.8211943263088531E-02  4.9303438215956563E-03  3.9974251827125429E-07
   360   27.360000      0.0000000000000000E+00  7.6124185252852940E-07  6.8392493995002055E-05  1.2097272190518257E-02  2.6030280077378853E-03  3.7634287467632742E-07
   370   28.120000      0.0000000000000000E+00  6.4823144227119424E-07  8.1750825933863899E-05  8.9863226697765397E-04  1.5849950243261964E-04  4.3849725412070088E-07
   380   28.880000      0.0000000000000000E+00  6.7875957685637876E-07  1.1249841987177506E-04  5.2932905021155262E-03  3.6294026442781017E-03  4.4397103826114331E-07
   390   29.640000      0.0000000000000000E+00  7.3469743877691721E-07  1.8174145793080441E-04  1.6224493345713450E-02  7.9733686168145888E-03  4.0874690663008928E-07
   400   30.400000      0.0000000000000000E+00  7.5630288544620917E-07  2.5872861505885298E-04  1.2842926854247710E-02  5.4959547496676196E-03  4.0350242325975486E-07
   410   31.160000      0.0000000000000000E+00  7.5516853183950968E-07  2.6741622350122119E-04  1.7035573759832385E-03  5.6893336425304752E-04  4.1053251945148681E-07
   420   31.920000      0.0000000000000000E+00  7.1406136355257380E-07  2.0094530656376806E-04  3.5090344469569002E-03  2.1305502560011896E-03  4.4816357133681830E-07
   430   32.680000      0.0000000000000000E+00  6.4165534615030255E-07  1.4200745418856221E-04  1.4087264600869037E-02  6.8714387604570087E-03  4.0757581812318800E-07
   440   33.440000      0.0000000000000000E+00  6.3564398538679134E-07  1.3433623112899106E-04  1.3164779531091417E-02  5.3662281712312564E-03  3.6024667436995283E-07
   450   34.200000      0.0000000000000000E+00  6.5894682690501837E-07  1.3837602501176128E-04  2.6454692047327712E-03  5.7386480714564437E-04  4.6262444732666020E-07
   460   34.960000      0.0000000000000000E+00  8.4387440526701072E-07  1.4909286635842082E-04  2.0817062342239727E-03  2.8959871034080409E-03  3.6833522516840504E-07
   470   35.720000      0.0000000000000000E+00  8.5036320773810746E-07  2.2344598099353287E-04  1.1712838046343738E-02  9.7701631039795820E-03  3.6150149948648351E-07
   480   36.480000      0.0000000000000000E+00  6.4402880099359629E-07  3.4885292857354377E-04  1.2954079261553559E-02  9.1276633846165620E-03  4.8539137130942217E-07
   490   37.240000      0.0000000000000000E+00  6.1329995792546351E-07  3.9835536282378157E-04  3.6282642083936296E-03  2.0011079334838599E-03  3.4269659570366219E-07
   500   38.000000      0.0000000000000000E+00  6.7894108615567580E-07  3.0813349032975221E-04  1.1766465040120837E-03  1.3860683300763476E-03  3.8252122629015999E-07
   510   38.760000      0.0000000000000000E+00  8.4429505613999450E-07  1.9195833453342824E-04  9.4780514655548390E-03  7.9979760868521335E-03  3.9887756886238600E-07
   520   39.520000      0.0000000000000000E+00  8.0350987934792488E-07  1.7322153561381988E-04  1.2385122234698384E-02  8.7672000820686602E-03  4.1529165821704593E-07
   530   40.280000      0.0000000000000000E+00  7.3378308428702528E-07  2.1139984540906103E-04  4.5313822340738354E-03  2.0851762916069098E-03  4.2296213142709802E-07
   540   41.040000      0.0000000000000000E+00  7.3257098518296322E-07  2.2337246696861677E-04  6.2115062286926658E-04  1.7039921174933572E-03  3.4960037325444286E-07
   550   41.800000      0.0000000000000000E+00  6.8808606573296766E-07  2.5361827298821455E-04  7.2716607844656566E-03  1.0325984640757398E-02  4.5853668551057518E-07
   560   42.560000      0.0000000000000000E+00  7.4942925256274666E-07  3.6430451507444466E-04  1.1361604939083636E-02  1.3006170363232704E-02  4.1899713723594190E-07
   570   43.320000      0.0000000000000000E+00  8.3402317987463192E-07  4.6561330378603390E-04  5.2596884541940446E-03  4.7394043623167938E-03  3.2601225083480995E-07
   580   44.080000      0.0000000000000000E+00  7.4697745565564338E-07  4.2423881195275250E-04  4.7713290648587260E-04  5.9801986121697131E-04  4.1643095660333946E-07
   590   44.840000      0.0000000000000000E+00  7.1994979423372083E-07  2.8002817457507243E-04  5.3913599322064987E-03  7.8053379517170497E-03  4.0936579144925754E-07
   600   45.600000      0.0000000000000000E+00  7.1530103330094582E-07  1.9650053088816511E-04  1.0113847623489226E-02  1.2048047759999143E-02  3.9887300512067389E-07
   610   46.360000      0.0000000000000000E+00  7.8636111418215896E-07  2.2078661281911606E-04  5.7458400672709929E-03  4.9242467887041031E-03  3.5892353408826385E-07
   620   47.120000      0.0000000000000000E+00  8.5314615501215774E-07  2.6503881875484820E-04  5.5239425595762857E-04  7.4543576538142796E-04  3.8895417357900440E-07
   630   47.880000      0.0000000000000000E+00  7.4761883792869548E-07  3.0457024292908548E-04  3.7191983799866679E-03  9.3963968275217555E-03  4.3758325033183978E-07
   640   48.640000      0.0000000000000000E+00  7.1429737762687574E-07  3.9688537529293413E-04  8.6053861596585915E-03  1.6240162554233682E-02  3.5852551984454295E-07
   650   49.400000      0.0000000000000000E+00  6.8174513848021571E-07  5.0580498792917271E-04  5.9559099029895344E-03  8.7455557624458100E-03  4.1139307218899545E-07
   660   50.160000      0.0000000000000000E+00  7.2652747467430988E-07  5.0333060066630724E-04  8.7284001441827370E-04  5.5884629349515190E-04  3.7681646708179273E-07
   670   50.920000      0.0000000000000000E+00  7.8127383846204727E-07  3.7978736231696839E-04  2.4693553692668457E-03  6.3939715076557751E-03  4.0725711087487773E-07
   680   51.680000      0.0000000000000000E+00  8.3001083721742142E-07  2.7515515837295447E-04  7.0708539003093126E-03  1.4372893111116249E-02  3.8004457621461447E-07
   690   52.440000      0.0000000000000000E+00  8.3533133548265994E-07  2.7140868353902898E-04  5.8635582402801712E-03  8.7922465235957641E-03  3.7489496596943646E-07
   700   53.200000      0.0000000000000000E+00  7.0913132845135034E-07  3.1258512071783567E-04  1.2166448805967264E-03  7.0011928516517438E-04  4.2816804261578903E-07
   710   53.960000      0.0000000000000000E+00  6.1741262770114568E-07  3.6270243495967967E-04  1.4902181487388849E-03  7.2175663090879279E-03  3.4621394544252770E-07
   720   54.720000      0.0000000000000000E+00  6.7720302606018732E-07  4.6562168219618099E-04  5.5149129350874643E-03  1.7987026766626238E-02  4.0183082481393378E-07
   730   55.480000      0.0000000000000000E+00  7.9174301811492708E-07  5.9549645204284016E-04  5.5176788360782169E-03  1.3463094774758698E-02  4.1529046975765701E-07
   740   56.240000      0.0000000000000000E+00  9.0084384137057567E-07  6.1667231140292609E-04  1.6299869328767491E-03  1.8546006211984075E-03  3.6027775046991613E-07
   750   57.000000      0.0000000000000000E+00  7.1587282208839687E-07  4.9614194074193538E-04  9.3604035902766390E-04  4.2503377076218325E-03  3.9693228256676919E-07
   760   57.760000      0.0000000000000000E+00  7.1855541492179444E-07  3.8140578779774281E-04  4.1620674660605463E-03  1.5083989533165486E-02  3.7744158048426233E-07
   770   58.520000      0.0000000000000000E+00  7.1619972796711637E-07  3.7846164614091429E-04  4.9625603332526004E-03  1.3008039203900760E-02  4.2567925635401428E-07
   780   59.280000      0.0000000000000000E+00  7.1433775207796941E-07  4.1617104190572380E-04  1.9107296583423905E-03  2.0897455080789028E-03  3.8752641572286368E-07
   790   60.040000      0.0000000000000000E+00  8.1903424183812822E-07  4.3298005217023739E-04  5.7882705699064535E-04  4.5165010275356986E-03  3.0960117299490794E-07
   800   60.800000      0.0000000000000000E+00  7.6509057205702447E-07  5.0803267295752700E-04  2.9605163144826633E-03  1.7726215036019503E-02  4.2253650271751477E-07
   810   61.560000      0.0000000000000000E+00  7.6957916265328286E-07  6.7217080950394362E-04  4.2927023182776775E-03  1.7899405013603400E-02  4.2793768159313774E-07
   820   62.320000      0.0000000000000000E+00  7.2566188175855061E-07  7.6194986846497793E-04  2.1588487810534863E-03  4.6209388213375429E-03  3.0858806175266458E-07
   830   63.080000      0.0000000000000000E+00  7.6401840425217342E-07  6.5154127958845336E-04  5.3098229963288235E-04  2.1369286124636950E-03  3.7027660345195541E-07
   840   63.840000      0.0000000000000000E+00  7.8051647807227567E-07  4.7784933658051441E-04  2.0820212000449371E-03  1.3946392804499472E-02  4.5291438143937728E-07
   850   64.600000      0.0000000000000000E+00  7.9268614610891825E-07  4.3726123196540238E-04  3.5847835637464417E-03  1.6635248318805747E-02  3.7356507569362793E-07
   860   65.360000      0.0000000000000000E+00  7.8642988315528251E-07  4.9898471968290404E-04  2.2371225133693620E-03  4.9306914688013355E-03  3.2386167675236620E-07
   870   66.120000      0.0000000000000000E+00  7.2793147513153615E-07  5.3190791673866575E-04  5.7107938881202722E-04  2.1589212439920694E-03  3.9745284090403798E-07
   880   66.880000      0.0000000000000000E+00  6.7252792208868369E-07  5.6241702561090105E-04  1.4159599274738701E-03  1.5491396397984480E-02  4.1351084115990599E-07
   890   67.640000      0.0000000000000000E+00  8.3552966543396634E-07  6.8247568976307531E-04  2.8888726661647239E-03  2.1134020797281591E-02  3.2634158545249556E-07
   900   68.400000      0.0000000000000000E+00  8.5105926750378294E-07  8.0850166495204166E-04  2.2308067685013477E-03  8.6531354964874685E-03  3.5892669687339153E-07
   910   69.160000      0.0000000000000000E+00  8.6534456700984188E-07  7.7451351167329662E-04  7.4624564289030369E-04  8.8137736452648932E-04  3.9315015341254154E-07
   920   69.920000      0.0000000000000000E+00  7.6020293623977788E-07  6.1028696011184672E-04  1.0344954723332984E-03  1.1164416095887999E-02  4.1362534856271034E-07
   930   70.680000      0.0000000000000000E+00  7.5372262231379583E-07  5.0784322299949225E-04  2.2955352318977363E-03  1.8720392360145659E-02  3.1024571280898341E-07
   940   71.440000      0.0000000000000000E+00  7.3407069503963361E-07  5.3058579671870552E-04  2.1313827172909933E-03  8.7565699056656159E-03  3.6957404976577651E-07
   950   72.200000      0.0000000000000000E+00  8.2072181356077358E-07  5.8203101040236321E-04  9.2147295453979660E-04  9.7241260265995078E-04  4.1991460068594138E-07
   960   72.960000      0.0000000000000000E+00  9.5913998777661037E-07  6.2848183665116931E-04  8.3090876602128405E-04  1.1841904461624350E-02  3.3607081235739083E-07
   970   73.720000      0.0000000000000000E+00  8.9700163379565526E-07  7.3171035162038732E-04  1.8281779866327831E-03  2.2368914008389071E-02  3.7252506065214479E-07
   980   74.480000      0.0000000000000000E+00  8.4132137805346275E-07  8.5447862325950714E-04  1.9896367172404193E-03  1.3207940601392463E-02  3.5908178630778846E-07
   990   75.240000      0.0000000000000000E+00  7.2365638534611293E-07  8.6226176668374765E-04  1.0910195161029808E-03  1.1285329609646618E-03  4.0303669051791692E-07
  1000   76.000000      0.0000000000000000E+00  7.6797131318384671E-07  7.3891963881361181E-04  8.1199705888318333E-04  7.5727476275970710E-03  3.7470434369917029E-07
  1010   76.760000      0.0000000000000000E+00  9.3894320543689615E-07  6.2761558861855590E-04  1.5488668754772589E-03  1.8767558727546447E-02  3.0207569345572327E-07
  1020   77.520000      0.0000000000000000E+00  9.3133836190649679E-07  6.1519797837679109E-04  1.8589218717384188E-03  1.2699352109345526E-02  4.3771730011643826E-07
  1030   78.280000      0.0000000000000000E+00  8.5711901681349782E-07  6.5051771281547427E-04  1.2306086972846395E-03  1.3374586786538628E-03  3.7642097569429758E-07
  1040   79.040000      0.0000000000000000E+00  8.0663540675031569E-07  6.9842844082085385E-04  9.0944810307626084E-04  7.6589385502018794E-03  3.1083843763834027E-07
  1050   79.800000      0.0000000000000000E+00  7.9791205375816427E-07  8.0469163477991782E-04  1.4705039082513140E-03  2.1263795072088136E-02  3.8702801664720527E-07
  1060   80.560000      0.0000000000000000E+00  8.7618612344576425E-07  9.4502367374795935E-04  1.8027298966212264E-03  1.7254526837429257E-02  3.7740645038513500E-07
  1070   81.320000      0.0000000000000000E+00  8.7994150465612531E-07  9.8560298977577883E-04  1.3220452121626136E-03  2.9782696647196885E-03  3.9554487207423847E-07
  1080   82.080000      0.0000000000000000E+00  8.4218582119088362E-07  8.7489751330145009E-04  1.0561483482907385E-03  4.1399920911255545E-03  3.1008396362971363E-07
  1090   82.840000      0.0000000000000000E+00  8.5894668685724551E-07  7.4695612373686386E-04  1.5694237957954843E-03  1.6759843115896234E-02  3.7234838687214217E-07
  1100   83.600000      0.0000000000000000E+00  8.2990965497288051E-07  7.2790614288054719E-04  1.8657911630247542E-03  1.5770894893717649E-02  4.0991277150986676E-07
  1110   84.360000      0.0000000000000000E+00  8.9046819425840669E-07  7.6895436230553981E-04  1.4038773157711544E-03  3.1713521265147046E-03  3.1256091133237029E-07
  1120   85.120000      0.0000000000000000E+00  8.8460306001118438E-07  7.9010449575577576E-04  1.2163903669946332E-03  3.9980539843362172E-03  3.9822252709811345E-07
  1130   85.880000      0.0000000000000000E+00  9.1003846931549623E-07  8.4664355959502939E-04  1.8264851773559907E-03  1.8121205328903010E-02  3.1452089969309082E-07
  1140   86.640000      0.0000000000000000E+00  8.4613049011464686E-07  9.9114951849945646E-04  2.1017606802206617E-03  1.9793931801712458E-02  4.0055631605672851E-07
  1150   87.400000      0.0000000000000000E+00  8.1795873276192652E-07  1.1014587099231082E-03  1.5182947435278728E-03  5.9198095875178476E-03  3.7021813170130907E-07
  1160   88.160000      0.0000000000000000E+00  9.5571083147553364E-07  1.0329627066663833E-03  1.3402902046384469E-03  1.6653167073381572E-03  3.3354151750628790E-07
  1170   88.920000      0.0000000000000000E+00  9.2743722616512700E-07  8.6640341708248267E-04  2.1558464237847841E-03  1.3209684133623466E-02  3.8207457035948966E-07
  1180   89.680000      0.0000000000000000E+00  9.4056911400701335E-07  7.9582437313051465E-04  2.5288324451683535E-03  1.7206174498362155E-02  3.4219637390919585E-07
  1190   90.440000      0.0000000000000000E+00  9.6444789654822717E-07  8.4159081298386938E-04  1.7314495567827448E-03  5.8856028255438661E-03  3.9438734399611432E-07
  1200   91.200000      0.0000000000000000E+00  9.0158710935777519E-07  8.8300696371578977E-04  1.4157674159227989E-03  1.5964836166545721E-03  3.7247415684022263E-07
  1210   91.960000      0.0000000000000000E+00  9.4920311142133209E-07  9.0798050758618713E-04  2.5136051519367422E-03  1.3694676761449724E-02  2.9420095708161274E-07
  1220   92.720000      0.0000000000000000E+00  8.4682986510450873E-07  1.0036698405549590E-03  3.1360655052036779E-03  2.0275345090284173E-02  3.9160874630685172E-07
  1230   93.480000      0.0000000000000000E+00  9.5362963677514886E-07  1.1325501275734483E-03  2.0781774073152411E-03  9.2330700253122778E-03  3.7256892942975523E-07
  1240   94.240000      0.0000000000000000E+00  9.3914656126509829E-07  1.1404460210992819E-03  1.4525237026831576E-03  6.9777535978261395E-04  3.8053335833247069E-07
  1250   95.000000      0.0000000000000000E+00  9.7059522697541171E-07  1.0091811388328333E-03  2.8249654696769757E-03  8.9707554991013648E-03  2.8693244705174426E-07
  1260   95.760000      0.0000000000000000E+00  9.2477064477257965E-07  8.9757492913084891E-04  3.8890036553114321E-03  1.6592483802387883E-02  3.6336892468984064E-07
  1270   96.520000      0.0000000000000000E+00  8.5780695310281264E-07  8.9498608918471968E-04  2.6179019501294514E-03  8.5764047490905389E-03  4.6758214260305696E-07
  1280   97.280000      0.0000000000000000E+00  9.1335350736804473E-07  9.3674982489810833E-04  1.4899173777507507E-03  7.7186964965787622E-04  2.7527656727695331E-07
  1290   98.040000      0.0000000000000000E+00  8.8724323907617515E-07  9.7979506754508855E-04  3.0665293938780245E-03  9.0118783898872502E-03  3.2028302348658217E-07
  1300   98.800000      0.0000000000000000E+00  9.4366486751458723E-07  1.0756248874713406E-03  4.7374010690078190E-03  1.8628703971139599E-02  4.0380387408898094E-07
  1310   99.560000      0.0000000000000000E+00  9.7090296193496506E-07  1.2059959123520343E-03  3.3444220696812188E-03  1.1969333193571484E-02  4.1534944292461625E-07
  1320   100.32000      0.0000000000000000E+00  9.8493118076438150E-07  1.2430513583267357E-03  1.5477801310417132E-03  1.2424292516250959E-03  3.1211010791798013E-07
  1330   101.08000      0.0000000000000000E+00  9.2733383645501861E-07  1.1466638568303582E-03  3.1777804962449903E-03  5.0761255008582619E-03  2.8753817336237471E-07
  1340   101.84000      0.0000000000000000E+00  8.8023250310930655E-07  1.0404214106907908E-03  5.6293811161263353E-03  1.4203400452975721E-02  4.3148675278387164E-07
  1350   102.60000      0.0000000000000000E+00  9.4957397940984074E-07  1.0173281241576827E-03  4.3245164762954593E-03  1.0426774892102942E-02  3.9941540217147897E-07
  1360   103.36000      0.0000000000000000E+00  9.4217616291045209E-07  1.0399796092944843E-03  1.7151198826295005E-03  1.3049453041907755E-03  2.8075254818912054E-07
  1370   104.12000      0.0000000000000000E+00  8.7485904322830593E-07  1.0782056859309171E-03  3.1587848473822347E-03  4.9745840998628036E-03  3.4591051665428623E-07
  1380   104.88000      0.0000000000000000E+00  9.5199007371276853E-07  1.1828537251326915E-03  6.4690046044290012E-03  1.5268938783515536E-02  3.6764082723644497E-07
  1390   105.64000      0.0000000000000000E+00  9.2458259881648681E-07  1.3316800249972799E-03  5.4982628428923690E-03  1.3328786446321760E-02  4.0700920318755523E-07
  1400   106.40000      0.0000000000000000E+00  9.5620916578669471E-07  1.3851691853403942E-03  2.0288139523515049E-03  2.7976966410609787E-03  3.1608978722682488E-07
  1410   107.16000      0.0000000000000000E+00  9.7918504010656080E-07  1.2914641289562027E-03  3.0080056427922398E-03  2.2789646345402056E-03  2.7245951935543042E-07
  1420   107.92000      0.0000000000000000E+00  8.1697081598310390E-07  1.1836531068745713E-03  7.2037732219434342E-03  1.0703051655723064E-02  4.4602302520278364E-07
  1430   108.68000      0.0000000000000000E+00  8.7593996672526654E-07  1.1708542771396346E-03  6.8751153780177840E-03  1.0872277598416236E-02  3.2176315015953848E-07
  1440   109.44000      0.0000000000000000E+00  9.2415653151456399E-07  1.2052950206611925E-03  2.5659547414025345E-03  2.5802011043097256E-03  3.0537693064449226E-07
  1450   110.20000      0.0000000000000000E+00  9.1088861344178859E-07  1.2241333303736940E-03  2.7598253964430820E-03  2.2196706376967617E-03  3.7638715454697830E-07
  1460   110.96000      0.0000000000000000E+00  9.5496599977671860E-07  1.2820198776793948E-03  7.7474330229681410E-03  1.1094802695517120E-02  2.9180052865364803E-07
  1470   111.72000      0.0000000000000000E+00  8.5580725126271634E-07  1.4115162843224604E-03  8.3847766634123008E-03  1.2991275745199340E-02  4.0365126882491277E-07
  1480   112.48000      0.0000000000000000E+00  8.5038344155130083E-07  1.5038393815657255E-03  3.3778419305955905E-03  4.5388623833764654E-03  3.4546317998517493E-07
  1490   113.24000      0.0000000000000000E+00  9.0849545083619175E-07  1.4587481937406908E-03  2.4516210956202888E-03  7.9663560414320407E-04  2.6676204736253556E-07
  1500   114.00000      0.0000000000000000E+00  9.4056614190456135E-07  1.3494522891616479E-03  8.0371063283338103E-03  6.9214004951729689E-03  3.7405689977499309E-07
  1510   114.76000      0.0000000000000000E+00  9.3638764817638045E-07  1.3002256954450734E-03  9.9470588147854942E-03  9.8421533992206316E-03  3.8391974100117634E-07
  1520   115.52000      0.0000000000000000E+00  7.8920384381513534E-07  1.3234734896984957E-03  4.4949420995242465E-03  3.8668886866983334E-03  3.5740957426127447E-07
  1530   116.28000      0.0000000000000000E+00  9.0840277270458800E-07  1.3609842238498698E-03  2.1826603290710754E-03  8.5770084535765842E-04  2.7251076960082845E-07
  1540   117.04000      0.0000000000000000E+00  9.5305769866098216E-07  1.4111751846582526E-03  8.0447160326766014E-03  7.0003843912937701E-03  3.3417343563054795E-07
  1550   117.80000      0.0000000000000000E+00  8.8830775968872727E-07  1.4936399350411929E-03  1.1444349906588731E-02  1.1140065227156460E-02  4.3121498461896015E-07
  1560   118.56000      0.0000000000000000E+00  9.1729820407653508E-07  1.5646849906237139E-03  5.8994549779520945E-03  5.8007304140968588E-03  3.3373274379995132E-07
  1570   119.32000      0.0000000000000000E+00  8.7994838681171804E-07  1.5668783503211810E-03  2.0035537886009354E-03  5.5431143596184522E-04  2.5963963716597592E-07
  1580   120.08000      0.0000000000000000E+00  9.3520992727664336E-07  1.5177280458914283E-03  7.7450168478275707E-03  3.6808129319374308E-03  3.2637696155192162E-07
  1590   120.84000      0.0000000000000000E+00  7.9511384026457448E-07  1.4743059379209535E-03  1.2789975361900088E-02  7.6606856146222381E-03  4.5955486841600248E-07
  1600   121.60000      0.0000000000000000E+00  8.6698701310009063E-07  1.4620689364626812E-03  7.5910495098456768E-03  4.4981449186269912E-03  2.8924693196851495E-07
  1610   122.36000      0.0000000000000000E+00  1.0108836862013110E-06  1.4798079021255918E-03  2.0278782461176461E-03  5.6230603239804501E-04  2.4665820909152908E-07
  1620   123.12000      0.0000000000000000E+00  1.0094285650229402E-06  1.5317651118822847E-03  7.1894034763357872E-03  3.7151293343860563E-03  3.8606661995998239E-07
  1630   123.88000      0.0000000000000000E+00  8.5335176682777534E-07  1.6076429544431040E-03  1.3881919382229813E-02  8.3592284356952973E-03  3.7101840536432066E-07
  1640   124.64000      0.0000000000000000E+00  7.3391533097309887E-07  1.6681549848224591E-03  9.4838743070301580E-03  6.1118536882244431E-03  3.4387543586952807E-07
  1650   125.40000      0.0000000000000000E+00  8.7305654331794267E-07  1.6888813198411437E-03  2.2975778170869266E-03  1.0469564866819380E-03  2.1851061328711779E-07
  1660   126.16000      0.0000000000000000E+00  8.9325198460970488E-07  1.6812556493544903E-03  6.4019756777996097E-03  1.4927213717126878E-03  3.8139563039791691E-07
  1670   126.92000      0.0000000000000000E+00  8.7163125995447340E-07  1.6580559548941835E-03  1.4620372529016259E-02  5.0420679705596595E-03  4.3031887330997308E-07
  1680   127.68000      0.0000000000000000E+00  9.2578296891130595E-07  1.6304199827667379E-03  1.1503958431000289E-02  4.2634096335882931E-03  2.2824838930934835E-07
  1690   128.44000      0.0000000000000000E+00  8.7263871621979590E-07  1.6214483663473875E-03  2.8981269547640868E-03  8.1488353915272905E-04  3.2522942758156953E-07
  1700   129.20000      0.0000000000000000E+00  7.9606749853338759E-07  1.6535778170715645E-03  5.4954669321116839E-03  1.5615994320041867E-03  3.8851363328295006E-07
  1710   129.96000      0.0000000000000000E+00  7.5639808507807527E-07  1.7189165376995559E-03  1.4978720407204953E-02  5.3479637159128783E-03  3.3703082861930558E-07
  1720   130.72000      0.0000000000000000E+00  7.9700608106448407E-07  1.7841392351374730E-03  1.3559124801038637E-02  5.3509369187820302E-03  3.2245582364566625E-07
  1730   131.48000      0.0000000000000000E+00  8.0236776007750953E-07  1.8220311262784200E-03  3.8435075561476487E-03  1.6290534483542200E-03  3.0841268362053436E-07
  1740   132.24000      0.0000000000000000E+00  8.3467923721430430E-07  1.8282266296203715E-03  4.5316905980660703E-03  4.2919754849379051E-04  3.6090191035918512E-07
  1750   133.00000      0.0000000000000000E+00  8.4966065229719176E-07  1.8053514406894105E-03  1.4886719651051030E-02  2.6956918673419852E-03  3.1258028372336908E-07
  1760   133.76000      0.0000000000000000E+00  7.8659563433156391E-07  1.7762502205958110E-03  1.5518237843320201E-02  3.2900829444173114E-03  3.5707547659889615E-07
  1770   134.52000      0.0000000000000000E+00  7.7289627541852976E-07  1.7663463578562574E-03  5.1501963434765780E-03  1.0599579237675918E-03  3.1446141265461323E-07
  1780   135.28000      0.0000000000000000E+00  7.2260401198911374E-07  1.7785647230357041E-03  3.6372786547325467E-03  4.8274521983329585E-04  3.1146955202743771E-07
  1790   136.04000      0.0000000000000000E+00  7.8075539067662047E-07  1.8039231394769272E-03  1.4375101776510210E-02  2.8355051982382638E-03  3.4151410904417941E-07
  1800   136.80000      0.0000000000000000E+00  7.9442663599025174E-07  1.8490862562679732E-03  1.7295379168113738E-02  3.9097250674812551E-03  3.4102881315979542E-07
  1810   137.56000      0.0000000000000000E+00  7.4721465332262280E-07  1.9146399121293756E-03  6.7959960372320823E-03  1.8412035125173311E-03  3.4028960112880647E-07
  1820   138.32000      0.0000000000000000E+00  8.1291187323942960E-07  1.9649118186803836E-03  2.8910441474931216E-03  1.2990587230869271E-04  2.6196191415673022E-07
  1830   139.08000      0.0000000000000000E+00  7.2144753249710112E-07  1.9537836297395497E-03  1.3423834535842200E-02  1.0237403973257129E-03  3.6265147659201090E-07
  1840   139.84000      0.0000000000000000E+00  8.3350455951085252E-07  1.9020320176090883E-03  1.8732036982286770E-02  1.9980448762882208E-03  3.9528262651331549E-07
  1850   140.60000      0.0000000000000000E+00  7.9553277949556420E-07  1.8725873931863344E-03  8.7130431184723519E-03  1.0317078650573827E-03  2.5877803548601867E-07
  1860   141.36000      0.0000000000000000E+00  6.5811490352231583E-07  1.8853800387872034E-03  2.4180380177719167E-03  1.4464349306536508E-04  3.0742270326077502E-07
  1870   142.12000      0.0000000000000000E+00  7.0321328307646029E-07  1.9113093220717030E-03  1.2139936453985357E-02  1.1743266442157947E-03  3.5644134365113909E-07
  1880   142.88000      0.0000000000000000E+00  7.4878458208053336E-07  1.9447141992422806E-03  1.9744933365379583E-02  2.3219678512131138E-03  3.5658076858459336E-07
  1890   143.64000      0.0000000000000000E+00  7.2842808853720674E-07  2.0036067515266445E-03  1.0797799333432596E-02  1.5893725541232479E-03  2.9248571957969196E-07
  1900   144.40000      0.0000000000000000E+00  7.6844164212798731E-07  2.0670160285837106E-03  2.2604017417659538E-03  2.3867895030149899E-04  2.6762979393367231E-07
  1910   145.16000      0.0000000000000000E+00  7.6192736836566870E-07  2.0787494870822872E-03  1.0575197316391557E-02  2.2998265948759918E-04  3.8220805594534506E-07
  1920   145.92000      0.0000000000000000E+00  6.7451353882391810E-07  2.0403520014065507E-03  2.0240071263441115E-02  9.0368990750878129E-04  3.0304324432156601E-07
  1930   146.68000      0.0000000000000000E+00  6.0620864332280153E-07  2.0088623900241017E-03  1.2947134631768305E-02  7.0729917227173810E-04  2.9948527592084075E-07
  1940   147.44000      0.0000000000000000E+00  6.3716275868159642E-07  2.0116135639714722E-03  2.5066143193066843E-03  9.4908831935533341E-05  3.2122681531016606E-07
  1950   148.20000      0.0000000000000000E+00  7.4873892059498397E-07  2.0292869716333497E-03  8.8881505929423229E-03  3.5953347096942355E-04  2.8395812142801181E-07
  1960   148.96000      0.0000000000000000E+00  6.6825448789342080E-07  2.0608997382945489E-03  2.0208431434942529E-02  1.1068241838295347E-03  3.8577087421618535E-07
  1970   149.72000      0.0000000000000000E+00  6.9038608759712246E-07  2.1232475962709605E-03  1.5026300138520982E-02  1.0672880935865300E-03  2.6036887735322571E-07
  1980   150.48000      0.0000000000000000E+00  6.3887468335926902E-07  2.1924593562261925E-03  3.1274409336909414E-03  3.7148414191127553E-04  2.9545543304779831E-07
  1990   151.24000      0.0000000000000000E+00  6.5176230137399193E-07  2.2126783684325848E-03  7.1585331742559646E-03  1.2157229380224936E-04  3.7228280157854361E-07
  2000   152.00000      0.0000000000000000E+00  7.3758634851834262E-07  2.1841260637906787E-03  1.9618786645852988E-02  4.0211142727089301E-04  2.7034228762125871E-07
  2010   152.76000      0.0000000000000000E+00  5.6283794095642219E-07  2.1613958459182799E-03  1.6908518829341721E-02  4.1778465502945454E-04  3.4054383899908511E-07
  2020   153.52000      0.0000000000000000E+00  6.3988309380717314E-07  2.1660112667242107E-03  4.1309691237355261E-03  1.1434176470789473E-04  2.9912088038807059E-07
  2030   154.28000      0.0000000000000000E+00  6.2123533577944823E-07  2.1745714912565317E-03  5.5432854353508693E-03  1.5010974240421134E-04  2.7376111323473194E-07
  2040   155.04000      0.0000000000000000E+00  6.4654782859720390E-07  2.1963495801214064E-03  1.8533199365927368E-02  5.2232671988578048E-04  3.4198421215811466E-07
  2050   155.80000      0.0000000000000000E+00  6.5006347292223992E-07  2.2623989093466202E-03  1.8478572088873896E-02  5.8492382241993694E-04  3.3255264176697795E-07
  2060   156.56000      0.0000000000000000E+00  6.2440103266573914E-07  2.3418067292173680E-03  5.4538910825893509E-03  3.1283328679941803E-04  2.6866800373965425E-07
  2070   157.32000      0.0000000000000000E+00  6.1467468184616767E-07  2.3635600841399752E-03  4.1322596571735423E-03  3.1045283831530158E-04  2.1878343028775060E-07
  2080   158.08000      0.0000000000000000E+00  5.3024463457111677E-07  2.3303510789906725E-03  1.7001529852959732E-02  5.8605080844927450E-04  3.9358935598665766E-07
  2090   158.84000      0.0000000000000000E+00  6.1370403240663507E-07  2.3146248712070140E-03  1.9644429311179872E-02  5.3457771883157613E-04  3.2027242095794819E-07
  2100   159.60000      0.0000000000000000E+00  6.6780526420877353E-07  2.3369593420759635E-03  7.0396207348984068E-03  1.7807092559525054E-04  1.7191963288157454E-07
  2110   160.36000      0.0000000000000000E+00  5.9249205760231341E-07  2.3487234813173853E-03  3.0515480926666810E-03  1.9034863545981383E-04  3.2992910208755686E-07
  2120   161.12000      0.0000000000000000E+00  5.2769231033992554E-07  2.3472422739552351E-03  1.5146957473848708E-02  5.7362753267524609E-04  3.3698260048434890E-07
  2130   161.88000      0.0000000000000000E+00  6.0718558593586786E-07  2.3871039758802653E-03  2.0324746436016158E-02  5.9305080992618203E-04  2.9316977231625504E-07
  2140   162.64000      0.0000000000000000E+00  6.6066908945253527E-07  2.4630374122373601E-03  8.7584154901454055E-03  2.5471139218232288E-04  2.3040233086359732E-07
  2150   163.40000      0.0000000000000000E+00  6.5346026563092163E-07  2.5004346874825515E-03  2.3206328855801292E-03  4.3417797130973501E-04  2.5028251693075878E-07
  2160   164.16000      0.0000000000000000E+00  5.1511789520311359E-07  2.4765969209258679E-03  1.3037726649098995E-02  1.1425952020637346E-03  4.1502774779765337E-07
  2170   164.92000      0.0000000000000000E+00  5.2281380284054635E-07  2.4568236486776562E-03  2.0453355960602711E-02  1.2452996932534525E-03  2.4313330253502296E-07
  2180   165.68000      0.0000000000000000E+00  5.7929144240463885E-07  2.4769055878743310E-03  1.0503922752904125E-02  5.3221646148708039E-04  2.1193768945667452E-07
  2190   166.44000      0.0000000000000000E+00  5.9882679997172997E-07  2.4958097850483925E-03  2.0226429118344953E-03  2.9299891159390051E-04  3.3329266658063253E-07
  2200   167.20000      0.0000000000000000E+00  6.5692404632486752E-07  2.4969906200260515E-03  1.0857141473152414E-02  9.7520783779657188E-04  3.3047580233345035E-07
  2210   167.96000      0.0000000000000000E+00  5.7188923128616721E-07  2.5250745637039776E-03  2.0036196184853923E-02  1.2358848312325060E-03  2.7974007544118065E-07
  2220   168.72000      0.0000000000000000E+00  4.8219139198833765E-07  2.5808109809153036E-03  1.2131319450852652E-02  5.3348974060398336E-04  2.0103577809170647E-07
  2230   169.48000      0.0000000000000000E+00  4.6112927424909546E-07  2.6024660927331097E-03  2.1095702060272129E-03  4.5235196516935365E-04  3.5176343203976494E-07
  2240   170.24000      0.0000000000000000E+00  5.9375915488056592E-07  2.5804690084017196E-03  8.6963281822150899E-03  1.7677867455090923E-03  3.2828409333319698E-07
  2250   171.00000      0.0000000000000000E+00  7.2223620461503145E-07  2.5857727279968018E-03  1.9091978957340459E-02  2.5569781740695631E-03  2.2488547347273183E-07
  2260   171.76000      0.0000000000000000E+00  6.2443657741532569E-07  2.6335583675831829E-03  1.3534666334787887E-02  1.4747882129347468E-03  2.8273069740476542E-07
  2270   172.52000      0.0000000000000000E+00  5.0089517524934957E-07  2.6556757044004084E-03  2.5715093882523921E-03  4.4894058651705811E-04  2.9982849770938724E-07
  2280   173.28000      0.0000000000000000E+00  5.3321964157586004E-07  2.6372526533167675E-03  6.7101842715734496E-03  1.3239180548680265E-03  3.0590132486080119E-07
  2290   174.04000      0.0000000000000000E+00  6.3053786673645541E-07  2.6491860373659632E-03  1.7707012585596229E-02  2.3489024899891841E-03  2.8068405908664925E-07
  2300   174.80000      0.0000000000000000E+00  7.0626438318543710E-07  2.7019917445711252E-03  1.4602888005327896E-02  1.4648477751713510E-03  2.3089494321459213E-07
  2310   175.56000      0.0000000000000000E+00  6.2961959883271155E-07  2.7210810706612808E-03  3.3098568325693558E-03  5.4752123690622427E-04  3.3893103184928591E-07
  2320   176.32000      0.0000000000000000E+00  6.0847257104735095E-07  2.6972869536547564E-03  4.9550591727254324E-03  2.1107069902677276E-03  2.8074548079956388E-07
  2330   177.08000      0.0000000000000000E+00  5.7980815481353626E-07  2.7160575213958549E-03  1.5940176381062935E-02  4.1245552731972238E-03  2.7945304503994259E-07
  2340   177.84000      0.0000000000000000E+00  6.1937768207300311E-07  2.7869382204959540E-03  1.5265676352773422E-02  3.2073872345922110E-03  2.9615933200782599E-07
  2350   178.60000      0.0000000000000000E+00  7.3224137405846931E-07  2.8133098609119498E-03  4.2767006258402100E-03  9.8533141334769384E-04  2.4431088062255271E-07
  2360   179.36000      0.0000000000000000E+00  6.0157849102834797E-07  2.7759239823064242E-03  3.5659841362826647E-03  1.4431386727704150E-03  3.4647830225894506E-07
  2370   180.12000      0.0000000000000000E+00  5.3166822287783853E-07  2.7720892295107075E-03  1.3955560325493549E-02  3.5420408081300253E-03  2.7757378798105774E-07
  2380   180.88000      0.0000000000000000E+00  5.7743898628270968E-07  2.8264708106442468E-03  1.5488138516268537E-02  3.1040885878218611E-03  2.3673865723211727E-07
  2390   181.64000      0.0000000000000000E+00  6.8087532090185224E-07  2.8471404074273477E-03  5.3145264083227228E-03  1.0103811495289590E-03  3.2396178881742149E-07
  2400   182.40000      0.0000000000000000E+00  7.6164709792379615E-07  2.8122185304540639E-03  2.5135425127126021E-03  1.9945004414043061E-03  2.6675195286645988E-07
  2410   183.16000      0.0000000000000000E+00  6.2086172091901667E-07  2.8205308596927683E-03  1.1817014501316439E-02  5.4360044180858432E-03  3.1531645685657038E-07
  2420   183.92000      0.0000000000000000E+00  5.3517107917549918E-07  2.9012869437364014E-03  1.5250061517497190E-02  5.6593103917409199E-03  2.5790184934191817E-07
  2430   184.68000      0.0000000000000000E+00  5.3824575891195269E-07  2.9518841026491762E-03  6.3615319305189485E-03  2.2754833828168629E-03  2.3037740390767344E-07
  2440   185.44000      0.0000000000000000E+00  5.8896102677060418E-07  2.9248562213723727E-03  1.8677419820654017E-03  1.3495193955712318E-03  3.8144640367523703E-07
  2450   186.20000      0.0000000000000000E+00  7.8288448448864144E-07  2.9035736070887929E-03  9.7023406456794546E-03  4.3386002792643596E-03  2.6327979313443530E-07
  2460   186.96000      0.0000000000000000E+00  7.9636225590942390E-07  2.9311437692514045E-03  1.4585797803730040E-02  5.3051280801409070E-03  2.0458201216588700E-07
  2470   187.72000      0.0000000000000000E+00  6.2467424345704922E-07  2.9394198784146964E-03  7.2876138753329312E-03  2.3112012381597941E-03  3.2296716415658518E-07
  2480   188.48000      0.0000000000000000E+00  5.3124711151690249E-07  2.9093809333659197E-03  1.5554547934756840E-03  1.6524524396971398E-03  3.5460706861766275E-07
  2490   189.24000      0.0000000000000000E+00  6.3104839528959430E-07  2.9281259796907497E-03  7.6729355636397135E-03  5.9727483632100549E-03  2.2881638969953760E-07
  2500   190.00000      0.0000000000000000E+00  7.5703185546431207E-07  3.0216908616750781E-03  1.3535437025041975E-02  8.3320448461281990E-03  2.2922065853529061E-07
  2510   190.76000      0.0000000000000000E+00  7.3787131367609108E-07  3.0906002300193358E-03  8.0332255820692693E-03  4.5541388605761773E-03  3.5285590517338422E-07
  2520   191.52000      0.0000000000000000E+00  6.8539528383494798E-07  3.0781678683361800E-03  1.5849733184758914E-03  1.4049006610183910E-03  2.9465440660088115E-07
  2530   192.28000      0.0000000000000000E+00  6.3759211304628158E-07  3.0494363795356494E-03  5.8751729352157396E-03  4.4261922108288013E-03  2.4056846200629390E-07
  2540   193.04000      0.0000000000000000E+00  6.8843730308654797E-07  3.0505783697573337E-03  1.2186440517168183E-02  7.5549402528805373E-03  2.2540587432789521E-07
  2550   193.80000      0.0000000000000000E+00  7.3265401929443612E-07  3.0432204943550900E-03  8.4840492554244893E-03  4.6137014690207897E-03  3.2855087340683972E-07
  2560   194.56000      0.0000000000000000E+00  7.2175687063082509E-07  3.0222886824520022E-03  1.8158979729299843E-03  1.5778939823752412E-03  3.4409744488470459E-07
  2570   195.32000      0.0000000000000000E+00  7.5802776565184999E-07  3.0552702534515554E-03  4.3290205389964025E-03  5.5983436162870747E-03  1.5790084624111317E-07
  2580   196.08000      0.0000000000000000E+00  6.6499586052272436E-07  3.1532878780228171E-03  1.0618019456581300E-02  1.0645912865349709E-02  2.7896038462600756E-07
  2590   196.84000      0.0000000000000000E+00  6.6473811592926889E-07  3.2287825290118976E-03  8.6328098522264682E-03  7.7954254652201072E-03  3.4169109822874050E-07
  2600   197.60000      0.0000000000000000E+00  7.1192372516936974E-07  3.2291812533683608E-03  2.2193309856230864E-03  2.0884437146746872E-03  2.5884217525895741E-07
  2610   198.36000      0.0000000000000000E+00  7.5333130443332236E-07  3.2017853139953006E-03  3.1274986578074754E-03  3.7500143978397927E-03  2.2886604249565740E-07
  2620   199.12000      0.0000000000000000E+00  8.0003717794116524E-07  3.1852756292592771E-03  8.9695593681041724E-03  9.1682508629932248E-03  2.4654049492483496E-07
  2630   199.88000      0.0000000000000000E+00  6.9052904741143864E-07  3.1614069495829334E-03  8.4630845149348457E-03  7.6984794077734515E-03  3.6365910651992079E-07
  2640   200.64000      0.0000000000000000E+00  6.7655583045740857E-07  3.1391261515969090E-03  2.6579133017393592E-03  2.3044451050293858E-03  2.4936792343235378E-07
  2650   201.40000      0.0000000000000000E+00  6.5472704814784116E-07  3.1762511721964305E-03  2.2274565745972492E-03  4.4958757384342008E-03  1.9662113725685413E-07
  2660   202.16000      0.0000000000000000E+00  6.4800624987685919E-07  3.2752468034752255E-03  7.3169086129272962E-03  1.1937702564899779E-02  3.3078360173478476E-07
  2670   202.92000      0.0000000000000000E+00  7.6461019847553265E-07  3.3545886052637241E-03  8.0006519959054598E-03  1.1550826054561692E-02  2.8135287672203954E-07
  2680   203.68000      0.0000000000000000E+00  7.6623224907332325E-07  3.3603351335641952E-03  3.0894603085566191E-03  3.8624354549441271E-03  2.5483595476624671E-07
  2690   204.44000      0.0000000000000000E+00  7.2635971446614608E-07  3.3306851011963242E-03  1.6583554939643421E-03  2.7276285537041894E-03  2.4857793364196912E-07
  2700   205.20000      0.0000000000000000E+00  6.3063701854442320E-07  3.3067857458947891E-03  5.7793049257851663E-03  9.6627474687062866E-03  2.7960492446537950E-07
  2710   205.96000      0.0000000000000000E+00  6.1017537211938445E-07  3.2811521440851430E-03  7.2929937975539086E-03  1.0995290740225870E-02  2.7712975989597241E-07
  2720   206.72000      0.0000000000000000E+00  6.8404917986702560E-07  3.2581272377193628E-03  3.4166632352288619E-03  4.1213563140264607E-03  2.8511494616429388E-07
  2730   207.48000      0.0000000000000000E+00  7.4561728086409093E-07  3.2844009639189627E-03  1.3479290755391282E-03  3.1124230175349735E-03  2.5508659716124864E-07
  2740   208.24000      0.0000000000000000E+00  7.9208426246575810E-07  3.3716610615585020E-03  4.4111344474949922E-03  1.1770258979993642E-02  2.1590783046405920E-07
  2750   209.00000      0.0000000000000000E+00  6.6317924683367508E-07  3.4609779841331262E-03  6.4093633377712879E-03  1.5096006064641105E-02  3.2502269831017068E-07
  2760   209.76000      0.0000000000000000E+00  6.6790654386091519E-07  3.4918071017126170E-03  3.6154905561769667E-03  6.8864753597371346E-03  2.7322950880326965E-07
  2770   210.52000      0.0000000000000000E+00  6.9382785940792215E-07  3.4727657815670425E-03  1.2524772726228246E-03  1.9617132549180983E-03  2.2979777602154911E-07
  2780   211.28000      0.0000000000000000E+00  7.3630871797933040E-07  3.4401340274049872E-03  3.2750529425445616E-03  8.8240215546294687E-03  2.6692792152766992E-07
  2790   212.04000      0.0000000000000000E+00  8.0264468123963254E-07  3.4082303477478869E-03  5.4197760067683119E-03  1.3758401467050090E-02  2.6629551326817828E-07
  2800   212.80000      0.0000000000000000E+00  7.1720537627597097E-07  3.3848511212502732E-03  3.6420013226524644E-03  7.1034406387369756E-03  3.2219223020799920E-07
  2810   213.56000      0.0000000000000000E+00  7.0151347556415205E-07  3.3995987025719804E-03  1.2954163324912695E-03  2.2228750337337519E-03  2.2084363119615483E-07
  2820   214.32000      0.0000000000000000E+00  7.3685727758681534E-07  3.4698158041266977E-03  2.3813440352374923E-03  1.0157511053876462E-02  1.9852949114457129E-07
  2830   215.08000      0.0000000000000000E+00  7.6025625090767718E-07  3.5670881976173274E-03  4.4037371835168211E-03  1.7535234427412109E-02  3.5594125041972132E-07
  2840   215.84000      0.0000000000000000E+00  8.3830329950501490E-07  3.6345365696015645E-03  3.5155188114864852E-03  1.0824086979594638E-02  2.7284901815839055E-07
  2850   216.60000      0.0000000000000000E+00  7.6924431670428737E-07  3.6402135210021266E-03  1.4340087145557191E-03  2.1004053852392859E-03  2.1382545616421146E-07
  2860   217.36000      0.0000000000000000E+00  7.1959456791636942E-07  3.5935931938270156E-03  1.7507550994084187E-03  6.9173669753704869E-03  2.4084954886705452E-07
  2870   218.12000      0.0000000000000000E+00  7.2717248600517488E-07  3.5296804823675290E-03  3.4316244466870214E-03  1.5253171678710081E-02  3.2345342897057397E-07
  2880   218.88000      0.0000000000000000E+00  7.4744556599558468E-07  3.4924432485357437E-03  3.2201546038343899E-03  1.0795380150114008E-02  3.0984195823926916E-07
  2890   219.64000      0.0000000000000000E+00  8.4183868264340375E-07  3.5120158891869821E-03  1.5725841375528438E-03  2.4451351414822120E-03  1.5793629207320939E-07
  2900   220.40000      0.0000000000000000E+00  8.2348436910569381E-07  3.5799257833170730E-03  1.3509184524134557E-03  7.6042872273743949E-03  3.0289976954534882E-07
  2910   221.16000      0.0000000000000000E+00  7.8010119955057286E-07  3.6626060602855236E-03  2.5838095172000413E-03  1.8276201467333712E-02  3.1912489399424667E-07
  2920   221.92000      0.0000000000000000E+00  6.9174486857932289E-07  3.7314391680177070E-03  2.8330047511019268E-03  1.5034366930923339E-02  2.4020704278796825E-07
  2930   222.68000      0.0000000000000000E+00  6.5964271166046064E-07  3.7637460181177925E-03  1.6937173729432149E-03  3.5832838799442898E-03  2.5640392791171513E-07
  2940   223.44000      0.0000000000000000E+00  7.9866850770576127E-07  3.7361761964675700E-03  1.1574941188143965E-03  4.5503568853601274E-03  2.2814892286223276E-07
  2950   224.20000      0.0000000000000000E+00  8.7085181698958353E-07  3.6539287335770367E-03  1.9019660592506456E-03  1.4977625643543008E-02  3.4864929859636655E-07
  2960   224.96000      0.0000000000000000E+00  8.8954192272593926E-07  3.5798873441228148E-03  2.3877572650787770E-03  1.4351543697494591E-02  2.4686218568368663E-07
  2970   225.72000      0.0000000000000000E+00  7.2987433871057951E-07  3.5826306471644538E-03  1.7510058109690820E-03  4.0311021708125585E-03  2.0900000084721345E-07
  2980   226.48000      0.0000000000000000E+00  6.1760672908015237E-07  3.6635069834272619E-03  1.1088321954301256E-03  4.9033407648177083E-03  3.2310759484675443E-07
  2990   227.24000      0.0000000000000000E+00  7.8406067246213524E-07  3.7643682689252034E-03  1.4254466923708589E-03  1.7090491697433711E-02  2.4890340246308765E-07
  3000   228.00000      0.0000000000000000E+00  8.2122666104020242E-07  3.8383228312540867E-03  1.9752631439071138E-03  1.8578428665704607E-02  2.6041113754043988E-07
  3010   228.76000      0.0000000000000000E+00  8.1121711974856506E-07  3.8687302226675388E-03  1.7572532395989540E-03  6.3910733842336646E-03  2.7871485762879949E-07
  3020   229.52000      0.0000000000000000E+00  7.6366524594175814E-07  3.8446073843210471E-03  1.1496828315242689E-03  2.5704352430553183E-03  2.6324778661083648E-07
  3030   230.28000      0.0000000000000000E+00  7.4653446159832050E-07  3.7664841744445557E-03  1.1254299135425210E-03  1.3023844696864333E-02  2.6002005184466601E-07
  3040   231.04000      0.0000000000000000E+00  7.8310683953552461E-07  3.6883665895087519E-03  1.6266035650861746E-03  1.6924111313158602E-02  2.5343384686020043E-07
  3050   231.80000      0.0000000000000000E+00  7.5059133684530307E-07  3.6818557119087420E-03  1.7309705163411257E-03  6.7560357666993443E-03  3.3128502604879673E-07
  3060   232.56000      0.0000000000000000E+00  7.6842826307716232E-07  3.7598880485039633E-03  1.2486785292428831E-03  2.8078085510471681E-03  1.9212651927186043E-07
  3070   233.32000      0.0000000000000000E+00  7.2721464027619093E-07  3.8684373781448351E-03  1.0127353983201760E-03  1.4186777593494529E-02  2.4721763553644180E-07
  3080   234.08000      0.0000000000000000E+00  7.0627324122584793E-07  3.9515732820139642E-03  1.3974206922534279E-03  2.0589022975983286E-02  3.6434506863290721E-07
  3090   234.84000      0.0000000000000000E+00  8.1803542552713350E-07  3.9816428724322875E-03  1.6840702062346537E-03  1.0076437970213922E-02  2.0578597110360858E-07
  3100   235.60000      0.0000000000000000E+00  7.3687930964953334E-07  3.9531842151097323E-03  1.3557522035261972E-03  1.6972412020869986E-03  2.5576800987705672E-07
  3110   236.36000      0.0000000000000000E+00  7.7339154295137322E-07  3.8788109054501388E-03  1.0305430478681832E-03  9.8741351197561052E-03  2.5467215427721352E-07
  3120   237.12000      0.0000000000000000E+00  7.9765360337188753E-07  3.8077831323858960E-03  1.3070226828665861E-03  1.7814852445918031E-02  3.0061335588946796E-07
  3130   237.88000      0.0000000000000000E+00  7.5476164999018307E-07  3.7958764392531457E-03  1.6602036500919732E-03  1.0048312790410741E-02  2.8775290783790339E-07
  3140   238.64000      0.0000000000000000E+00  7.3285943513463454E-07  3.8539250976844242E-03  1.4609417101027055E-03  2.0123797281224732E-03  1.8318823342655177E-07
  3150   239.40000      0.0000000000000000E+00  6.4999723631895529E-07  3.9446260798411499E-03  1.1562167418599689E-03  1.0335813247884261E-02  2.9877128946372813E-07
  3160   240.16000      0.0000000000000000E+00  7.4313841395703175E-07  4.0268490517203241E-03  1.3840921948514665E-03  2.0528030025775832E-02  3.1234934271086479E-07
  3170   240.92000      0.0000000000000000E+00  8.3888552138963518E-07  4.0686511405753304E-03  1.7176415831165091E-03  1.3753444993422802E-02  2.4287730202839204E-07
  3180   241.68000      0.0000000000000000E+00  8.6037888816380635E-07  4.0477446795125936E-03  1.5525781633969316E-03  2.2441871642474285E-03  2.2936714580465368E-07
  3190   242.44000      0.0000000000000000E+00  7.9940322196293316E-07  3.9702407770263563E-03  1.3207703279847953E-03  6.3541750515775357E-03  2.7398012223989581E-07
  3200   243.20000      0.0000000000000000E+00  6.5081045401512970E-07  3.8904004634668647E-03  1.5953584486250059E-03  1.6763837825789964E-02  3.2082781516967749E-07
  3210   243.96000      0.0000000000000000E+00  6.5492362373721587E-07  3.8730576703366578E-03  1.8819175671410163E-03  1.3037594329544421E-02  2.2155875786251898E-07
  3220   244.72000      0.0000000000000000E+00  7.1791473996575905E-07  3.9315711440578750E-03  1.6472431419764443E-03  2.6801191992385431E-03  2.3132435067737562E-07
  3230   245.48000      0.0000000000000000E+00  8.0002612718884311E-07  4.0173553167372434E-03  1.5023417169079088E-03  6.4721454119106795E-03  3.2253693612915196E-07
  3240   246.24000      0.0000000000000000E+00  8.5671901406350919E-07  4.0775447231218287E-03  1.9447495192190314E-03  1.8416067997880446E-02  2.3215903347218134E-07
  3250   247.00000      0.0000000000000000E+00  7.3692656223121585E-07  4.0986833148806932E-03  2.2075408355292504E-03  1.6545598777815630E-02  2.7440203917369359E-07
  3260   247.76000      0.0000000000000000E+00  7.2120302065203243E-07  4.0884118308228403E-03  1.7805300864201037E-03  4.1128600725633766E-03  2.7210850169889385E-07
  3270   248.52000      0.0000000000000000E+00  7.6983122080592092E-07  4.0459592867387985E-03  1.6512421570674873E-03  3.3502804899417345E-03  2.3834972901080524E-07
  3280   249.28000      0.0000000000000000E+00  7.1892873477237425E-07  3.9838452387488867E-03  2.3681497396219452E-03  1.3982063809086644E-02  2.8981549274698167E-07
  3290   250.04000      0.0000000000000000E+00  7.5841141658968266E-07  3.9517275023672931E-03  2.6919173300638324E-03  1.4817574252183916E-02  2.4903973662711218E-07
  3300   250.80000      0.0000000000000000E+00  7.0936100892891228E-07  3.9897562975911060E-03  1.9804450850645409E-03  4.4205340848792237E-03  2.9820754500519370E-07
  3310   251.56000      0.0000000000000000E+00  7.6874580014813490E-07  4.0692570017547107E-03  1.7616030554602781E-03  3.4291740599630884E-03  2.2871186933831707E-07
  3320   252.32000      0.0000000000000000E+00  8.5035334428843462E-07  4.1226972760363620E-03  2.8403266039969009E-03  1.4781539652056490E-02  2.3920681674524778E-07
  3330   253.08000      0.0000000000000000E+00  8.2216173220016832E-07  4.1288593636316945E-03  3.3694067491575196E-03  1.7723341520562763E-02  3.5808099325466034E-07
  3340   253.84000      0.0000000000000000E+00  7.9562653242564820E-07  4.1207568745068156E-03  2.3090783258464965E-03  6.6871817810371529E-03  2.2259474727645400E-07
  3350   254.60000      0.0000000000000000E+00  7.1323166811033420E-07  4.1118459350212846E-03  1.8161572194224126E-03  1.5069390591205371E-03  2.2539436227658016E-07
  3360   255.36000      0.0000000000000000E+00  6.9306324279743572E-07  4.0788767019253941E-03  3.2695881296625640E-03  1.0211849350602022E-02  3.0578812635091121E-07
  3370   256.12000      0.0000000000000000E+00  7.9693593435821411E-07  4.0340242280422376E-03  4.1993481786439324E-03  1.4950844487925573E-02  2.7556246805120253E-07
  3380   256.88000      0.0000000000000000E+00  8.0164218907981678E-07  4.0354405574270572E-03  2.8142547279043440E-03  6.5704410638891151E-03  2.7377649785924351E-07
  3390   257.64000      0.0000000000000000E+00  8.1055237847955338E-07  4.0971415490859298E-03  1.8553640316648344E-03  1.6554778201536785E-03  1.9922725608222055E-07
  3400   258.40000      0.0000000000000000E+00  7.9451581578975262E-07  4.1563048028263969E-03  3.6200527547243563E-03  1.0395778944794185E-02  2.9450459307995497E-07
  3410   259.16000      0.0000000000000000E+00  7.8513977858461747E-07  4.1655822182462294E-03  5.1494446325498844E-03  1.6958540653266255E-02  3.3808929088482718E-07
  3420   259.92000      0.0000000000000000E+00  7.6103516494849211E-07  4.1533832590931255E-03  3.5330172223612477E-03  9.1644093347557371E-03  2.0968205761662760E-07
  3430   260.68000      0.0000000000000000E+00  7.0565447166119475E-07  4.1520650332315711E-03  1.8992855286874037E-03  1.0657932531327140E-03  2.2131811554584419E-07
  3440   261.44000      0.0000000000000000E+00  7.3849716964307366E-07  4.1368406675845962E-03  3.8214394631807098E-03  6.3329072038026827E-03  3.2777123462692509E-07
  3450   262.20000      0.0000000000000000E+00  7.9278661275694833E-07  4.0928142699773202E-03  6.1295629234256240E-03  1.3388717601113324E-02  2.9906828675608074E-07
  3460   262.96000      0.0000000000000000E+00  8.1557853950612521E-07  4.0736883797878815E-03  4.4803640756033523E-03  8.3553692728442642E-03  1.9588911633868923E-07
  3470   263.72000      0.0000000000000000E+00  7.3918589491259428E-07  4.1148018503262161E-03  2.0214365776641224E-03  1.2543564434869022E-03  2.8616419486514477E-07
  3480   264.48000      0.0000000000000000E+00  7.8303027989379107E-07  4.1628239246566971E-03  3.8860921396855325E-03  6.2581655148113181E-03  2.8154785898879751E-07
  3490   265.24000      0.0000000000000000E+00  8.1322380452086889E-07  4.1644162096189123E-03  7.0887924531619836E-03  1.4503006430330059E-02  2.5949766030923277E-07
  3500   266.00000      0.0000000000000000E+00  6.9786419992389215E-07  4.1560503210187252E-03  5.6508615276766030E-03  1.0736234288998402E-02  3.0219534407808351E-07
  3510   266.76000      0.0000000000000000E+00  7.3629390384847730E-07  4.1761590102726426E-03  2.2613234981566826E-03  1.7219083630484169E-03  1.8989170055177313E-07
  3520   267.52000      0.0000000000000000E+00  7.1869072817064858E-07  4.1813007877264238E-03  3.7825321286680817E-03  3.1124325322427360E-03  2.9563819713483377E-07
  3530   268.28000      0.0000000000000000E+00  7.8406872840830619E-07  4.1324571504132166E-03  7.9351583938418180E-03  1.0561262422654758E-02  3.0028074900132873E-07
  3540   269.04000      0.0000000000000000E+00  8.4872495462964884E-07  4.0903989482323497E-03  7.0147188751159325E-03  9.1440045982458980E-03  2.1972157275304815E-07
  3550   269.80000      0.0000000000000000E+00  7.9601871352603276E-07  4.1159158361991095E-03  2.6985533547609717E-03  1.8258924363718809E-03  2.7676429399252272E-07
  3560   270.56000      0.0000000000000000E+00  7.7887032388964505E-07  4.1615929306524739E-03  3.5586996173972811E-03  3.0784157407904435E-03  2.2885077394537738E-07
  3570   271.32000      0.0000000000000000E+00  7.2734048300324944E-07  4.1606429069115918E-03  8.6261727286815696E-03  1.1005927918497835E-02  3.0364967175184923E-07
  3580   272.08000      0.0000000000000000E+00  7.5339146299335239E-07  4.1508074604889745E-03  8.5285406466865752E-03  1.0953289419117464E-02  2.7708916208316199E-07
  3590   272.84000      0.0000000000000000E+00  7.8597833754727673E-07  4.1835945776726334E-03  3.3611715201392759E-03  2.9354768600766681E-03  2.0925345466592966E-07
  3600   273.60000      0.0000000000000000E+00  8.0248712205381541E-07  4.2078399945117105E-03  3.2244769894382640E-03  1.0706689632439298E-03  2.6915547529003875E-07
  3610   274.36000      0.0000000000000000E+00  8.5277274932563763E-07  4.1623580077446909E-03  9.0674586558042655E-03  7.2016767279427275E-03  2.9431294349775777E-07
  3620   275.12000      0.0000000000000000E+00  8.1089078324776588E-07  4.1065633034111466E-03  1.0125403808700308E-02  8.6152879751924937E-03  2.8905260411106188E-07
  3630   275.88000      0.0000000000000000E+00  7.8334728770551311E-07  4.1206058947489427E-03  4.3095296700007375E-03  2.6600119370507932E-03  2.0222642082987848E-07
  3640   276.64000      0.0000000000000000E+00  7.5540478870604601E-07  4.1658635253966547E-03  2.8747922322987386E-03  1.1306225787395517E-03  2.5434220336458626E-07
  3650   277.40000      0.0000000000000000E+00  7.2500133165982099E-07  4.1656299551921438E-03  9.2318748967619730E-03  7.3088764019861368E-03  3.4127007565340968E-07
  3660   278.16000      0.0000000000000000E+00  8.2360082655916040E-07  4.1519825205536482E-03  1.1725234350863041E-02  9.8054526888047069E-03  2.4902477110314949E-07
  3670   278.92000      0.0000000000000000E+00  8.5566337505592211E-07  4.1890141334179299E-03  5.5434367644147664E-03  4.0110023622147916E-03  2.0016619717421911E-07
  3680   279.68000      0.0000000000000000E+00  7.9617575621518103E-07  4.2277688103921109E-03  2.5592717696482047E-03  2.2107298899102531E-04  2.6097662254048259E-07
  3690   280.44000      0.0000000000000000E+00  7.0541418790259488E-07  4.1865486988443001E-03  9.0724520942019014E-03  4.1044552550328628E-03  3.5284293768944521E-07
  3700   281.20000      0.0000000000000000E+00  7.4062702006621005E-07  4.1122538759790685E-03  1.3216325869752779E-02  7.0305698231797054E-03  2.2665965323943605E-07
  3710   281.96000      0.0000000000000000E+00  7.7310596642948159E-07  4.1068017511677029E-03  7.0763309582436117E-03  3.2293404989500278E-03  1.8146396389570025E-07
  3720   282.72000      0.0000000000000000E+00  7.6189138499439417E-07  4.1552558908031995E-03  2.3837873813355006E-03  3.0078622708481345E-04  3.3095014887999395E-07
  3730   283.48000      0.0000000000000000E+00  8.1390169900141367E-07  4.1717676611624935E-03  8.6226445548379209E-03  4.0854959603649661E-03  2.7556037277777354E-07
  3740   284.24000      0.0000000000000000E+00  7.9447305053149681E-07  4.1596653809549038E-03  1.4493757125960547E-02  7.6171316544864981E-03  2.3657824324043718E-07
  3750   285.00000      0.0000000000000000E+00  7.4811298231235289E-07  4.1792586664808609E-03  8.8455470196089417E-03  4.4215208621018569E-03  2.3766772202741404E-07
  3760   285.76000      0.0000000000000000E+00  7.2674950961401809E-07  4.2065534227860796E-03  2.3981864934452834E-03  2.5532968612769025E-04  2.7340374330008114E-07
  3770   286.52000      0.0000000000000000E+00  7.3315340278890931E-07  4.1740930069926793E-03  7.8944445514396826E-03  1.8412529567718551E-03  3.4100398792715645E-07
  3780   287.28000      0.0000000000000000E+00  8.6430083121788618E-07  4.1098731220942401E-03  1.5462901425494363E-02  4.8919056148837179E-03  1.8663607638391418E-07
  3790   288.04000      0.0000000000000000E+00  8.4512246910115251E-07  4.1016032218246052E-03  1.0797232488921069E-02  3.1858024035121544E-03  2.5061947181885819E-07
  3800   288.80000      0.0000000000000000E+00  7.8932939893987657E-07  4.1454646947669711E-03  2.7012040269162709E-03  2.1960757981733032E-04  3.3898615342255024E-07
  3810   289.56000      0.0000000000000000E+00  7.8394480700398946E-07  4.1652317640410962E-03  6.9656926409415306E-03  1.8443375515564977E-03  2.2841700887948440E-07
  3820   290.32000      0.0000000000000000E+00  7.4981149238348641E-07  4.1504053196509006E-03  1.6053064298618799E-02  5.0806947415056609E-03  2.5865670840372903E-07
  3830   291.08000      0.0000000000000000E+00  8.1804413757557134E-07  4.1552730906840047E-03  1.2825701796970988E-02  4.0052535111048679E-03  2.4991552617880042E-07
  3840   291.84000      0.0000000000000000E+00  8.6260812073597362E-07  4.1729284568366564E-03  3.3199375528150518E-03  6.2800146660918282E-04  3.0119865582272418E-07
  3850   292.60000      0.0000000000000000E+00  8.5429426558766730E-07  4.1543664018255048E-03  5.9013791865946217E-03  5.5678577157894263E-04  2.4546507242233513E-07
  3860   293.36000      0.0000000000000000E+00  8.1774078290264526E-07  4.1162144795132416E-03  1.6204104541967260E-02  2.7806269540819558E-03  2.1730612869234923E-07
  3870   294.12000      0.0000000000000000E+00  7.1887403136756702E-07  4.1183372690378299E-03  1.4827922299911723E-02  2.5181378400717276E-03  3.3365741193480156E-07
  3880   294.88000      0.0000000000000000E+00  8.2609021844849633E-07  4.1501268788760766E-03  4.2950469995311083E-03  4.0768416787166151E-04  2.2782478007080861E-07
  3890   295.64000      0.0000000000000000E+00  8.6758482459627114E-07  4.1572772681360316E-03  4.8376253719444847E-03  6.5023141073426564E-04  2.4800180489420186E-07
  3900   296.40000      0.0000000000000000E+00  7.7589059255697226E-07  4.1401360972803686E-03  1.5925085710690290E-02  2.8188125396704168E-03  2.8291470565218234E-07
  3910   297.16000      0.0000000000000000E+00  7.8473714290006222E-07  4.1418321882319550E-03  1.6702089238130380E-02  2.9480300793085406E-03  2.5448938586524319E-07
  3920   297.92000      0.0000000000000000E+00  7.9047049199160823E-07  4.1525390692502481E-03  5.5935229735182279E-03  9.1745265994814520E-04  2.8814103774400165E-07
  3930   298.68000      0.0000000000000000E+00  8.4354252435380433E-07  4.1359738817600029E-03  3.8308319969117474E-03  1.5255689709137106E-04  2.2178259110735028E-07
  3940   299.44000      0.0000000000000000E+00  7.8407978803979741E-07  4.1135708960726228E-03  1.5184854738010421E-02  1.2250776530635136E-03  2.9927969096704217E-07
  3950   300.20000      0.0000000000000000E+00  7.6823982868366884E-07  4.1315191566832091E-03  1.8323486945315000E-02  1.5080668948926079E-03  2.7898172107807407E-07
  3960   300.96000      0.0000000000000000E+00  7.6824785427645277E-07  4.1670260456903542E-03  7.2121225504783431E-03  4.5009562710413963E-04  2.0822019665503243E-07
  3970   301.72000      0.0000000000000000E+00  7.4343290810838908E-07  4.1648956256690461E-03  3.0329702507365273E-03  1.8696732480024647E-04  3.0756169089574049E-07
  3980   302.48000      0.0000000000000000E+00  7.6624713728180465E-07  4.1281589734424636E-03  1.4067416835099159E-02  1.2294657150089289E-03  2.5525327181434358E-07
  3990   303.24000      0.0000000000000000E+00  7.4697856908843858E-07  4.1082515026981134E-03  1.9594741929726437E-02  1.7088394565095708E-03  2.6382789029577064E-07
  4000   304.00000      0.0000000000000000E+00  7.5411586293357616E-07  4.1180248914324327E-03  9.0511782374596544E-03  9.1559420699994587E-04  2.4531101517447152E-07
  4010   304.76000      0.0000000000000000E+00  7.1639966557353404E-07  4.1254812212040979E-03  2.4748204965149437E-03  2.3246955594397555E-04  2.6552914983044773E-07
  4020   305.52000      0.0000000000000000E+00  7.5807726081052380E-07  4.1212552912365486E-03  1.2593997179634159E-02  4.2182105424354933E-04  2.9909869445859692E-07
  4030   306.28000      0.0000000000000000E+00  8.2138112135390371E-07  4.1294992869839332E-03  2.0402008242789975E-02  6.4753619739577072E-04  2.0002614634181326E-07
  4040   307.04000      0.0000000000000000E+00  7.0854248492864291E-07  4.1502777115386908E-03  1.1040294901130772E-02  3.6789770500147918E-04  3.1433471411088729E-07
  4050   307.80000      0.0000000000000000E+00  6.3199505949892921E-07  4.1533123146857056E-03  2.2725856269596579E-03  1.4732788000244743E-04  2.6066938448510022E-07
  4060   308.56000      0.0000000000000000E+00  6.8732755612505613E-07  4.1271335332450773E-03  1.0914122131699330E-02  3.8566850049282647E-04  2.0680392675574723E-07
  4070   309.32000      0.0000000000000000E+00  7.1123296424115494E-07  4.0966547111682345E-03  2.0711210808178296E-02  6.8753390317941379E-04  3.1638400893110400E-07
  4080   310.08000      0.0000000000000000E+00  7.8268393900889407E-07  4.0884777925603065E-03  1.3049448347361879E-02  6.6085173642525742E-04  2.5051219023960597E-07
  4090   310.84000      0.0000000000000000E+00  7.6946117572654101E-07  4.1037609718647975E-03  2.4334882886312727E-03  4.3186419162235851E-04  2.6869159932865290E-07
  4100   311.60000      0.0000000000000000E+00  6.5403218735283791E-07  4.1292770923130268E-03  9.0969465567452973E-03  2.8153324551185004E-04  2.5572968109010962E-07
  4110   312.36000      0.0000000000000000E+00  6.9508306135762270E-07  4.1519019662765964E-03  2.0476117309098058E-02  2.9310639527755858E-04  2.4669463059275917E-07
  4120   313.12000      0.0000000000000000E+00  7.0430520838790850E-07  4.1641564153290641E-03  1.4958803363674422E-02  3.4418388531386570E-04  3.1432752874898646E-07
  4130   313.88000      0.0000000000000000E+00  7.6178892191886303E-07  4.1632806285934534E-03  2.9884869419922484E-03  2.7515429369949951E-04  2.3289749414587381E-07
  4140   314.64000      0.0000000000000000E+00  7.3693961799308591E-07  4.1468614226233330E-03  7.3029634232618231E-03  1.5341698584434721E-04  2.2893509165742790E-07
  4150   315.40000      0.0000000000000000E+00  6.7838890538390098E-07  4.1150788920534540E-03  1.9722208031048738E-02  2.3589176273395917E-04  3.1907098725432640E-07
  4160   316.16000      0.0000000000000000E+00  6.7413886784077506E-07  4.0881026797761014E-03  1.6639901626702494E-02  4.9399025948363112E-04  2.7905702907730910E-07
  4170   316.92000      0.0000000000000000E+00  7.5229001442962609E-07  4.0959697546653342E-03  3.8834573660096704E-03  5.7824529630038062E-04  2.3276051771788366E-07
  4180   317.68000      0.0000000000000000E+00  8.6088093373956507E-07  4.1439675410504502E-03  5.6281589197295064E-03  4.5684726509151794E-04  2.3062055890875480E-07
  4190   318.44000      0.0000000000000000E+00  7.4724145019820796E-07  4.1975415260439297E-03  1.8495015341679317E-02  4.8540147579278570E-04  3.4258176407019175E-07
  4200   319.20000      0.0000000000000000E+00  6.0817292134893425E-07  4.2165589891235344E-03  1.8005648579913307E-02  6.4287806550166989E-04  2.6573751876840557E-07
  4210   319.96000      0.0000000000000000E+00  6.2371911248231701E-07  4.1959169152288363E-03  5.0812040475420647E-03  5.2074592707397485E-04  1.6578479704520282E-07
  4220   320.72000      0.0000000000000000E+00  6.8337564054365860E-07  4.1581245999439236E-03  4.1917972520741208E-03  2.4294497362254059E-04  3.4236286887986953E-07
  4230   321.48000      0.0000000000000000E+00  8.3515698728347281E-07  4.1217107532290197E-03  1.6868445567534543E-02  3.6043431602428148E-04  2.7778453825945168E-07
  4240   322.24000      0.0000000000000000E+00  8.1694994847066867E-07  4.1008576100884757E-03  1.8944784625484504E-02  7.3498514608125631E-04  2.2866445683460136E-07
  4250   323.00000      0.0000000000000000E+00  6.8700883672806222E-07  4.1122695121672530E-03  6.4684889217840151E-03  7.6354807877217332E-04  2.6854613741794604E-07
  4260   323.76000      0.0000000000000000E+00  6.2715434475886538E-07  4.1566409017432301E-03  3.0472801934401566E-03  6.7861727341417559E-04  2.6832096362893039E-07
  4270   324.52000      0.0000000000000000E+00  6.1072383249096633E-07  4.2094593573380979E-03  1.4939549263005208E-02  1.1056484568959745E-03  3.0880763252682555E-07
  4280   325.28000      0.0000000000000000E+00  7.3964487958599565E-07  4.2380599149585601E-03  1.9416411672361064E-02  1.5243264004806561E-03  2.1140694830708280E-07
  4290   326.04000      0.0000000000000000E+00  7.2868176495693910E-07  4.2289071199739618E-03  7.9790886959009051E-03  1.0347153065244279E-03  2.7549610732684626E-07
  4300   326.80000      0.0000000000000000E+00  6.6235901625541070E-07  4.1883304865127733E-03  2.2646773001234301E-03  3.5210263352724333E-04  3.2274156032413774E-07
  4310   327.56000      0.0000000000000000E+00  7.2140303767532232E-07  4.1354589437309994E-03  1.2818787791208911E-02  7.5816736453922738E-04  2.1328297975309114E-07
  4320   328.32000      0.0000000000000000E+00  7.2325180393253023E-07  4.0997350041910661E-03  1.9360609959993908E-02  1.5655243305308353E-03  2.8123992042231075E-07
  4330   329.08000      0.0000000000000000E+00  7.7966428750153379E-07  4.1141697238018414E-03  9.4670187762388898E-03  1.3084631470635082E-03  2.8429952054209323E-07
  4340   329.84000      0.0000000000000000E+00  7.7436549989154511E-07  4.1780876278206614E-03  1.8641886115277088E-03  8.0997716882580373E-04  2.5994934637004821E-07
  4350   330.60000      0.0000000000000000E+00  6.6702408740353873E-07  4.2450472717092177E-03  1.0638726076203102E-02  1.7586633189847004E-03  2.5446757814460788E-07
  4360   331.36000      0.0000000000000000E+00  6.2382212357102065E-07  4.2704354269562381E-03  1.8806812577308651E-02  2.9926689715071121E-03  2.5713056865663516E-07
  4370   332.12000      0.0000000000000000E+00  7.1202838097784888E-07  4.2569008602887180E-03  1.0831837352775160E-02  2.1911016772802414E-03  2.9685713355139897E-07
  4380   332.88000      0.0000000000000000E+00  8.5344843366200706E-07  4.2238515233845222E-03  1.8274828409812407E-03  5.6522045638988157E-04  2.5658391564550089E-07
  4390   333.64000      0.0000000000000000E+00  8.6831483501449574E-07  4.1727686604824624E-03  8.5089788931255878E-03  1.1022672348289613E-03  2.3899022115822624E-07
  4400   334.40000      0.0000000000000000E+00  7.6509785834691521E-07  4.1234802284988870E-03  1.7777181859904331E-02  2.8466990338149294E-03  2.7664350617291678E-07
  4410   335.16000      0.0000000000000000E+00  6.2177658557684257E-07  4.1333882762240367E-03  1.1967274921508149E-02  2.4750425986412848E-03  3.0396822687298213E-07
  4420   335.92000      0.0000000000000000E+00  6.5177587014602761E-07  4.2196362923895194E-03  2.1259275779537271E-03  9.5073865058451781E-04  2.2381700055616477E-07
  4430   336.68000      0.0000000000000000E+00  7.5382899455529746E-07  4.3098816627380326E-03  6.5543894969477320E-03  2.0782900380706890E-03  2.2711532239527280E-07
  4440   337.44000      0.0000000000000000E+00  7.5180383050751807E-07  4.3301686881911886E-03  1.6339826806739947E-02  4.7516373924438530E-03  3.4861088040958507E-07
  4450   338.20000      0.0000000000000000E+00  7.6956472944764513E-07  4.2935563262698215E-03  1.2786004935368033E-02  4.1968512556286881E-03  2.0556576477339767E-07
  4460   338.96000      0.0000000000000000E+00  6.6495120846384956E-07  4.2537628373114081E-03  2.6769508563510278E-03  1.1336753856335648E-03  2.5348194237935347E-07
  4470   339.72000      0.0000000000000000E+00  6.5584291878156532E-07  4.2181111551253207E-03  4.8529860646458955E-03  1.1550073223074650E-03  2.9489302088369032E-07
  4480   340.48000      0.0000000000000000E+00  7.5343921371471741E-07  4.1797267991439072E-03  1.4594840568938250E-02  4.2373552510948757E-03  2.1331703243078366E-07
  4490   341.24000      0.0000000000000000E+00  6.8367168209372430E-07  4.1804293707007984E-03  1.3211750401023977E-02  4.4490767528753113E-03  3.0276034929123395E-07
  4500   342.00000      0.0000000000000000E+00  6.9429999065927648E-07  4.2575522859573016E-03  3.3976386988651582E-03  1.4952502598489228E-03  2.3674830407176038E-07
  4510   342.76000      0.0000000000000000E+00  6.7068060449392994E-07  4.3517047358790978E-03  3.4816634577227805E-03  1.8963932536375789E-03  2.5732660526066466E-07
  4520   343.52000      0.0000000000000000E+00  6.8141480251924683E-07  4.3761587923893223E-03  1.2678787491430251E-02  6.2292145050230133E-03  2.7008266324975679E-07
  4530   344.28000      0.0000000000000000E+00  7.0744900030430704E-07  4.3343213897855618E-03  1.3242378267447888E-02  6.9204329759126118E-03  2.4174707232458474E-07
  4540   345.04000      0.0000000000000000E+00  6.6148039615284516E-07  4.2887870609807791E-03  4.1833556671312640E-03  2.4027400327536960E-03  2.9501824743230968E-07
  4550   345.80000      0.0000000000000000E+00  7.0666142871238149E-07  4.2533110058594961E-03  2.4392572998793863E-03  9.2036724076467193E-04  2.4458558001257908E-07
  4560   346.56000      0.0000000000000000E+00  7.2469664797509590E-07  4.2197559605847449E-03  1.0671494821586747E-02  5.2399416165837698E-03  2.2554062702047315E-07
  4570   347.32000      0.0000000000000000E+00  7.0075039082874123E-07  4.2246631611837990E-03  1.2891761538319614E-02  7.0349839011535995E-03  2.8629372913138892E-07
  4580   348.08000      0.0000000000000000E+00  6.2903560160132913E-07  4.2988437421055551E-03  4.9528217679719036E-03  2.8316112463579609E-03  3.0774324995723067E-07
  4590   348.84000      0.0000000000000000E+00  5.9079130157668567E-07  4.3792539224944155E-03  1.7552448544789047E-03  1.3827247695985011E-03  2.1911860345337574E-07
  4600   349.60000      0.0000000000000000E+00  6.9306162969851908E-07  4.3832223717815361E-03  8.7065801268464277E-03  6.9553305474733419E-03  2.0494816870312191E-07
  4610   350.36000      0.0000000000000000E+00  7.3795268531033991E-07  4.3333148863962641E-03  1.2171120411676336E-02  1.0016527216540063E-02  3.4647394008846497E-07
  4620   351.12000      0.0000000000000000E+00  7.5547179907652952E-07  4.3056531500255020E-03  5.6148676492907270E-03  4.6937193174064881E-03  2.8310170550508758E-07
  4630   351.88000      0.0000000000000000E+00  7.0574296023617169E-07  4.2954362421624851E-03  1.3733918727185568E-03  6.4736026594031906E-04  1.7362937293679043E-07
  4640   352.64000      0.0000000000000000E+00  6.0054772593407386E-07  4.2621872188268878E-03  6.8636271160504615E-03  5.3588577991798810E-03  2.6031002153655736E-07
  4650   353.40000      0.0000000000000000E+00  6.0517768310820982E-07  4.2465245257783937E-03  1.1151899254019132E-02  9.6957042742575206E-03  3.3605313859784432E-07
  4660   354.16000      0.0000000000000000E+00  7.0954693457947847E-07  4.3099842744187648E-03  6.1064962085791413E-03  5.2278309040472608E-03  2.8316131159915526E-07
  4670   354.92000      0.0000000000000000E+00  8.4782693766328931E-07  4.3971369954834191E-03  1.2554739669073845E-03  1.0135947527804979E-03  1.4376892777950867E-07
  4680   355.68000      0.0000000000000000E+00  7.3867639201330279E-07  4.4023640896501369E-03  5.2283429922634012E-03  6.6050043199744665E-03  2.7845487377169789E-07
  4690   356.44000      0.0000000000000000E+00  6.1517185456755159E-07  4.3377006094210213E-03  9.9029747061469935E-03  1.2793266507031434E-02  3.7657507479788415E-07
  4700   357.20000      0.0000000000000000E+00  6.4874197256972731E-07  4.3029070129000351E-03  6.3631949093880839E-03  8.0831446749880711E-03  1.8917207470254390E-07
  4710   357.96000      0.0000000000000000E+00  6.4422544614098873E-07  4.3136424821179900E-03  1.3335192112653882E-03  9.5001543092480226E-04  2.3789663757647057E-07
  4720   358.72000      0.0000000000000000E+00  7.8601843045465840E-07  4.3063287356042007E-03  3.8455260889776271E-03  4.5516373436554486E-03  2.5977148957761512E-07
  4730   359.48000      0.0000000000000000E+00  7.8560052409123375E-07  4.2881540114054154E-03  8.5153372051034303E-03  1.1747470517186831E-02  3.1637013828527243E-07
  4740   360.24000      0.0000000000000000E+00  6.7065753068791483E-07  4.3287070661692344E-03  6.3769697914519037E-03  8.5391446601885759E-03  2.8718541203194659E-07
  4750   361.00000      0.0000000000000000E+00  6.6231046157282438E-07  4.4072103532811647E-03  1.5427050878798962E-03  1.3242747596210881E-03  1.4208528368355978E-07
  4760   361.76000      0.0000000000000000E+00  6.4283025854445073E-07  4.4173102625136192E-03  2.7515642792373960E-03  5.2257642581592743E-03  3.2055263944406484E-07
  4770   362.52000      0.0000000000000000E+00  7.2185938352974771E-07  4.3442057902377826E-03  7.0799216758849013E-03  1.4512196373455969E-02  3.1298832424805419E-07
  4780   363.28000      0.0000000000000000E+00  7.4146084036797499E-07  4.2966850704421597E-03  6.1259647059079061E-03  1.2217576457203136E-02  2.2564699046755538E-07
  4790   364.04000      0.0000000000000000E+00  6.5581125580460252E-07  4.3243222613972808E-03  1.7777946332686845E-03  2.3520285143914122E-03  2.4667305787119530E-07
  4800   364.80000      0.0000000000000000E+00  6.8454974751129863E-07  4.3532510886817683E-03  1.9467796449574538E-03  3.1013066958393387E-03  2.4472520320210006E-07
  4810   365.56000      0.0000000000000000E+00  6.5043003135569025E-07  4.3425690671420941E-03  5.7080898704657797E-03  1.2567626924674063E-02  3.3060904895620878E-07
  4820   366.32000      0.0000000000000000E+00  7.1451920585823400E-07  4.3508821039545276E-03  5.6893658091680070E-03  1.2294619702510178E-02  2.4499243409958615E-07
  4830   367.08000      0.0000000000000000E+00  7.5841096774529930E-07  4.3968714192236368E-03  2.0073728641620946E-03  2.8345163509062086E-03  2.3839070294527316E-07
  4840   367.84000      0.0000000000000000E+00  7.1691238957378458E-07  4.4027542879388898E-03  1.4099729549929476E-03  3.3280043991155226E-03  2.6339891556937218E-07
  4850   368.60000      0.0000000000000000E+00  6.6047453344887539E-07  4.3385544244796907E-03  4.4571884304994954E-03  1.4606377060315128E-02  2.6920354433318575E-07
  4860   369.36000      0.0000000000000000E+00  5.7168372111246712E-07  4.2998547037598036E-03  5.0861767031446341E-03  1.6293405236746484E-02  3.3845052228600116E-07
  4870   370.12000      0.0000000000000000E+00  7.3581942580035260E-07  4.3479386745989149E-03  2.1602238593440432E-03  5.0597161502797094E-03  1.9362377093310349E-07
  4880   370.88000      0.0000000000000000E+00  8.2876783653488237E-07  4.4031278491723884E-03  1.0784723193535538E-03  1.6059138730640148E-03  2.1615417191413143E-07
  4890   371.64000      0.0000000000000000E+00  7.7930012075228544E-07  4.3890373440540007E-03  3.3949794277888740E-03  1.1833358511283159E-02  3.5709491565223730E-07
  4900   372.40000      0.0000000000000000E+00  7.2087672048681979E-07  4.3619673101376738E-03  4.4036720846689125E-03  1.5698376903976682E-02  2.6463557359182203E-07
  4910   373.16000      0.0000000000000000E+00  6.4009243475224604E-07  4.3852249048826663E-03  2.2336215579882792E-03  5.6517083216398797E-03  2.2204420337604985E-07
  4920   373.92000      0.0000000000000000E+00  7.4103904121400884E-07  4.4031533044806438E-03  9.1394427708984443E-04  1.6367064244422835E-03  2.0490816619620829E-07
  4930   374.68000      0.0000000000000000E+00  7.5556712424023049E-07  4.3527673409942359E-03  2.5303397852623763E-03  1.2977679033199309E-02  3.3924751584544101E-07
  4940   375.44000      0.0000000000000000E+00  7.7200821055221371E-07  4.3071024158170268E-03  3.6821895651619678E-03  1.9479374925965305E-02  3.1605187540923147E-07
  4950   376.20000      0.0000000000000000E+00  8.1367136510424173E-07  4.3590729190384038E-03  2.1973008105771966E-03  8.9771581100088534E-03  1.4817639198987090E-07
  4960   376.96000      0.0000000000000000E+00  7.6928748051038467E-07  4.4476061354580586E-03  8.5363842026685245E-04  7.8942428129953742E-04  2.6601593944418829E-07
  4970   377.72000      0.0000000000000000E+00  7.7958991036659962E-07  4.4528006216858328E-03  1.8830891446758188E-03  9.5944603078039967E-03  3.1608174008192134E-07
  4980   378.48000      0.0000000000000000E+00  7.5610724830226930E-07  4.3965742738376759E-03  3.0228799368586835E-03  1.7843885026119811E-02  3.0014605129842810E-07
  4990   379.24000      0.0000000000000000E+00  7.4431372469226302E-07  4.3830999207562851E-03  2.0926708548534064E-03  9.4422303143911809E-03  1.8699393566058031E-07
  5000   380.00000      0.0000000000000000E+00  7.6416638108722231E-07  4.4057192469936978E-03  8.6630140791659545E-04  9.1967919867944796E-04  2.1593236092141923E-07
  5010   380.76000      0.0000000000000000E+00  7.3121764871081835E-07  4.3814965463503152E-03  1.4260114790410035E-03  9.9967631977438878E-03  3.9080388700082982E-07
  5020   381.52000      0.0000000000000000E+00  8.2415478778808706E-07  4.3390233736576708E-03  2.4378808482935269E-03  2.0955606082590394E-02  2.3469155527588575E-07
  5030   382.28000      0.0000000000000000E+00  8.0480721227463997E-07  4.3819055671676715E-03  1.9173576502769477E-03  1.3505055892416854E-02  2.0316419172964123E-07
  5040   383.04000      0.0000000000000000E+00  7.8609965668662280E-07  4.4826097662369387E-03  8.8093362741320362E-04  1.3059296630729361E-03  2.7885135899106427E-07
  5050   383.80000      0.0000000000000000E+00  7.8535771950159340E-07  4.5050743094617136E-03  1.1502765049176981E-03  6.5096959878686942E-03  2.8786301880697387E-07
  5060   384.56000      0.0000000000000000E+00  7.4455280734603577E-07  4.4333655438591364E-03  2.0064138716143474E-03  1.8161175405585057E-02  2.9696870318976587E-07
  5070   385.32000      0.0000000000000000E+00  7.6324323026076075E-07  4.3911796144985053E-03  1.7596324587722408E-03  1.3458112542733131E-02  2.0288921013682830E-07
  5080   386.08000      0.0000000000000000E+00  7.3382586497347038E-07  4.4168761088125043E-03  9.0240102334764039E-04  1.6023480851802955E-03  2.4362707932603988E-07
  5090   386.84000      0.0000000000000000E+00  7.2365480338736384E-07  4.4159000770600428E-03  1.0042551017840451E-03  6.3861285286074048E-03  3.3565114380056592E-07
  5100   387.60000      0.0000000000000000E+00  8.3348713407860430E-07  4.3731990427299701E-03  1.7200619688125679E-03  2.0263646351458952E-02  2.4040639000467589E-07
  5110   388.36000      0.0000000000000000E+00  8.3737352719717765E-07  4.4004424085895173E-03  1.6263847448582175E-03  1.7711049169804961E-02  2.4843096124931287E-07
  5120   389.12000      0.0000000000000000E+00  8.2731273972401650E-07  4.5088987471786270E-03  9.1180490960994899E-04  3.3598685039278649E-03  2.5953414671089744E-07
  5130   389.88000      0.0000000000000000E+00  7.5820231336314751E-07  4.5538261066069511E-03  9.3994364804671194E-04  3.4432327567075162E-03  2.6589213690576126E-07
  5140   390.64000      0.0000000000000000E+00  6.8600047004576126E-07  4.4804287837090888E-03  1.6161215836478502E-03  1.6484047863673787E-02  3.0069805766631988E-07
  5150   391.40000      0.0000000000000000E+00  7.7028133958770494E-07  4.4145442069966762E-03  1.6043424598259251E-03  1.6761993378060464E-02  2.2960212195664955E-07
  5160   392.16000      0.0000000000000000E+00  8.1401156325863418E-07  4.4321461137421941E-03  9.2523426120688645E-04  3.7293406085664683E-03  2.6558507660100171E-07
  5170   392.92000      0.0000000000000000E+00  8.8239400803291769E-07  4.4424671167305543E-03  9.0625052930978474E-04  3.1364837190117493E-03  2.4821693492085079E-07
  5180   393.68000      0.0000000000000000E+00  8.3290926842951776E-07  4.4002270588828288E-03  1.6309427152232481E-03  1.7525527925004589E-02  2.9855020605787240E-07
  5190   394.44000      0.0000000000000000E+00  7.5483912492981665E-07  4.4168698767670898E-03  1.7107175409470387E-03  2.0576892032831362E-02  3.0359494979546096E-07
  5200   395.20000      0.0000000000000000E+00  8.3309204080952637E-07  4.5364343835113024E-03  9.8038468611273515E-04  6.5687219494922179E-03  1.5130763739848440E-07
  5210   395.96000      0.0000000000000000E+00  7.9539175708263653E-07  4.6085574121285640E-03  8.9336916835328745E-04  1.2001129213044209E-03  3.2213400305989698E-07
  5220   396.72000      0.0000000000000000E+00  8.2841644165390870E-07  4.5324599016370289E-03  1.7625516296307583E-03  1.3180022388901001E-02  3.1895870043107803E-07
  5230   397.48000      0.0000000000000000E+00  8.3545306185666728E-07  4.4282757623721703E-03  1.9981372169268173E-03  1.8532751122486396E-02  1.9738497314467770E-07
  5240   398.24000      0.0000000000000000E+00  8.0905878088815596E-07  4.4256179282655406E-03  1.1102055629916381E-03  6.8090177938913508E-03  2.6271565517368694E-07
  5250   399.00000      0.0000000000000000E+00  8.6495825995792350E-07  4.4611903402536485E-03  8.5720618817199383E-04  1.0123278849942462E-03  2.6738492838151077E-07
  5260   399.76000      0.0000000000000000E+00  8.5400751894874514E-07  4.4386941772945497E-03  1.9245741463917655E-03  1.3364045283057699E-02  3.1942823373997798E-07
