! Kinetic energy for species "electrons"
  Iter        Time          Total Par.             Kin. Energy
     0   0.0000000            1011001  1.0972087420583956E-01
    10  0.76000000            1011254  9.7950794000454616E-02
    20   1.5200000            1011489  8.4923308499756905E-02
    30   2.2800000            1011721  9.5320744402662375E-02
    40   3.0400000            1011968  1.0939132254816542E-01
    50   3.8000000            1012203  1.0054344997281192E-01
    60   4.5600000            1012456  8.5787648265629665E-02
    70   5.3200000            1012710  9.3289788829022821E-02
    80   6.0800000            1012961  1.0886828529702698E-01
    90   6.8400000            1013201  1.0298859299005123E-01
   100   7.6000000            1013453  8.6790198364297119E-02
   110   8.3600000            1013697  9.0980147136602130E-02
   120   9.1200000            1013926  1.0761773255943013E-01
   130   9.8800000            1014171  1.0524316127727551E-01
   140   10.640000            1014413  8.8535669836629638E-02
   150   11.400000            1014660  8.9336138897221251E-02
   160   12.160000            1014897  1.0617359188614049E-01
   170   12.920000            1015138  1.0713889848017545E-01
   180   13.680000            1015379  9.0475481874864955E-02
   190   14.440000            1015623  8.7839498802029015E-02
   200   15.200000            1015847  1.0420437821677117E-01
   210   15.960000            1016091  1.0853115931890212E-01
   220   16.720000            1016330  9.2749103406774808E-02
   230   17.480000            1016571  8.6988198387969035E-02
   240   18.240000            1016813  1.0229717914158505E-01
   250   19.000000            1017057  1.0966426326784681E-01
   260   19.760000            1017282  9.5145881605097196E-02
   270   20.520000            1017530  8.6318041500777543E-02
   280   21.280000            1017760  9.9926802181013893E-02
   290   22.040000            1017996  1.1018563371246784E-01
   300   22.800000            1018228  9.7792928533518148E-02
   310   23.560000            1018470  8.6431199899664787E-02
   320   24.320000            1018717  9.7714996059762804E-02
   330   25.080000            1018956  1.1019530145417569E-01
   340   25.840000            1019200  1.0023915207356224E-01
   350   26.600000            1019425  8.6867568028609149E-02
   360   27.360000            1019665  9.5521731149177724E-02
   370   28.120000            1019908  1.0976861967879292E-01
   380   28.880000            1020142  1.0263846232769139E-01
   390   29.640000            1020374  8.7786924446518505E-02
   400   30.400000            1020613  9.3471260767524184E-02
   410   31.160000            1020846  1.0890687440184935E-01
   420   31.920000            1021084  1.0483115465912049E-01
   430   32.680000            1021329  8.9085243962212499E-02
   440   33.440000            1021563  9.1613106071551056E-02
   450   34.200000            1021783  1.0761192445907761E-01
   460   34.960000            1022026  1.0679568021281263E-01
   470   35.720000            1022269  9.0873093361717172E-02
   480   36.480000            1022513  9.0113621460057663E-02
   490   37.240000            1022750  1.0584200780448191E-01
   500   38.000000            1022982  1.0813598786412655E-01
   510   38.760000            1023207  9.2782815464072604E-02
   520   39.520000            1023437  8.9155257231110174E-02
   530   40.280000            1023674  1.0427155983316121E-01
   540   41.040000            1023895  1.0947093220862561E-01
   550   41.800000            1024127  9.4920643244838759E-02
   560   42.560000            1024353  8.8200348361585579E-02
   570   43.320000            1024587  1.0195346257920415E-01
   580   44.080000            1024809  1.1003216286516490E-01
   590   44.840000            1025037  9.7281669321052533E-02
   600   45.600000            1025280  8.8165147322847651E-02
   610   46.360000            1025516  1.0012004160505147E-01
   620   47.120000            1025733  1.1047850888190727E-01
   630   47.880000            1025963  9.9648161879282965E-02
   640   48.640000            1026198  8.8226982739371893E-02
   650   49.400000            1026434  9.7790176986997379E-02
   660   50.160000            1026662  1.1002726861879206E-01
   670   50.920000            1026891  1.0175904708797123E-01
   680   51.680000            1027117  8.8946316011942958E-02
   690   52.440000            1027362  9.6197609923222432E-02
   700   53.200000            1027607  1.0991885816299286E-01
   710   53.960000            1027832  1.0412166514552368E-01
   720   54.720000            1028059  8.9738191668654280E-02
   730   55.480000            1028284  9.3850490075215551E-02
   740   56.240000            1028517  1.0843958612600116E-01
   750   57.000000            1028750  1.0586853456612200E-01
   760   57.760000            1028976  9.1359633471897114E-02
   770   58.520000            1029189  9.2807755962751246E-02
   780   59.280000            1029419  1.0761104029804530E-01
   790   60.040000            1029664  1.0765743929579075E-01
   800   60.800000            1029915  9.2811254981748942E-02
   810   61.560000            1030151  9.1139735357714510E-02
   820   62.320000            1030374  1.0563253679440093E-01
   830   63.080000            1030602  1.0871094218487937E-01
   840   63.840000            1030840  9.4745843308868732E-02
   850   64.600000            1031063  9.0618150789024937E-02
   860   65.360000            1031297  1.0443397183418535E-01
   870   66.120000            1031535  1.1004420978105006E-01
   880   66.880000            1031773  9.6779433352197339E-02
   890   67.640000            1032006  8.9690792136959838E-02
   900   68.400000            1032230  1.0199315073141879E-01
   910   69.160000            1032463  1.1017365847103480E-01
   920   69.920000            1032694  9.8902062991884490E-02
   930   70.680000            1032911  9.0016384261556601E-02
   940   71.440000            1033137  1.0073693059939151E-01
   950   72.200000            1033364  1.1080254322666105E-01
   960   72.960000            1033587  1.0104456144473037E-01
   970   73.720000            1033827  8.9847112115565855E-02
   980   74.480000            1034052  9.8266695611053473E-02
   990   75.240000            1034285  1.1017998878892327E-01
  1000   76.000000            1034520  1.0309424668450984E-01
  1010   76.760000            1034761  9.0818536590013516E-02
  1020   77.520000            1034979  9.6983039398919918E-02
  1030   78.280000            1035206  1.1002256739118535E-01
  1040   79.040000            1035438  1.0519378926580303E-01
  1050   79.800000            1035664  9.1594572445366090E-02
  1060   80.560000            1035887  9.4870099395790886E-02
  1070   81.320000            1036119  1.0857650842024880E-01
  1080   82.080000            1036354  1.0666679032116863E-01
  1090   82.840000            1036584  9.3060773791052362E-02
  1100   83.600000            1036819  9.3997349819040774E-02
  1110   84.360000            1037031  1.0794734982471556E-01
  1120   85.120000            1037259  1.0845556239257292E-01
  1130   85.880000            1037487  9.4467581730001554E-02
  1140   86.640000            1037708  9.2376450909895533E-02
  1150   87.400000            1037950  1.0595174003457547E-01
  1160   88.160000            1038174  1.0936854445838738E-01
  1170   88.920000            1038402  9.6384557524159697E-02
  1180   89.680000            1038623  9.2012929044246877E-02
  1190   90.440000            1038852  1.0479829641267056E-01
  1200   91.200000            1039078  1.1052520629022400E-01
  1210   91.960000            1039318  9.8306650374261284E-02
  1220   92.720000            1039541  9.1278782148797810E-02
  1230   93.480000            1039752  1.0264027079232267E-01
  1240   94.240000            1039982  1.1069041099089928E-01
  1250   95.000000            1040215  1.0022785590932307E-01
  1260   95.760000            1040445  9.1403608815695800E-02
  1270   96.520000            1040683  1.0128088896757981E-01
  1280   97.280000            1040926  1.1129437268879977E-01
  1290   98.040000            1041168  1.0249195814183001E-01
  1300   98.800000            1041396  9.1523946876570256E-02
  1310   99.560000            1041614  9.9013767146398146E-02
  1320   100.32000            1041850  1.1053516038327837E-01
  1330   101.08000            1042071  1.0424426214295635E-01
  1340   101.84000            1042298  9.2386372565285271E-02
  1350   102.60000            1042521  9.7821572955342204E-02
  1360   103.36000            1042749  1.1041703793347270E-01
  1370   104.12000            1042976  1.0628053353711382E-01
  1380   104.88000            1043210  9.3190340562529617E-02
  1390   105.64000            1043437  9.5840142004219350E-02
  1400   106.40000            1043671  1.0903791644546311E-01
  1410   107.16000            1043904  1.0774230552947514E-01
  1420   107.92000            1044133  9.4651734422136563E-02
  1430   108.68000            1044360  9.4903213587074070E-02
  1440   109.44000            1044591  1.0818303038291180E-01
  1450   110.20000            1044818  1.0933700449923509E-01
  1460   110.96000            1045052  9.6169688218966626E-02
  1470   111.72000            1045280  9.3583772549033745E-02
  1480   112.48000            1045507  1.0633987013540513E-01
  1490   113.24000            1045732  1.1016628669961134E-01
  1500   114.00000            1045959  9.7935727993845673E-02
  1510   114.76000            1046184  9.3115252733936588E-02
  1520   115.52000            1046410  1.0507183992454212E-01
  1530   116.28000            1046618  1.1122074115913472E-01
  1540   117.04000            1046838  9.9901321939201676E-02
  1550   117.80000            1047066  9.2504519608866034E-02
  1560   118.56000            1047295  1.0294327390543115E-01
  1570   119.32000            1047517  1.1137156938184151E-01
  1580   120.08000            1047751  1.0192518587888363E-01
  1590   120.84000            1047992  9.2726247354545405E-02
  1600   121.60000            1048223  1.0139817793827345E-01
  1610   122.36000            1048446  1.1157422341006737E-01
  1620   123.12000            1048678  1.0397311207790286E-01
  1630   123.88000            1048898  9.2990059384568738E-02
  1640   124.64000            1049127  9.9437714538502170E-02
  1650   125.40000            1049367  1.1107548886972883E-01
  1660   126.16000            1049589  1.0586503011797810E-01
  1670   126.92000            1049820  9.3773102351479079E-02
  1680   127.68000            1050062  9.7863010109252649E-02
  1690   128.44000            1050283  1.1052229280830456E-01
  1700   129.20000            1050514  1.0785088265458621E-01
  1710   129.96000            1050737  9.4956281597298520E-02
  1720   130.72000            1050963  9.6266733331167448E-02
  1730   131.48000            1051198  1.0923270123914178E-01
  1740   132.24000            1051418  1.0922673100673339E-01
  1750   133.00000            1051639  9.6325959008961778E-02
  1760   133.76000            1051867  9.5168076850273314E-02
  1770   134.52000            1052102  1.0812855932138174E-01
  1780   135.28000            1052331  1.1071760492380804E-01
  1790   136.04000            1052549  9.8039406564016177E-02
  1800   136.80000            1052779  9.4131135797812487E-02
  1810   137.56000            1053004  1.0641604601399784E-01
  1820   138.32000            1053225  1.1158204154698521E-01
  1830   139.08000            1053447  9.9835721218026585E-02
  1840   139.84000            1053671  9.3523991073338669E-02
  1850   140.60000            1053915  1.0475854885021878E-01
  1860   141.36000            1054137  1.1234805960716189E-01
  1870   142.12000            1054376  1.0198089032995196E-01
  1880   142.88000            1054621  9.3360517326513001E-02
  1890   143.64000            1054859  1.0283381149462183E-01
  1900   144.40000            1055082  1.1236251359956992E-01
  1910   145.16000            1055313  1.0381827627771398E-01
  1920   145.92000            1055552  9.3469558720175205E-02
  1930   146.68000            1055782  1.0111120990830358E-01
  1940   147.44000            1055995  1.1239498001100495E-01
  1950   148.20000            1056226  1.0598999045837831E-01
  1960   148.96000            1056463  9.4050598405296199E-02
  1970   149.72000            1056694  9.9203400619990459E-02
  1980   150.48000            1056937  1.1161562871679993E-01
  1990   151.24000            1057156  1.0770169161479617E-01
  2000   152.00000            1057384  9.4936933902003334E-02
  2010   152.76000            1057625  9.7662386528483774E-02
  2020   153.52000            1057852  1.1081400820689304E-01
  2030   154.28000            1058076  1.0950171587712915E-01
  2040   155.04000            1058299  9.6261426752724463E-02
  2050   155.80000            1058536  9.6249600433656046E-02
  2060   156.56000            1058763  1.0944286491285726E-01
  2070   157.32000            1058987  1.1072191255374181E-01
  2080   158.08000            1059215  9.7641860647136425E-02
  2090   158.84000            1059424  9.5114799409046907E-02
  2100   159.60000            1059640  1.0806711628147979E-01
  2110   160.36000            1059873  1.1200876817762970E-01
  2120   161.12000            1060106  9.9511368124122396E-02
  2130   161.88000            1060333  9.4284318606356748E-02
  2140   162.64000            1060560  1.0619029646440681E-01
  2150   163.40000            1060788  1.1257086697267224E-01
  2160   164.16000            1061009  1.0135281185656467E-01
  2170   164.92000            1061233  9.3942843402158277E-02
  2180   165.68000            1061473  1.0449866333364392E-01
  2190   166.44000            1061710  1.1301224184948720E-01
  2200   167.20000            1061935  1.0334442130555563E-01
  2210   167.96000            1062161  9.3871199128547106E-02
  2220   168.72000            1062390  1.0258085971596428E-01
  2230   169.48000            1062624  1.1293576323441669E-01
  2240   170.24000            1062838  1.0532593897362984E-01
  2250   171.00000            1063068  9.4269700758595934E-02
  2260   171.76000            1063303  1.0077221041780877E-01
  2270   172.52000            1063526  1.1248303664960119E-01
  2280   173.28000            1063762  1.0722235893185883E-01
  2290   174.04000            1063982  9.5068826339457069E-02
  2300   174.80000            1064218  9.9110414023321686E-02
  2310   175.56000            1064449  1.1163205001859657E-01
  2320   176.32000            1064673  1.0889008209535367E-01
  2330   177.08000            1064902  9.6191254081357785E-02
  2340   177.84000            1065129  9.7684417346070085E-02
  2350   178.60000            1065370  1.1049798059041044E-01
  2360   179.36000            1065607  1.1030800049260628E-01
  2370   180.12000            1065840  9.7543193899372146E-02
  2380   180.88000            1066054  9.6479787424533420E-02
  2390   181.64000            1066283  1.0915821852239084E-01
  2400   182.40000            1066511  1.1158968365558886E-01
  2410   183.16000            1066736  9.9268872231853544E-02
  2420   183.92000            1066972  9.5567908902211562E-02
  2430   184.68000            1067206  1.0740225148774449E-01
  2440   185.44000            1067433  1.1227778633644214E-01
  2450   186.20000            1067657  1.0105536754574898E-01
  2460   186.96000            1067882  9.5138399175010879E-02
  2470   187.72000            1068110  1.0580393269772891E-01
  2480   188.48000            1068351  1.1287599552592878E-01
  2490   189.24000            1068573  1.0303686928476391E-01
  2500   190.00000            1068804  9.4951410511029621E-02
  2510   190.76000            1069036  1.0384526752913006E-01
  2520   191.52000            1069252  1.1277335413667572E-01
  2530   192.28000            1069472  1.0486368237005485E-01
  2540   193.04000            1069699  9.5218641914097041E-02
  2550   193.80000            1069930  1.0222172111336358E-01
  2560   194.56000            1070171  1.1270109326728535E-01
  2570   195.32000            1070404  1.0691365352520711E-01
  2580   196.08000            1070639  9.5842855755142092E-02
  2590   196.84000            1070853  1.0032448152986385E-01
  2600   197.60000            1071076  1.1170450646419156E-01
  2610   198.36000            1071307  1.0842749513322145E-01
  2620   199.12000            1071529  9.6865860453725514E-02
  2630   199.88000            1071752  9.9128869900795821E-02
  2640   200.64000            1071980  1.1107082911818675E-01
  2650   201.40000            1072214  1.1011995903712182E-01
  2660   202.16000            1072441  9.8033397324453625E-02
  2670   202.92000            1072665  9.7581629010786874E-02
  2680   203.68000            1072888  1.0951203828728354E-01
  2690   204.44000            1073127  1.1124359050878388E-01
  2700   205.20000            1073344  9.9642218518101400E-02
  2710   205.96000            1073574  9.6869613507889973E-02
  2720   206.72000            1073803  1.0830611846255653E-01
  2730   207.48000            1074039  1.1234360100833093E-01
  2740   208.24000            1074272  1.0132547680210602E-01
  2750   209.00000            1074499  9.6045837607811629E-02
  2760   209.76000            1074723  1.0640596518539465E-01
  2770   210.52000            1074949  1.1272838205838286E-01
  2780   211.28000            1075178  1.0311141253548203E-01
  2790   212.04000            1075421  9.5951326585221736E-02
  2800   212.80000            1075652  1.0501043859013136E-01
  2810   213.56000            1075872  1.1324743178990992E-01
  2820   214.32000            1076127  1.0508270806565900E-01
  2830   215.08000            1076344  9.5896019185396447E-02
  2840   215.84000            1076570  1.0295361098716668E-01
  2850   216.60000            1076797  1.1278874979446493E-01
  2860   217.36000            1077020  1.0681953249818826E-01
  2870   218.12000            1077252  9.6558483339576617E-02
  2880   218.88000            1077481  1.0169621460673875E-01
  2890   219.64000            1077718  1.1265521660261328E-01
  2900   220.40000            1077952  1.0869355148809777E-01
  2910   221.16000            1078178  9.7243254004565710E-02
  2920   221.92000            1078410  9.9885353923563971E-02
  2930   222.68000            1078643  1.1152500900472044E-01
  2940   223.44000            1078867  1.1012330209717106E-01
  2950   224.20000            1079108  9.8514702855961644E-02
  2960   224.96000            1079341  9.8965088564699072E-02
  2970   225.72000            1079573  1.1081938046702904E-01
  2980   226.48000            1079805  1.1164787573984300E-01
  2990   227.24000            1080035  9.9808161812087293E-02
  3000   228.00000            1080262  9.7635574255683949E-02
  3010   228.76000            1080487  1.0917432136594263E-01
  3020   229.52000            1080722  1.1253856013140670E-01
  3030   230.28000            1080958  1.0147574382470892E-01
  3040   231.04000            1081182  9.7197604138867646E-02
  3050   231.80000            1081408  1.0805266393054534E-01
  3060   232.56000            1081640  1.1354753786984434E-01
  3070   233.32000            1081869  1.0319658264952088E-01
  3080   234.08000            1082112  9.6489370352098675E-02
  3090   234.84000            1082354  1.0603439456551972E-01
  3100   235.60000            1082574  1.1371863490109640E-01
  3110   236.36000            1082807  1.0510595327082811E-01
  3120   237.12000            1083028  9.6779585748183683E-02
  3130   237.88000            1083250  1.0477448800049499E-01
  3140   238.64000            1083480  1.1400468050072504E-01
  3150   239.40000            1083704  1.0689431761517730E-01
  3160   240.16000            1083927  9.6787894761070095E-02
  3170   240.92000            1084169  1.0276285261519318E-01
  3180   241.68000            1084396  1.1349076739601507E-01
  3190   242.44000            1084623  1.0875447292723592E-01
  3200   243.20000            1084860  9.7762341194828517E-02
  3210   243.96000            1085093  1.0157360659355136E-01
  3220   244.72000            1085321  1.1304395509369375E-01
  3230   245.48000            1085548  1.1036956791255653E-01
  3240   246.24000            1085768  9.8526862621746522E-02
  3250   247.00000            1086001  9.9919623161530607E-02
  3260   247.76000            1086229  1.1192996409238105E-01
  3270   248.52000            1086447  1.1186617810151253E-01
  3280   249.28000            1086685  1.0000969450279978E-01
  3290   250.04000            1086928  9.9036457432364458E-02
  3300   250.80000            1087167  1.1091866412149666E-01
  3310   251.56000            1087386  1.1311456543172752E-01
  3320   252.32000            1087617  1.0137524722320274E-01
  3330   253.08000            1087845  9.7911900204654609E-02
  3340   253.84000            1088077  1.0932687338159884E-01
  3350   254.60000            1088314  1.1404319402322827E-01
  3360   255.36000            1088547  1.0322302944562223E-01
  3370   256.12000            1088787  9.7536725370724137E-02
  3380   256.88000            1089023  1.0791015430343216E-01
  3390   257.64000            1089255  1.1470470415027209E-01
  3400   258.40000            1089479  1.0498241199582305E-01
  3410   259.16000            1089693  9.7120903310198820E-02
  3420   259.92000            1089916  1.0606845162881372E-01
  3430   260.68000            1090143  1.1491456956272757E-01
  3440   261.44000            1090386  1.0696648204615967E-01
  3450   262.20000            1090607  9.7401310486656595E-02
  3460   262.96000            1090839  1.0450933017977290E-01
  3470   263.72000            1091057  1.1488699723963675E-01
  3480   264.48000            1091286  1.0883235987226020E-01
  3490   265.24000            1091517  9.7787653810106193E-02
  3500   266.00000            1091748  1.0273967997259416E-01
  3510   266.76000            1091979  1.1436167297242845E-01
  3520   267.52000            1092207  1.1064552715033678E-01
  3530   268.28000            1092438  9.8704157884070554E-02
  3540   269.04000            1092682  1.0131670770385656E-01
  3550   269.80000            1092914  1.1364319420115887E-01
  3560   270.56000            1093135  1.1231899921021471E-01
  3570   271.32000            1093355  9.9834605631851411E-02
  3580   272.08000            1093587  9.9906877855342843E-02
  3590   272.84000            1093809  1.1243944025715583E-01
  3600   273.60000            1094040  1.1364341289063827E-01
  3610   274.36000            1094268  1.0125084135776512E-01
  3620   275.12000            1094491  9.8918065018198401E-02
  3630   275.88000            1094731  1.1124249443632171E-01
  3640   276.64000            1094954  1.1490031773550058E-01
  3650   277.40000            1095184  1.0291636475987831E-01
  3660   278.16000            1095416  9.8015388324947481E-02
  3670   278.92000            1095655  1.0952262367017723E-01
  3680   279.68000            1095870  1.1559371181200373E-01
  3690   280.44000            1096095  1.0473778160954825E-01
  3700   281.20000            1096323  9.7674368296304312E-02
  3710   281.96000            1096549  1.0798685107055490E-01
  3720   282.72000            1096788  1.1616542353746385E-01
  3730   283.48000            1097020  1.0667236360605536E-01
  3740   284.24000            1097246  9.7503003302412544E-02
  3750   285.00000            1097480  1.0609790545158179E-01
  3760   285.76000            1097713  1.1616189654073968E-01
  3770   286.52000            1097931  1.0862325690302486E-01
  3780   287.28000            1098157  9.7886908397096892E-02
  3790   288.04000            1098393  1.0446833532943799E-01
  3800   288.80000            1098629  1.1595178091453587E-01
  3810   289.56000            1098845  1.1055094865525165E-01
  3820   290.32000            1099065  9.8523660576825212E-02
  3830   291.08000            1099302  1.0272740309944030E-01
  3840   291.84000            1099523  1.1520041730953748E-01
  3850   292.60000            1099747  1.1230037003061885E-01
  3860   293.36000            1099991  9.9627468550256948E-02
  3870   294.12000            1100213  1.0135991311797490E-01
  3880   294.88000            1100442  1.1427563130609361E-01
  3890   295.64000            1100680  1.1385610805811214E-01
  3900   296.40000            1100917  1.0089093854038622E-01
  3910   297.16000            1101150  1.0002302953713779E-01
  3920   297.92000            1101373  1.1295376966531535E-01
  3930   298.68000            1101603  1.1521976255284126E-01
  3940   299.44000            1101815  1.0261933146275293E-01
  3950   300.20000            1102046  9.9141560132318562E-02
  3960   300.96000            1102279  1.1140159107899889E-01
  3970   301.72000            1102515  1.1611107884862924E-01
  3980   302.48000            1102744  1.0436720474274633E-01
  3990   303.24000            1102969  9.8543061265263049E-02
  4000   304.00000            1103197  1.0981231817454325E-01
  4010   304.76000            1103420  1.1686371378273150E-01
  4020   305.52000            1103647  1.0636166362972826E-01
  4030   306.28000            1103867  9.8234946906914200E-02
  4040   307.04000            1104098  1.0791021695634068E-01
  4050   307.80000            1104336  1.1706268696334961E-01
  4060   308.56000            1104567  1.0841612544394992E-01
  4070   309.32000            1104801  9.8485685892035435E-02
  4080   310.08000            1105036  1.0620752857971652E-01
  4090   310.84000            1105268  1.1698831005136205E-01
  4100   311.60000            1105485  1.1039340754100598E-01
  4110   312.36000            1105729  9.8944449319251115E-02
  4120   313.12000            1105947  1.0436417297913314E-01
  4130   313.88000            1106177  1.1639021946315389E-01
  4140   314.64000            1106411  1.1226591566761662E-01
  4150   315.40000            1106649  9.9918539005476315E-02
  4160   316.16000            1106889  1.0290219668247386E-01
  4170   316.92000            1107117  1.1565910437427133E-01
  4180   317.68000            1107341  1.1402981186353489E-01
  4190   318.44000            1107570  1.0107044745099938E-01
  4200   319.20000            1107807  1.0131167136307392E-01
  4210   319.96000            1108057  1.1427812617999122E-01
  4220   320.72000            1108294  1.1543809350985224E-01
  4230   321.48000            1108521  1.0274658161729822E-01
  4240   322.24000            1108739  1.0047139800358668E-01
  4250   323.00000            1108975  1.1307382629691151E-01
  4260   323.76000            1109211  1.1666061561102398E-01
  4270   324.52000            1109439  1.0434680526222914E-01
  4280   325.28000            1109660  9.9389396226444132E-02
  4290   326.04000            1109883  1.1119933470738225E-01
  4300   326.80000            1110111  1.1747986510344328E-01
  4310   327.56000            1110341  1.0650075251675160E-01
  4320   328.32000            1110565  9.9266478755614646E-02
  4330   329.08000            1110794  1.0961841122729571E-01
  4340   329.84000            1111035  1.1792754722027129E-01
  4350   330.60000            1111269  1.0836259486194208E-01
  4360   331.36000            1111508  9.8989549246321640E-02
  4370   332.12000            1111743  1.0759916023747940E-01
  4380   332.88000            1111973  1.1794522320726110E-01
  4390   333.64000            1112193  1.1054027004640746E-01
  4400   334.40000            1112432  9.9591220525623553E-02
  4410   335.16000            1112667  1.0602100246058759E-01
  4420   335.92000            1112900  1.1768281555339603E-01
  4430   336.68000            1113123  1.1237014148015287E-01
  4440   337.44000            1113357  1.0002954115867591E-01
  4450   338.20000            1113591  1.0403760480003507E-01
  4460   338.96000            1113824  1.1689754615722130E-01
  4470   339.72000            1114062  1.1438426683828801E-01
  4480   340.48000            1114288  1.0146151060725349E-01
  4490   341.24000            1114499  1.0279991735945865E-01
  4500   342.00000            1114730  1.1588076152515880E-01
  4510   342.76000            1114960  1.1575002800381820E-01
  4520   343.52000            1115192  1.0251144134084081E-01
  4530   344.28000            1115428  1.0129907049030046E-01
  4540   345.04000            1115657  1.1457600272515747E-01
  4550   345.80000            1115889  1.1733653569797743E-01
  4560   346.56000            1116119  1.0447581378510555E-01
  4570   347.32000            1116352  1.0049199397281455E-01
  4580   348.08000            1116578  1.1296945597155666E-01
  4590   348.84000            1116810  1.1814071605730805E-01
  4600   349.60000            1117026  1.0611193912598510E-01
  4610   350.36000            1117265  9.9746254464652684E-02
  4620   351.12000            1117498  1.1127036470247700E-01
  4630   351.88000            1117736  1.1894235452375754E-01
  4640   352.64000            1117977  1.0829987650580032E-01
  4650   353.40000            1118214  9.9634121384313781E-02
  4660   354.16000            1118432  1.0945710869048889E-01
  4670   354.92000            1118660  1.1908605865082551E-01
  4680   355.68000            1118897  1.1015917361718472E-01
  4690   356.44000            1119140  9.9625043584774975E-02
  4700   357.20000            1119365  1.0761219524785945E-01
  4710   357.96000            1119579  1.1909605205406887E-01
  4720   358.72000            1119800  1.1237397368803091E-01
  4730   359.48000            1120033  1.0028447333789155E-01
  4740   360.24000            1120250  1.0582058046204718E-01
  4750   361.00000            1120470  1.1842911826401348E-01
  4760   361.76000            1120694  1.1408902594037514E-01
  4770   362.52000            1120918  1.0105392052646789E-01
  4780   363.28000            1121146  1.0424833387978011E-01
  4790   364.04000            1121382  1.1777591126775297E-01
  4800   364.80000            1121623  1.1601650225139271E-01
  4810   365.56000            1121860  1.0229661753204174E-01
  4820   366.32000            1122086  1.0266125115639634E-01
  4830   367.08000            1122319  1.1642485374131234E-01
  4840   367.84000            1122571  1.1745854731204546E-01
  4850   368.60000            1122803  1.0388270741324061E-01
  4860   369.36000            1123022  1.0163119539864371E-01
  4870   370.12000            1123252  1.1510813691048630E-01
  4880   370.88000            1123472  1.1867793194413523E-01
  4890   371.64000            1123688  1.0549924011073512E-01
  4900   372.40000            1123924  1.0062313436234854E-01
  4910   373.16000            1124156  1.1341866872211107E-01
  4920   373.92000            1124388  1.1966098781177703E-01
  4930   374.68000            1124611  1.0754016686380831E-01
  4940   375.44000            1124828  1.0015402304179151E-01
  4950   376.20000            1125067  1.1161562719865517E-01
  4960   376.96000            1125292  1.2014595206244841E-01
  4970   377.72000            1125518  1.0949151521090281E-01
  4980   378.48000            1125753  9.9905920338969750E-02
  4990   379.24000            1125994  1.0969511774042770E-01
  5000   380.00000            1126227  1.2035130432739571E-01
  5010   380.76000            1126445  1.1170048825278411E-01
  5020   381.52000            1126679  1.0024940614682391E-01
  5030   382.28000            1126916  1.0786189765587897E-01
  5040   383.04000            1127149  1.2006057033299469E-01
  5050   383.80000            1127378  1.1358394878599157E-01
  5060   384.56000            1127612  1.0069243493309239E-01
  5070   385.32000            1127836  1.0598687606010601E-01
  5080   386.08000            1128086  1.1956386028337104E-01
  5090   386.84000            1128323  1.1572729381521581E-01
  5100   387.60000            1128552  1.0182984490501303E-01
  5110   388.36000            1128778  1.0431889063885763E-01
  5120   389.12000            1129028  1.1843335445543236E-01
  5130   389.88000            1129266  1.1724365189858665E-01
  5140   390.64000            1129494  1.0296753604622286E-01
  5150   391.40000            1129715  1.0284918145450778E-01
  5160   392.16000            1129948  1.1729578127156590E-01
  5170   392.92000            1130186  1.1897749776016874E-01
  5180   393.68000            1130410  1.0473732278644311E-01
  5190   394.44000            1130642  1.0167406978096677E-01
  5200   395.20000            1130880  1.1558358160955251E-01
  5210   395.96000            1131107  1.1992144195675375E-01
  5220   396.72000            1131323  1.0637453801988948E-01
  5230   397.48000            1131551  1.0077954912317043E-01
  5240   398.24000            1131761  1.1399986381345904E-01
  5250   399.00000            1131995  1.2106399577767399E-01
  5260   399.76000            1132220  1.0860220826385608E-01
