! Kinetic energy for species "positrons"
  Iter        Time          Total Par.             Kin. Energy
     0   0.0000000             305142  3.3017843717937083E-02
    10  0.76000000             305378  3.3066941946704495E-02
    20   1.5200000             305631  3.3153789458580087E-02
    30   2.2800000             305875  3.3237354562394544E-02
    40   3.0400000             306128  3.3247845735061232E-02
    50   3.8000000             306380  3.3175119067588091E-02
    60   4.5600000             306630  3.3103223201911634E-02
    70   5.3200000             306866  3.3108289810593827E-02
    80   6.0800000             307104  3.3182103981144288E-02
    90   6.8400000             307335  3.3289739520531256E-02
   100   7.6000000             307573  3.3371532864406500E-02
   110   8.3600000             307811  3.3393701620548909E-02
   120   9.1200000             308061  3.3369711578164443E-02
   130   9.8800000             308301  3.3328720190218673E-02
   140   10.640000             308536  3.3315487576322064E-02
   150   11.400000             308769  3.3328711495043725E-02
   160   12.160000             309010  3.3348422591058670E-02
   170   12.920000             309257  3.3371732962951893E-02
   180   13.680000             309510  3.3433267956755719E-02
   190   14.440000             309770  3.3533859458718236E-02
   200   15.200000             310008  3.3615636379824801E-02
   210   15.960000             310245  3.3613825135724085E-02
   220   16.720000             310476  3.3533778701956923E-02
   230   17.480000             310712  3.3454115001948316E-02
   240   18.240000             310954  3.3446320404284885E-02
   250   19.000000             311197  3.3521655794865296E-02
   260   19.760000             311436  3.3648524120906097E-02
   270   20.520000             311683  3.3759896584551578E-02
   280   21.280000             311918  3.3792234449166111E-02
   290   22.040000             312153  3.3750124932829063E-02
   300   22.800000             312393  3.3696676753666999E-02
   310   23.560000             312627  3.3690784730035020E-02
   320   24.320000             312856  3.3722736682509219E-02
   330   25.080000             313090  3.3747950378090266E-02
   340   25.840000             313327  3.3767966509438661E-02
   350   26.600000             313569  3.3826072693871230E-02
   360   27.360000             313816  3.3918670752721855E-02
   370   28.120000             314063  3.3979914169338842E-02
   380   28.880000             314309  3.3974446695353031E-02
   390   29.640000             314548  3.3917614386825966E-02
   400   30.400000             314778  3.3860751600146843E-02
   410   31.160000             315023  3.3857188181017760E-02
   420   31.920000             315256  3.3920494456406429E-02
   430   32.680000             315488  3.4035400193347373E-02
   440   33.440000             315721  3.4128518654433816E-02
   450   34.200000             315956  3.4133207438207559E-02
   460   34.960000             316195  3.4077306339763629E-02
   470   35.720000             316430  3.4054173834392479E-02
   480   36.480000             316664  3.4096649063566339E-02
   490   37.240000             316898  3.4158591224127066E-02
   500   38.000000             317134  3.4181642604320536E-02
   510   38.760000             317363  3.4162348245147953E-02
   520   39.520000             317600  3.4156520045833014E-02
   530   40.280000             317835  3.4188351776965928E-02
   540   41.040000             318074  3.4257813019623357E-02
   550   41.800000             318299  3.4328198118248582E-02
   560   42.560000             318535  3.4360496735618855E-02
   570   43.320000             318757  3.4331901400130593E-02
   580   44.080000             318996  3.4284403958323398E-02
   590   44.840000             319219  3.4289080744593706E-02
   600   45.600000             319458  3.4364235510179128E-02
   610   46.360000             319690  3.4436109203175767E-02
   620   47.120000             319911  3.4446258097900279E-02
   630   47.880000             320132  3.4426120668652360E-02
   640   48.640000             320367  3.4445073627778627E-02
   650   49.400000             320592  3.4512031974161389E-02
   660   50.160000             320822  3.4578851593572636E-02
   670   50.920000             321052  3.4590118474633794E-02
   680   51.680000             321275  3.4535603994219052E-02
   690   52.440000             321500  3.4471835599158104E-02
   700   53.200000             321741  3.4478608243261710E-02
   710   53.960000             321966  3.4583776937472305E-02
   720   54.720000             322193  3.4731063965899089E-02
   730   55.480000             322441  3.4811276431426855E-02
   740   56.240000             322682  3.4778301476240503E-02
   750   57.000000             322912  3.4687487527998891E-02
   760   57.760000             323151  3.4633181727796863E-02
   770   58.520000             323381  3.4647899339466874E-02
   780   59.280000             323600  3.4713308156083304E-02
   790   60.040000             323829  3.4788454317743939E-02
   800   60.800000             324058  3.4847228219417409E-02
   810   61.560000             324294  3.4891040888347505E-02
   820   62.320000             324518  3.4914781402095710E-02
   830   63.080000             324751  3.4914526695730801E-02
   840   63.840000             324980  3.4874484057338645E-02
   850   64.600000             325211  3.4816994661676662E-02
   860   65.360000             325421  3.4783542243166474E-02
   870   66.120000             325656  3.4826500382616428E-02
   880   66.880000             325883  3.4940776715515910E-02
   890   67.640000             326129  3.5080399352796471E-02
   900   68.400000             326360  3.5156584401847164E-02
   910   69.160000             326575  3.5113054669837260E-02
   920   69.920000             326809  3.4992065365028607E-02
   930   70.680000             327032  3.4890452915627437E-02
   940   71.440000             327255  3.4887095278683118E-02
   950   72.200000             327490  3.4980670131039358E-02
   960   72.960000             327702  3.5112827421737443E-02
   970   73.720000             327928  3.5217811505579004E-02
   980   74.480000             328157  3.5259427263526627E-02
   990   75.240000             328389  3.5225811083868935E-02
  1000   76.000000             328614  3.5153825630451441E-02
  1010   76.760000             328840  3.5098277089362286E-02
  1020   77.520000             329070  3.5089088045686126E-02
  1030   78.280000             329303  3.5111616712840729E-02
  1040   79.040000             329527  3.5167307926253860E-02
  1050   79.800000             329748  3.5257160997163306E-02
  1060   80.560000             329982  3.5356811386725487E-02
  1070   81.320000             330217  3.5410115113813867E-02
  1080   82.080000             330461  3.5370760228836465E-02
  1090   82.840000             330691  3.5262431112952006E-02
  1100   83.600000             330914  3.5174460829557753E-02
  1110   84.360000             331148  3.5180729295179791E-02
  1120   85.120000             331390  3.5283192903240328E-02
  1130   85.880000             331621  3.5419931276003999E-02
  1140   86.640000             331849  3.5513608570906838E-02
  1150   87.400000             332084  3.5516680746637302E-02
  1160   88.160000             332316  3.5450925961951679E-02
  1170   88.920000             332532  3.5385701586291111E-02
  1180   89.680000             332769  3.5364623892143704E-02
  1190   90.440000             332993  3.5390224734952590E-02
  1200   91.200000             333211  3.5437091047533238E-02
  1210   91.960000             333442  3.5495722583877912E-02
  1220   92.720000             333665  3.5557469130364505E-02
  1230   93.480000             333903  3.5614352847005253E-02
  1240   94.240000             334134  3.5643332961261293E-02
  1250   95.000000             334374  3.5635709940039763E-02
  1260   95.760000             334601  3.5580265967844540E-02
  1270   96.520000             334821  3.5508885407123006E-02
  1280   97.280000             335053  3.5486946029617022E-02
  1290   98.040000             335278  3.5552416832756437E-02
  1300   98.800000             335516  3.5683255809553824E-02
  1310   99.560000             335747  3.5801310370121422E-02
  1320   100.32000             335969  3.5819244827894510E-02
  1330   101.08000             336210  3.5741869545205987E-02
  1340   101.84000             336438  3.5636608484532754E-02
  1350   102.60000             336661  3.5588767859625552E-02
  1360   103.36000             336877  3.5635543904587827E-02
  1370   104.12000             337105  3.5735073245954554E-02
  1380   104.88000             337329  3.5825203030967888E-02
  1390   105.64000             337544  3.5863657823792042E-02
  1400   106.40000             337774  3.5854479330289984E-02
  1410   107.16000             338010  3.5819728594900284E-02
  1420   107.92000             338227  3.5787753246452988E-02
  1430   108.68000             338461  3.5782983627331871E-02
  1440   109.44000             338698  3.5797990139822711E-02
  1450   110.20000             338926  3.5821851840619125E-02
  1460   110.96000             339163  3.5865195750234558E-02
  1470   111.72000             339383  3.5928102905654902E-02
  1480   112.48000             339614  3.5985535027817955E-02
  1490   113.24000             339847  3.6004195809610118E-02
  1500   114.00000             340066  3.5960972582291979E-02
  1510   114.76000             340302  3.5900304131131398E-02
  1520   115.52000             340528  3.5873598309110563E-02
  1530   116.28000             340768  3.5912016988543738E-02
  1540   117.04000             340978  3.5996013156386231E-02
  1550   117.80000             341185  3.6077597631616998E-02
  1560   118.56000             341400  3.6101112644935943E-02
  1570   119.32000             341629  3.6069111483607974E-02
  1580   120.08000             341867  3.6020293413055966E-02
  1590   120.84000             342105  3.6005129527228508E-02
  1600   121.60000             342336  3.6035847107302552E-02
  1610   122.36000             342560  3.6083846019607041E-02
  1620   123.12000             342804  3.6116955921641103E-02
  1630   123.88000             343022  3.6117155524151595E-02
  1640   124.64000             343253  3.6114383785181989E-02
  1650   125.40000             343469  3.6135078917493388E-02
  1660   126.16000             343710  3.6177101677007079E-02
  1670   126.92000             343943  3.6200453863491813E-02
  1680   127.68000             344178  3.6182120566705195E-02
  1690   128.44000             344404  3.6139458189333215E-02
  1700   129.20000             344636  3.6130361948594425E-02
  1710   129.96000             344870  3.6179890957124775E-02
  1720   130.72000             345098  3.6252848809485740E-02
  1730   131.48000             345330  3.6299566445690920E-02
  1740   132.24000             345558  3.6290505555687934E-02
  1750   133.00000             345791  3.6256195261259380E-02
  1760   133.76000             346012  3.6234467063145134E-02
  1770   134.52000             346245  3.6250675386568607E-02
  1780   135.28000             346472  3.6291427005413088E-02
  1790   136.04000             346697  3.6325501581033127E-02
  1800   136.80000             346926  3.6339333204117891E-02
  1810   137.56000             347151  3.6343368195364101E-02
  1820   138.32000             347383  3.6358873420947666E-02
  1830   139.08000             347618  3.6395521078697687E-02
  1840   139.84000             347858  3.6423255524411113E-02
  1850   140.60000             348087  3.6423818731916038E-02
  1860   141.36000             348312  3.6406218397982144E-02
  1870   142.12000             348545  3.6404636375869548E-02
  1880   142.88000             348765  3.6448515641555393E-02
  1890   143.64000             348995  3.6528743096404914E-02
  1900   144.40000             349222  3.6580678303891626E-02
  1910   145.16000             349456  3.6579204298109597E-02
  1920   145.92000             349680  3.6550704821398050E-02
  1930   146.68000             349917  3.6530796215140229E-02
  1940   147.44000             350155  3.6543771247505505E-02
  1950   148.20000             350377  3.6587224775183155E-02
  1960   148.96000             350615  3.6646774283785058E-02
  1970   149.72000             350840  3.6692627246594056E-02
  1980   150.48000             351069  3.6713854191590740E-02
  1990   151.24000             351292  3.6715961615000153E-02
  2000   152.00000             351518  3.6721280812424970E-02
  2010   152.76000             351748  3.6737655658728309E-02
  2020   153.52000             351972  3.6757807895880922E-02
  2030   154.28000             352207  3.6764151293717698E-02
  2040   155.04000             352431  3.6773933906336764E-02
  2050   155.80000             352663  3.6811774001468192E-02
  2060   156.56000             352886  3.6874778831630671E-02
  2070   157.32000             353117  3.6932366626594507E-02
  2080   158.08000             353344  3.6944004099312006E-02
  2090   158.84000             353567  3.6912146208691453E-02
  2100   159.60000             353793  3.6883506045297935E-02
  2110   160.36000             354028  3.6902903587130810E-02
  2120   161.12000             354246  3.6962668708461890E-02
  2130   161.88000             354473  3.7035645607566080E-02
  2140   162.64000             354702  3.7080810716373994E-02
  2150   163.40000             354933  3.7091885763148251E-02
  2160   164.16000             355165  3.7078131850744246E-02
  2170   164.92000             355400  3.7071074921125713E-02
  2180   165.68000             355619  3.7090336376448707E-02
  2190   166.44000             355845  3.7141797670921226E-02
  2200   167.20000             356077  3.7192833600495946E-02
  2210   167.96000             356297  3.7214294319367028E-02
  2220   168.72000             356530  3.7213828961754604E-02
  2230   169.48000             356747  3.7222047926407625E-02
  2240   170.24000             356980  3.7257411356498446E-02
  2250   171.00000             357219  3.7296972937550320E-02
  2260   171.76000             357444  3.7314542730342404E-02
  2270   172.52000             357680  3.7318597173571694E-02
  2280   173.28000             357910  3.7328145095483128E-02
  2290   174.04000             358141  3.7360256546463966E-02
  2300   174.80000             358369  3.7408839120228653E-02
  2310   175.56000             358609  3.7453599627982233E-02
  2320   176.32000             358847  3.7469510209116680E-02
  2330   177.08000             359082  3.7462705546965472E-02
  2340   177.84000             359300  3.7467196693760529E-02
  2350   178.60000             359514  3.7507972744512064E-02
  2360   179.36000             359752  3.7571666950176184E-02
  2370   180.12000             359975  3.7605239123195806E-02
  2380   180.88000             360202  3.7597476375273463E-02
  2390   181.64000             360438  3.7586690584931449E-02
  2400   182.40000             360662  3.7604298461116903E-02
  2410   183.16000             360898  3.7655831682723531E-02
  2420   183.92000             361107  3.7715635645253272E-02
  2430   184.68000             361356  3.7763361527436486E-02
  2440   185.44000             361585  3.7778751893643797E-02
  2450   186.20000             361812  3.7770418182019108E-02
  2460   186.96000             362041  3.7759210042863492E-02
  2470   187.72000             362261  3.7777233916299564E-02
  2480   188.48000             362477  3.7814671096480831E-02
  2490   189.24000             362715  3.7854892935816384E-02
  2500   190.00000             362934  3.7882447198386071E-02
  2510   190.76000             363157  3.7914006392707603E-02
  2520   191.52000             363388  3.7955969581061753E-02
  2530   192.28000             363621  3.7987229132078512E-02
  2540   193.04000             363854  3.7983688893882109E-02
  2550   193.80000             364099  3.7963583059393097E-02
  2560   194.56000             364326  3.7957502380796176E-02
  2570   195.32000             364560  3.7985385252459765E-02
  2580   196.08000             364796  3.8055287593936990E-02
  2590   196.84000             365019  3.8146635022089662E-02
  2600   197.60000             365252  3.8207786935863339E-02
  2610   198.36000             365464  3.8194526380641150E-02
  2620   199.12000             365693  3.8128715042060807E-02
  2630   199.88000             365926  3.8081195751545532E-02
  2640   200.64000             366150  3.8114750412711222E-02
  2650   201.40000             366383  3.8205910922461839E-02
  2660   202.16000             366627  3.8294133116027307E-02
  2670   202.92000             366848  3.8341325531264916E-02
  2680   203.68000             367063  3.8344940840182695E-02
  2690   204.44000             367306  3.8326150628050323E-02
  2700   205.20000             367533  3.8304411469156432E-02
  2710   205.96000             367752  3.8304481576698038E-02
  2720   206.72000             367979  3.8332944644769329E-02
  2730   207.48000             368197  3.8371931190771161E-02
  2740   208.24000             368428  3.8413416513827819E-02
  2750   209.00000             368657  3.8457847449478208E-02
  2760   209.76000             368886  3.8510090945432812E-02
  2770   210.52000             369116  3.8544949120110666E-02
  2780   211.28000             369330  3.8534909301526671E-02
  2790   212.04000             369548  3.8491340216026279E-02
  2800   212.80000             369781  3.8466831983903063E-02
  2810   213.56000             370008  3.8486680630468000E-02
  2820   214.32000             370248  3.8552128477933795E-02
  2830   215.08000             370480  3.8636118372515876E-02
  2840   215.84000             370707  3.8698036092954705E-02
  2850   216.60000             370945  3.8711250589802591E-02
  2860   217.36000             371176  3.8670395222782483E-02
  2870   218.12000             371403  3.8615311909980632E-02
  2880   218.88000             371628  3.8598042762888599E-02
  2890   219.64000             371859  3.8630634427301649E-02
  2900   220.40000             372097  3.8690624223628373E-02
  2910   221.16000             372331  3.8756814874127396E-02
  2920   221.92000             372558  3.8814342951447665E-02
  2930   222.68000             372795  3.8833933187235527E-02
  2940   223.44000             373028  3.8805560979431893E-02
  2950   224.20000             373252  3.8763503256577431E-02
  2960   224.96000             373478  3.8754218157706660E-02
  2970   225.72000             373705  3.8779685805323219E-02
  2980   226.48000             373929  3.8816083836349997E-02
  2990   227.24000             374172  3.8857334515807140E-02
  3000   228.00000             374407  3.8910913147204289E-02
  3010   228.76000             374636  3.8962624565131207E-02
  3020   229.52000             374871  3.8970905242266374E-02
  3030   230.28000             375091  3.8932844525782398E-02
  3040   231.04000             375334  3.8893188997985703E-02
  3050   231.80000             375573  3.8886945228078354E-02
  3060   232.56000             375811  3.8926794156807734E-02
  3070   233.32000             376040  3.8992523903514008E-02
  3080   234.08000             376264  3.9065182427117713E-02
  3090   234.84000             376482  3.9109982601229484E-02
  3100   235.60000             376715  3.9101243767753584E-02
  3110   236.36000             376955  3.9050497318450630E-02
  3120   237.12000             377197  3.9010753622915943E-02
  3130   237.88000             377417  3.9027788307132091E-02
  3140   238.64000             377650  3.9086020332893170E-02
  3150   239.40000             377883  3.9157023823187670E-02
  3160   240.16000             378095  3.9215197776112799E-02
  3170   240.92000             378311  3.9248673909889335E-02
  3180   241.68000             378545  3.9239743139628899E-02
  3190   242.44000             378786  3.9207401650857239E-02
  3200   243.20000             379021  3.9189970065062293E-02
  3210   243.96000             379247  3.9216417588500523E-02
  3220   244.72000             379466  3.9274616982851111E-02
  3230   245.48000             379683  3.9327461556286164E-02
  3240   246.24000             379918  3.9364843323632270E-02
  3250   247.00000             380145  3.9387403496006737E-02
  3260   247.76000             380377  3.9396204964547238E-02
  3270   248.52000             380599  3.9395051726874172E-02
  3280   249.28000             380831  3.9393444581321164E-02
  3290   250.04000             381062  3.9407156154837218E-02
  3300   250.80000             381296  3.9437757157886236E-02
  3310   251.56000             381524  3.9479081795856394E-02
  3320   252.32000             381758  3.9531911094479948E-02
  3330   253.08000             381985  3.9580114692228642E-02
  3340   253.84000             382206  3.9595162066065302E-02
  3350   254.60000             382433  3.9584233307651234E-02
  3360   255.36000             382674  3.9573432589378975E-02
  3370   256.12000             382897  3.9586700559047304E-02
  3380   256.88000             383123  3.9618071040700559E-02
  3390   257.64000             383348  3.9659202718099570E-02
  3400   258.40000             383587  3.9704996734702014E-02
  3410   259.16000             383821  3.9744963010349105E-02
  3420   259.92000             384052  3.9766536638657410E-02
  3430   260.68000             384293  3.9772018730902456E-02
  3440   261.44000             384520  3.9776915805354800E-02
  3450   262.20000             384746  3.9791090483845812E-02
  3460   262.96000             384978  3.9820435886049950E-02
  3470   263.72000             385214  3.9859156634353021E-02
  3480   264.48000             385445  3.9908301780465491E-02
  3490   265.24000             385688  3.9951185832923397E-02
  3500   266.00000             385907  3.9971132348844710E-02
  3510   266.76000             386150  3.9992121328027624E-02
  3520   267.52000             386377  4.0019004371351176E-02
  3530   268.28000             386605  4.0047124036131296E-02
  3540   269.04000             386823  4.0063086895317040E-02
  3550   269.80000             387049  4.0082339285777313E-02
  3560   270.56000             387284  4.0119419366025109E-02
  3570   271.32000             387514  4.0164294145684315E-02
  3580   272.08000             387742  4.0205799970649728E-02
  3590   272.84000             387968  4.0246772529407393E-02
  3600   273.60000             388209  4.0290387624993554E-02
  3610   274.36000             388427  4.0300545954615061E-02
  3620   275.12000             388657  4.0286037077062957E-02
  3630   275.88000             388892  4.0285089871411481E-02
  3640   276.64000             389120  4.0336678060293202E-02
  3650   277.40000             389344  4.0411039198658544E-02
  3660   278.16000             389576  4.0473140647880435E-02
  3670   278.92000             389784  4.0510473560422866E-02
  3680   279.68000             390012  4.0533227537770819E-02
  3690   280.44000             390247  4.0545306705744064E-02
  3700   281.20000             390495  4.0537600344540001E-02
  3710   281.96000             390714  4.0552718728675580E-02
  3720   282.72000             390940  4.0604873124026802E-02
  3730   283.48000             391170  4.0677037523244475E-02
  3740   284.24000             391388  4.0718221660194100E-02
  3750   285.00000             391612  4.0741483856565820E-02
  3760   285.76000             391846  4.0772629716235589E-02
  3770   286.52000             392076  4.0803280751420347E-02
  3780   287.28000             392306  4.0824698864946399E-02
  3790   288.04000             392531  4.0837979039086328E-02
  3800   288.80000             392761  4.0871519613288207E-02
  3810   289.56000             393001  4.0914694798091178E-02
  3820   290.32000             393227  4.0957423336820509E-02
  3830   291.08000             393455  4.1001517771048643E-02
  3840   291.84000             393692  4.1049715304076376E-02
  3850   292.60000             393920  4.1075397669362315E-02
  3860   293.36000             394145  4.1072254318765357E-02
  3870   294.12000             394379  4.1071283106735176E-02
  3880   294.88000             394605  4.1109796480527594E-02
  3890   295.64000             394822  4.1185843960404270E-02
  3900   296.40000             395055  4.1252619200584630E-02
  3910   297.16000             395284  4.1280021137035564E-02
  3920   297.92000             395525  4.1279803108450842E-02
  3930   298.68000             395755  4.1277325433871220E-02
  3940   299.44000             395987  4.1292572516638565E-02
  3950   300.20000             396207  4.1337106500497156E-02
  3960   300.96000             396440  4.1408660991876567E-02
  3970   301.72000             396673  4.1465584246607831E-02
  3980   302.48000             396892  4.1475684617845662E-02
  3990   303.24000             397098  4.1455903574377603E-02
  4000   304.00000             397322  4.1461611557576737E-02
  4010   304.76000             397546  4.1510013683491553E-02
  4020   305.52000             397779  4.1582760588148485E-02
  4030   306.28000             398009  4.1632229994446060E-02
  4040   307.04000             398236  4.1642605610363911E-02
  4050   307.80000             398462  4.1636737940786206E-02
  4060   308.56000             398706  4.1643367844793555E-02
  4070   309.32000             398930  4.1675392554838549E-02
  4080   310.08000             399164  4.1714448154147356E-02
  4090   310.84000             399390  4.1757423364626858E-02
  4100   311.60000             399620  4.1790109165898426E-02
  4110   312.36000             399866  4.1816766407726136E-02
  4120   313.12000             400102  4.1845755915525890E-02
  4130   313.88000             400333  4.1883454957448947E-02
  4140   314.64000             400571  4.1915490426311562E-02
  4150   315.40000             400794  4.1919141746661295E-02
  4160   316.16000             401021  4.1910080377163789E-02
  4170   316.92000             401252  4.1923933523750123E-02
  4180   317.68000             401485  4.1982085397221917E-02
  4190   318.44000             401728  4.2054662652388622E-02
  4200   319.20000             401960  4.2108914563031064E-02
  4210   319.96000             402194  4.2130754755227796E-02
  4220   320.72000             402436  4.2128242941328914E-02
  4230   321.48000             402669  4.2103014501999270E-02
  4240   322.24000             402896  4.2076694814039306E-02
  4250   323.00000             403124  4.2103891042110098E-02
  4260   323.76000             403348  4.2192991539346456E-02
  4270   324.52000             403572  4.2290199448118189E-02
  4280   325.28000             403805  4.2325836144614819E-02
  4290   326.04000             404029  4.2303516005482072E-02
  4300   326.80000             404255  4.2278639812222976E-02
  4310   327.56000             404487  4.2277216917333181E-02
  4320   328.32000             404724  4.2294714631134211E-02
  4330   329.08000             404967  4.2333347918005193E-02
  4340   329.84000             405200  4.2395221351238480E-02
  4350   330.60000             405433  4.2459635123535566E-02
  4360   331.36000             405659  4.2490351838902679E-02
  4370   332.12000             405878  4.2495834079165150E-02
  4380   332.88000             406108  4.2507891425236075E-02
  4390   333.64000             406348  4.2516739085659193E-02
  4400   334.40000             406570  4.2503643162601405E-02
  4410   335.16000             406805  4.2498053585359616E-02
  4420   335.92000             407034  4.2547479352076159E-02
  4430   336.68000             407264  4.2645689141481175E-02
  4440   337.44000             407501  4.2723904919995365E-02
  4450   338.20000             407740  4.2730032828849469E-02
  4460   338.96000             407962  4.2702520120234344E-02
  4470   339.72000             408192  4.2677496548615350E-02
  4480   340.48000             408431  4.2674555258662303E-02
  4490   341.24000             408663  4.2697566997535359E-02
  4500   342.00000             408892  4.2774342118892313E-02
  4510   342.76000             409116  4.2880233374962461E-02
  4520   343.52000             409348  4.2934085671212797E-02
  4530   344.28000             409582  4.2903425534485048E-02
  4540   345.04000             409820  4.2851195710102735E-02
  4550   345.80000             410050  4.2853004336737249E-02
  4560   346.56000             410265  4.2896764725880221E-02
  4570   347.32000             410493  4.2951052001240400E-02
  4580   348.08000             410719  4.3005565863761697E-02
  4590   348.84000             410946  4.3052654636808019E-02
  4600   349.60000             411176  4.3073755778333778E-02
  4610   350.36000             411417  4.3071599792412346E-02
  4620   351.12000             411652  4.3081927351243034E-02
  4630   351.88000             411885  4.3107984251861048E-02
  4640   352.64000             412108  4.3123419194273906E-02
  4650   353.40000             412324  4.3132057530157537E-02
  4660   354.16000             412551  4.3175503648986646E-02
  4670   354.92000             412777  4.3243291905748257E-02
  4680   355.68000             413004  4.3283800235633788E-02
  4690   356.44000             413230  4.3298064157130715E-02
  4700   357.20000             413459  4.3315466695855724E-02
  4710   357.96000             413697  4.3324648921920672E-02
  4720   358.72000             413941  4.3312361370434690E-02
  4730   359.48000             414171  4.3323894232679010E-02
  4740   360.24000             414404  4.3399260585088327E-02
  4750   361.00000             414642  4.3501114921434936E-02
  4760   361.76000             414875  4.3543055346740189E-02
  4770   362.52000             415104  4.3514007823132278E-02
  4780   363.28000             415338  4.3482115385171091E-02
  4790   364.04000             415564  4.3491637245118106E-02
  4800   364.80000             415789  4.3547069504586464E-02
  4810   365.56000             416027  4.3623521976946904E-02
  4820   366.32000             416253  4.3690676161275206E-02
  4830   367.08000             416484  4.3710591812480111E-02
  4840   367.84000             416708  4.3688375893009154E-02
  4850   368.60000             416932  4.3675163104690121E-02
  4860   369.36000             417178  4.3703760195601682E-02
  4870   370.12000             417396  4.3767877298067970E-02
  4880   370.88000             417625  4.3835798756118677E-02
  4890   371.64000             417861  4.3873530997315176E-02
  4900   372.40000             418087  4.3874726447368902E-02
  4910   373.16000             418319  4.3870240473809954E-02
  4920   373.92000             418547  4.3899810391973812E-02
  4930   374.68000             418787  4.3951528972372589E-02
  4940   375.44000             419021  4.3987332439525934E-02
  4950   376.20000             419243  4.4003765188078886E-02
  4960   376.96000             419481  4.4038913295582002E-02
  4970   377.72000             419705  4.4082532408937461E-02
  4980   378.48000             419931  4.4112020383336087E-02
  4990   379.24000             420165  4.4134353783029781E-02
  5000   380.00000             420388  4.4163804276360311E-02
  5010   380.76000             420624  4.4185530410208965E-02
  5020   381.52000             420846  4.4183931038247581E-02
  5030   382.28000             421078  4.4215115358131538E-02
  5040   383.04000             421322  4.4293793113532973E-02
  5050   383.80000             421562  4.4369626983189109E-02
  5060   384.56000             421786  4.4386896506914277E-02
  5070   385.32000             422022  4.4372931893440354E-02
  5080   386.08000             422254  4.4375098552921793E-02
  5090   386.84000             422484  4.4397492226497880E-02
  5100   387.60000             422728  4.4435158624904221E-02
  5110   388.36000             422962  4.4490836262008351E-02
  5120   389.12000             423203  4.4568080269288435E-02
  5130   389.88000             423427  4.4620018363375237E-02
  5140   390.64000             423641  4.4620136640913050E-02
  5150   391.40000             423855  4.4617065876332851E-02
  5160   392.16000             424079  4.4630237041091675E-02
  5170   392.92000             424307  4.4649625174140992E-02
  5180   393.68000             424542  4.4673256260432018E-02
  5190   394.44000             424772  4.4737514743882059E-02
  5200   395.20000             425004  4.4825899679607831E-02
  5210   395.96000             425255  4.4884153601042795E-02
  5220   396.72000             425492  4.4886889674222892E-02
  5230   397.48000             425715  4.4872824710026522E-02
  5240   398.24000             425958  4.4880168870516546E-02
  5250   399.00000             426195  4.4897070274269410E-02
  5260   399.76000             426426  4.4937777354290873E-02
