! EM field energy per field component
  Iter        Time                          B1                      B2                      B3                      E1                      E2                      E3
     0   0.0000000      0.0000000000000000E+00  0.0000000000000000E+00  0.0000000000000000E+00  0.0000000000000000E+00  0.0000000000000000E+00  0.0000000000000000E+00
    10  0.76000000      0.0000000000000000E+00  8.9318895613875601E-07  9.9937336466535672E-07  1.0509315693627611E-03  7.5471564364001518E-07  9.3491433444351942E-07
    20   1.5200000      0.0000000000000000E+00  1.0508279402885709E-06  1.0938923813713526E-06  2.0244060494920731E-03  5.5442439347347576E-07  5.9040590500149557E-07
    30   2.2800000      0.0000000000000000E+00  9.1526650642706130E-07  1.0400713042101473E-06  9.2423006237321147E-04  7.8128233867548308E-07  4.6246074112289825E-07
    40   3.0400000      0.0000000000000000E+00  5.6708569747654173E-07  1.5950415628580547E-06  5.9725814252466875E-04  2.2657003803427784E-06  9.1425612768549780E-07
    50   3.8000000      0.0000000000000000E+00  6.1453497442823691E-07  2.7466469068512361E-06  1.0568745273447653E-03  3.6294355860461998E-06  5.1641655595816416E-07
    60   4.5600000      0.0000000000000000E+00  7.3187725492601581E-07  4.5825357657919188E-06  2.6489876445512454E-04  3.1199184230232532E-06  5.8019268029491230E-07
    70   5.3200000      0.0000000000000000E+00  8.3417387118879197E-07  6.2587583577785789E-06  4.9005036039342605E-04  9.9356157391892524E-07  8.5634012765317722E-07
    80   6.0800000      0.0000000000000000E+00  8.9584955448722197E-07  6.9481627030593700E-06  5.8749426572637443E-04  1.1107598951042955E-06  4.6394429544984075E-07
    90   6.8400000      0.0000000000000000E+00  7.8449109436472122E-07  6.5969847743714067E-06  3.8050848654645232E-04  2.9168455550599745E-06  6.9444140523994244E-07
   100   7.6000000      0.0000000000000000E+00  7.0014885887706965E-07  7.9289834805305510E-06  2.7311876243615553E-04  1.6664946829057050E-06  7.2801962367865549E-07
   110   8.3600000      0.0000000000000000E+00  7.6585413438038577E-07  9.9989491131383305E-06  2.8960751798391850E-04  9.5577969835297479E-07  5.1600568514946467E-07
   120   9.1200000      0.0000000000000000E+00  7.3976442995131491E-07  1.0189661665626074E-05  2.6502586591819501E-04  5.4503905843202853E-06  6.5147325857608956E-07
   130   9.8800000      0.0000000000000000E+00  9.8943628271454652E-07  1.2417917375225311E-05  2.3851128042083858E-04  6.6536678771423733E-06  6.8459884501434018E-07
   140   10.640000      0.0000000000000000E+00  7.7042035846428016E-07  1.5326275685659687E-05  6.3385768914420789E-04  1.8193294253985464E-06  5.7105092853680194E-07
   150   11.400000      0.0000000000000000E+00  8.7639654033122073E-07  1.7161452884097351E-05  5.4149375433914474E-04  1.5059617288991970E-06  6.5964300591709998E-07
   160   12.160000      0.0000000000000000E+00  6.9754096515631807E-07  1.7788274980057262E-05  3.5422728433375650E-04  1.9773337044724279E-06  6.3471865696681278E-07
   170   12.920000      0.0000000000000000E+00  7.9770460079058007E-07  2.0860084746530804E-05  7.6594622842000241E-04  9.5474594661817498E-07  5.4059983768953511E-07
   180   13.680000      0.0000000000000000E+00  8.8818196507589038E-07  2.4460181987425604E-05  5.0511977215188632E-04  6.9035103624843073E-06  6.4694214066738422E-07
   190   14.440000      0.0000000000000000E+00  9.4263065895800646E-07  2.9763901406217097E-05  4.5738158606744390E-04  7.5007190615124944E-06  6.4243509224613243E-07
   200   15.200000      0.0000000000000000E+00  8.2086466784011904E-07  3.4267406240289389E-05  8.5724250885663774E-04  2.4016072139094591E-06  5.5944019213424095E-07
   210   15.960000      0.0000000000000000E+00  8.3438730246271240E-07  3.3811866286629276E-05  3.6515121810112513E-04  1.7744204265997157E-06  6.6699984223802546E-07
   220   16.720000      0.0000000000000000E+00  8.0001777772903614E-07  3.4158077142864098E-05  3.0888183998192034E-04  8.8086771202306946E-07  5.9060193167671900E-07
   230   17.480000      0.0000000000000000E+00  1.0050514474466403E-06  3.9200361948133748E-05  3.3522201992952530E-04  7.0883871096557275E-06  5.5254991851352921E-07
   240   18.240000      0.0000000000000000E+00  8.2446953126685743E-07  4.9371964859812847E-05  7.8949309150606450E-04  1.1353589061134390E-05  6.3410966842835220E-07
   250   19.000000      0.0000000000000000E+00  9.7243099483302576E-07  5.4958467464804277E-05  7.9843363548364626E-04  5.8527513983993364E-06  5.5599660653488196E-07
   260   19.760000      0.0000000000000000E+00  7.7368010945565423E-07  5.2197896637211285E-05  7.1517257416782605E-04  2.2577474490453172E-06  6.7808310422937549E-07
   270   20.520000      0.0000000000000000E+00  8.5563526949002682E-07  5.4528243818373223E-05  5.9411225553921137E-04  2.3945325944321545E-06  5.4000780738595455E-07
   280   21.280000      0.0000000000000000E+00  9.3679104842762797E-07  6.8176193801186368E-05  7.5733919118307522E-04  9.8596805415482042E-06  6.1151591349125265E-07
   290   22.040000      0.0000000000000000E+00  9.1099197808689029E-07  8.3779952044247405E-05  1.1467700882592244E-03  1.2592361956167938E-05  6.1707632120794782E-07
   300   22.800000      0.0000000000000000E+00  8.1320656043954888E-07  9.3297500732864784E-05  6.5554169225825153E-04  8.4694960110462090E-06  5.2320655103223963E-07
   310   23.560000      0.0000000000000000E+00  9.2392848498294208E-07  9.5108101823309494E-05  7.7157895340701824E-04  5.2809916326302307E-06  7.1523305955479982E-07
   320   24.320000      0.0000000000000000E+00  8.0491181190083085E-07  1.0660013924879948E-04  9.2290901013168138E-04  7.8481725657817055E-06  6.0206716113277285E-07
   330   25.080000      0.0000000000000000E+00  9.5122184069704853E-07  1.3214693706583552E-04  5.1291990007751862E-04  1.2810788382840789E-05  5.3648426451246378E-07
   340   25.840000      0.0000000000000000E+00  8.7875107469308633E-07  1.5386526725729512E-04  1.1861728118197107E-03  1.0238431379750022E-05  7.5504041294968479E-07
   350   26.600000      0.0000000000000000E+00  8.6918170184613751E-07  1.6732387045039236E-04  1.0136777234919193E-03  8.1895083997121918E-06  4.4650147527181259E-07
   360   27.360000      0.0000000000000000E+00  8.9582272690191923E-07  1.8432410522971823E-04  1.0526192555433984E-03  8.9144497726104298E-06  6.5397270013327002E-07
   370   28.120000      0.0000000000000000E+00  8.9879454216853709E-07  2.0978927821701688E-04  6.4560828358895331E-04  1.2624265871202017E-05  6.8957997605690084E-07
   380   28.880000      0.0000000000000000E+00  9.3371437888615710E-07  2.4102304435369781E-04  7.8599337064430238E-04  1.1519120954648232E-05  4.3880856256039199E-07
   390   29.640000      0.0000000000000000E+00  9.9032781984333044E-07  2.6552309226068161E-04  7.0697791073849776E-04  8.6939629642440209E-06  6.6379597145046239E-07
   400   30.400000      0.0000000000000000E+00  1.0289364700768752E-06  2.8448588241730476E-04  5.6917974471059262E-04  9.3540239209063211E-06  6.0424760411172033E-07
   410   31.160000      0.0000000000000000E+00  9.8749989033953686E-07  3.1186104738416444E-04  1.0149329925705881E-03  1.5606562297323909E-05  4.4723050021194138E-07
   420   31.920000      0.0000000000000000E+00  9.1405432633747400E-07  3.4420840047996265E-04  1.2334666126457780E-03  1.6776511014538529E-05  7.1391653126517096E-07
   430   32.680000      0.0000000000000000E+00  9.9618876261232180E-07  3.7028831923065957E-04  1.0840841582883461E-03  1.0504680547057386E-05  5.5090339110886820E-07
   440   33.440000      0.0000000000000000E+00  1.0345199179783382E-06  3.9068504862517533E-04  4.7422694422125062E-04  8.9771935335829352E-06  5.0258848033359651E-07
   450   34.200000      0.0000000000000000E+00  9.9280912727548097E-07  4.1045331870761880E-04  6.1826495262533418E-04  1.4444336396340033E-05  7.0983079914194841E-07
   460   34.960000      0.0000000000000000E+00  1.0162252841825298E-06  4.3821434638374165E-04  1.2500052722872771E-03  1.9772789761325645E-05  5.1156446047059281E-07
   470   35.720000      0.0000000000000000E+00  8.9655161329343079E-07  4.5295781257031782E-04  7.1503705592372015E-04  1.4991923022778506E-05  5.6233664799707864E-07
   480   36.480000      0.0000000000000000E+00  9.2315897325159181E-07  4.5146524609241041E-04  6.7095336819846321E-04  1.0643514596100911E-05  7.0596442897331415E-07
   490   37.240000      0.0000000000000000E+00  9.7467987823155067E-07  4.6492318228810405E-04  8.3008390976090334E-04  1.3733220003654589E-05  4.6312412403003755E-07
   500   38.000000      0.0000000000000000E+00  1.1550329587948518E-06  4.9059671016072335E-04  1.2635096724894512E-03  1.9111211420014569E-05  6.1873440880512682E-07
   510   38.760000      0.0000000000000000E+00  9.6471648187826307E-07  5.0775772150639202E-04  1.0830925501876924E-03  1.6814268576505801E-05  6.2126586918666769E-07
   520   39.520000      0.0000000000000000E+00  1.0032794328638122E-06  5.2458925746445037E-04  1.0904616563496522E-03  1.2820838536201026E-05  4.7184641402028495E-07
   530   40.280000      0.0000000000000000E+00  9.5388900527299016E-07  5.5298432606764691E-04  1.1859491406044638E-03  1.2901516753121316E-05  6.4586444131895375E-07
   540   41.040000      0.0000000000000000E+00  1.1283076087261992E-06  5.8587180120605047E-04  1.1901800370990633E-03  1.9056749615249985E-05  5.6993914356005940E-07
   550   41.800000      0.0000000000000000E+00  9.9597371806123353E-07  6.2614135298968954E-04  1.4300363973145057E-03  2.0197069215379525E-05  5.4482785012166471E-07
   560   42.560000      0.0000000000000000E+00  1.0566338453968445E-06  6.7157349498354413E-04  1.3223353066122874E-03  1.5299054457235393E-05  6.4971976573881868E-07
   570   43.320000      0.0000000000000000E+00  9.9913434218361107E-07  7.0603186911259372E-04  8.3905354879284188E-04  1.4066371369861836E-05  5.0925871608100959E-07
   580   44.080000      0.0000000000000000E+00  9.9551317661478920E-07  7.3503992386212086E-04  1.0829281971672911E-03  1.9974085084343500E-05  5.7054486373552253E-07
   590   44.840000      0.0000000000000000E+00  9.7955070042103404E-07  7.7665034713838709E-04  8.3500321273762088E-04  2.3607374124506057E-05  6.1494329013187334E-07
   600   45.600000      0.0000000000000000E+00  1.0999310855994802E-06  8.1925792442937647E-04  9.8519410668081371E-04  1.6401884941408893E-05  4.8491181661845284E-07
   610   46.360000      0.0000000000000000E+00  1.0058844040086085E-06  8.4664416329568548E-04  8.1747801591471416E-04  1.3237069615822207E-05  6.9145764778401546E-07
   620   47.120000      0.0000000000000000E+00  1.0159271242881479E-06  8.7206715490608560E-04  9.6746972180259468E-04  1.8358134212198473E-05  5.3453588574540199E-07
   630   47.880000      0.0000000000000000E+00  9.6429697872030631E-07  9.1156833546658482E-04  5.8638122294120735E-04  2.4994653545507275E-05  5.4432588657200210E-07
   640   48.640000      0.0000000000000000E+00  1.0002979645821878E-06  9.5423994355040974E-04  8.1537997939032099E-04  1.9926659702996256E-05  6.0927079642291887E-07
   650   49.400000      0.0000000000000000E+00  1.0337018248142441E-06  9.8571294886101832E-04  8.0112935737521951E-04  1.3521353576103889E-05  4.8908058254829933E-07
   660   50.160000      0.0000000000000000E+00  1.0261717277197386E-06  1.0150465230417546E-03  7.4752972433726837E-04  1.6904305286674798E-05  6.3125523653795743E-07
   670   50.920000      0.0000000000000000E+00  1.0447374183794292E-06  1.0612509397011395E-03  6.7144455306509805E-04  2.3641143218389248E-05  5.7882626467214484E-07
   680   51.680000      0.0000000000000000E+00  9.8578210946607030E-07  1.1088140249782088E-03  6.7782547967784579E-04  2.1559606602355462E-05  4.7320462335088442E-07
   690   52.440000      0.0000000000000000E+00  8.5320363591864100E-07  1.1491172653713374E-03  6.7149037153694103E-04  1.4284582059050469E-05  6.3038189987764431E-07
   700   53.200000      0.0000000000000000E+00  9.3297152047222344E-07  1.1859119649900501E-03  5.7689174884583360E-04  1.5385932891225491E-05  5.7632734757704033E-07
   710   53.960000      0.0000000000000000E+00  1.0183218512772026E-06  1.2367791447946137E-03  6.3106780766919435E-04  2.3704550680791506E-05  5.0070271464007604E-07
   720   54.720000      0.0000000000000000E+00  9.8927288198305287E-07  1.2965694215065810E-03  4.4113563522455064E-04  2.3371927905444742E-05  6.9779189880453016E-07
   730   55.480000      0.0000000000000000E+00  9.3610929719198211E-07  1.3462782484311899E-03  5.0501822872817310E-04  1.5477687146172259E-05  4.8936716071379934E-07
   740   56.240000      0.0000000000000000E+00  8.9059415406696861E-07  1.3930554940611030E-03  4.7949682964201084E-04  1.4184861983994948E-05  5.3433033800573362E-07
   750   57.000000      0.0000000000000000E+00  8.7017576429645646E-07  1.4447288050542866E-03  4.5427829917750028E-04  2.0673411285723588E-05  6.4993619598183773E-07
   760   57.760000      0.0000000000000000E+00  9.6357268189742493E-07  1.5001868477381572E-03  4.0903202608195868E-04  2.6563715832612739E-05  4.7634215763754193E-07
   770   58.520000      0.0000000000000000E+00  1.0152916329168558E-06  1.5583968230453086E-03  3.5803073030453501E-04  1.8932070329202769E-05  5.8151275731189274E-07
   780   59.280000      0.0000000000000000E+00  9.3721619145276968E-07  1.6063383666114349E-03  4.1878476627908652E-04  1.4240430654822788E-05  6.6900003676107360E-07
   790   60.040000      0.0000000000000000E+00  9.6023827183576355E-07  1.6586982774789566E-03  3.3816440934223579E-04  1.9208989236280767E-05  3.8600119109474833E-07
   800   60.800000      0.0000000000000000E+00  7.9821364913177281E-07  1.7282236413587631E-03  4.5292192208982714E-04  2.7514989545549798E-05  6.1789264169397339E-07
   810   61.560000      0.0000000000000000E+00  9.0622800241862384E-07  1.7970794606056747E-03  3.1891936944244129E-04  2.1741924231216886E-05  6.0065067938538554E-07
   820   62.320000      0.0000000000000000E+00  1.0555575040087711E-06  1.8521003829596024E-03  3.8609461205265478E-04  1.4248747807489238E-05  4.5043454350968482E-07
   830   63.080000      0.0000000000000000E+00  1.0022712324645291E-06  1.9056753952284315E-03  1.6408398553241960E-04  2.0086332484994381E-05  6.5136828382023267E-07
   840   63.840000      0.0000000000000000E+00  8.4720171347795145E-07  1.9792562068733899E-03  2.8384547202766518E-04  3.2282867273801237E-05  5.5956321886319210E-07
   850   64.600000      0.0000000000000000E+00  8.2547591125481265E-07  2.0657621909676693E-03  1.7671272686949641E-04  2.3553829118341291E-05  4.6924650067708670E-07
   860   65.360000      0.0000000000000000E+00  1.0036123581396969E-06  2.1288933595374660E-03  2.2331783847384285E-04  1.4833533147533669E-05  6.4374713123905700E-07
   870   66.120000      0.0000000000000000E+00  1.0764288142811405E-06  2.1783349325051153E-03  1.3098647796959460E-04  2.1897658365165855E-05  4.9099437404047247E-07
   880   66.880000      0.0000000000000000E+00  1.0075770999651635E-06  2.2671919675311563E-03  3.0047885075183212E-04  3.6531979738053822E-05  4.8547445135924660E-07
   890   67.640000      0.0000000000000000E+00  8.2219112577665979E-07  2.3732979487178342E-03  1.3193323331334514E-04  2.6801991974088452E-05  7.1889888584273033E-07
   900   68.400000      0.0000000000000000E+00  1.0139311319576962E-06  2.4473920142600225E-03  2.6376389468640740E-04  1.4823944298079782E-05  4.1608805308808957E-07
   910   69.160000      0.0000000000000000E+00  1.0213177496311073E-06  2.5193650816568037E-03  1.2431282619806782E-04  2.5363496669914473E-05  5.9538918343099184E-07
   920   69.920000      0.0000000000000000E+00  1.0238652996397929E-06  2.6482511461441444E-03  2.5684795719934370E-04  4.1524659606883427E-05  5.1535245297436198E-07
   930   70.680000      0.0000000000000000E+00  9.8330461166981891E-07  2.7895263108193040E-03  1.0062486336449463E-04  2.9227335031377312E-05  5.3669242979630461E-07
   940   71.440000      0.0000000000000000E+00  1.1064198689182023E-06  2.9015581190537420E-03  1.4276549291027693E-04  1.8360185861075100E-05  5.5547874379357467E-07
   950   72.200000      0.0000000000000000E+00  1.0337923631545715E-06  3.0298063605422414E-03  1.4030275589835069E-04  3.0582547892170997E-05  5.5608652427064533E-07
   960   72.960000      0.0000000000000000E+00  9.5725954799817606E-07  3.2096295176059012E-03  2.2617770819474250E-04  4.5907215197132635E-05  5.4302824712899836E-07
   970   73.720000      0.0000000000000000E+00  1.0990109523438595E-06  3.3874760451217721E-03  9.4430433945506429E-05  3.2216588545214406E-05  4.9254786103532818E-07
   980   74.480000      0.0000000000000000E+00  1.0506039644646388E-06  3.5512755765943187E-03  1.6809229807471154E-04  2.1460784124032345E-05  5.8117897492948314E-07
   990   75.240000      0.0000000000000000E+00  1.0816985070044392E-06  3.7330994974647206E-03  1.6669990671431721E-04  3.1942383301911160E-05  5.4160887280622081E-07
  1000   76.000000      0.0000000000000000E+00  1.0229962816450193E-06  3.9340525017764289E-03  1.4252463404176627E-04  4.7876626878147848E-05  5.5390300638453570E-07
  1010   76.760000      0.0000000000000000E+00  1.0569213579545465E-06  4.1506606272905186E-03  1.9326533248146204E-04  3.5562677888445663E-05  5.5020602682414600E-07
  1020   77.520000      0.0000000000000000E+00  9.8285004820848954E-07  4.3515373753706885E-03  1.0580011635276523E-04  2.3921676889676312E-05  5.1713886839558594E-07
  1030   78.280000      0.0000000000000000E+00  1.0872075173944505E-06  4.5428200846566345E-03  1.9050099094312795E-04  3.3935878472033086E-05  5.1920315821312869E-07
  1040   79.040000      0.0000000000000000E+00  1.0965749366221149E-06  4.7738572687674070E-03  1.4930031129779987E-04  5.2195155643614300E-05  5.9366269811868618E-07
  1050   79.800000      0.0000000000000000E+00  1.0357282827119280E-06  5.0185540073022384E-03  1.9109009652659600E-04  4.0066608670995732E-05  5.5448784943680220E-07
  1060   80.560000      0.0000000000000000E+00  1.0685649769129256E-06  5.2267683976286450E-03  1.4091913017950231E-04  2.6910212110536863E-05  4.9161385161598813E-07
  1070   81.320000      0.0000000000000000E+00  1.1015067802751184E-06  5.4273809300782443E-03  9.9232649087824221E-05  3.6933573008206863E-05  5.7853739892049546E-07
  1080   82.080000      0.0000000000000000E+00  1.0225996407103823E-06  5.6863551714188294E-03  1.7048639377680442E-04  5.6201304152692289E-05  5.6246890139526492E-07
  1090   82.840000      0.0000000000000000E+00  1.1416110455700836E-06  5.9684273964162680E-03  1.4948203144068148E-04  4.3426179355394151E-05  4.8084727916782698E-07
  1100   83.600000      0.0000000000000000E+00  1.1388433571630556E-06  6.1831892339905461E-03  1.0381112936002470E-04  2.9668910184827723E-05  6.6333476672880851E-07
  1110   84.360000      0.0000000000000000E+00  1.1043082423040293E-06  6.3868560778264976E-03  1.4090818522657957E-04  4.2287752427474117E-05  4.7008393660787576E-07
  1120   85.120000      0.0000000000000000E+00  1.1232456691092106E-06  6.6602034040702061E-03  1.7368740140852329E-04  6.2341313484839817E-05  5.0632101378673915E-07
  1130   85.880000      0.0000000000000000E+00  1.0156271051725449E-06  6.9402138523770680E-03  1.1469787730825345E-04  4.5866279704609020E-05  6.5286941902012154E-07
  1140   86.640000      0.0000000000000000E+00  1.1072524904862247E-06  7.1391707035079778E-03  1.0955065991643021E-04  3.3847130132230407E-05  4.0165822973334852E-07
  1150   87.400000      0.0000000000000000E+00  1.1596699849146898E-06  7.3273356758268623E-03  1.5076116411568455E-04  5.1282200738995767E-05  5.8827762404452056E-07
  1160   88.160000      0.0000000000000000E+00  1.0907591401135918E-06  7.6012554016384615E-03  2.3262008170136901E-04  6.7613967221935090E-05  6.0028476393886762E-07
  1170   88.920000      0.0000000000000000E+00  1.0681449725406834E-06  7.8847205563035844E-03  9.5159715431122820E-05  5.0667747275622886E-05  4.2923954911502761E-07
  1180   89.680000      0.0000000000000000E+00  1.1190646405910398E-06  8.0990507570142204E-03  1.3828131095334779E-04  4.3245199865639159E-05  6.0907030321321056E-07
  1190   90.440000      0.0000000000000000E+00  1.1391582267414413E-06  8.3312544462080113E-03  1.4473368640895590E-04  5.6938473198997404E-05  5.3690324913165553E-07
  1200   91.200000      0.0000000000000000E+00  1.1302801493718342E-06  8.6507301783651305E-03  2.1049009572746743E-04  7.3028950860750590E-05  4.7596521567816989E-07
  1210   91.960000      0.0000000000000000E+00  1.0456630032427109E-06  8.9695093993887136E-03  8.2336406621013572E-05  5.9857070620849954E-05  6.1366903321661444E-07
  1220   92.720000      0.0000000000000000E+00  1.0632108648128940E-06  9.2544944656100022E-03  1.8114849852856116E-04  4.8569846895411169E-05  5.0930542022893851E-07
  1230   93.480000      0.0000000000000000E+00  1.1887798337570861E-06  9.5646292973935003E-03  1.7214004531314531E-04  6.3781996311761951E-05  4.6765382872274521E-07
  1240   94.240000      0.0000000000000000E+00  1.1216040378289411E-06  9.9510074401972792E-03  1.9835459669061931E-04  8.0535926465337974E-05  6.0430583057841408E-07
  1250   95.000000      0.0000000000000000E+00  1.1093861573873217E-06  1.0376388748645105E-02  8.9364074535371805E-05  6.5880750917138691E-05  4.6894902383130220E-07
  1260   95.760000      0.0000000000000000E+00  1.0403417140252385E-06  1.0758050660361888E-02  1.6561720856733740E-04  5.4672630535040705E-05  5.7023877927803784E-07
  1270   96.520000      0.0000000000000000E+00  1.2168575082398350E-06  1.1107476914059045E-02  1.9660275378967918E-04  6.2980068231590635E-05  5.2122342858950597E-07
  1280   97.280000      0.0000000000000000E+00  1.1073211663744554E-06  1.1519584858214679E-02  1.9110315723607415E-04  8.0141214134955906E-05  5.1925987119025256E-07
  1290   98.040000      0.0000000000000000E+00  1.0551258229475302E-06  1.1982927208838576E-02  1.5330041587247793E-04  7.0292283451216245E-05  5.1995971449447579E-07
  1300   98.800000      0.0000000000000000E+00  1.1868482988610703E-06  1.2354484995064053E-02  1.7155133871802039E-04  5.0018460747357660E-05  5.3169077123552366E-07
  1310   99.560000      0.0000000000000000E+00  1.1186644849960037E-06  1.2623422245458250E-02  1.9097630011476026E-04  5.6774973829295695E-05  5.1806639975659317E-07
  1320   100.32000      0.0000000000000000E+00  1.0699891814213622E-06  1.2964905822379304E-02  1.9981209890352380E-04  8.0409644718383751E-05  5.3875289463293006E-07
  1330   101.08000      0.0000000000000000E+00  1.1136061071374510E-06  1.3386989407956820E-02  1.6040610702479461E-04  6.8103396367848640E-05  4.9725768723900699E-07
  1340   101.84000      0.0000000000000000E+00  1.2004926985003275E-06  1.3673042959318654E-02  1.8386972720906822E-04  4.7497925100327732E-05  5.5865248717119612E-07
  1350   102.60000      0.0000000000000000E+00  1.0871204048916111E-06  1.3826208807190363E-02  1.8032621709014216E-04  5.4737351843282673E-05  4.6677598158775604E-07
  1360   103.36000      0.0000000000000000E+00  1.1356886264319868E-06  1.4093818368503451E-02  1.4962558338618207E-04  7.7235123011827709E-05  5.5702872731771035E-07
  1370   104.12000      0.0000000000000000E+00  1.0797738407794702E-06  1.4431626276376310E-02  1.2862578838695568E-04  6.8460759051622086E-05  5.3969175113860734E-07
  1380   104.88000      0.0000000000000000E+00  1.2116189832735843E-06  1.4588367117702119E-02  1.2187046784970591E-04  4.6165283210608884E-05  4.6375516308253584E-07
  1390   105.64000      0.0000000000000000E+00  1.1105569819536510E-06  1.4661021818321140E-02  8.5143310854067050E-05  5.0946599805510391E-05  5.3573912100493274E-07
  1400   106.40000      0.0000000000000000E+00  1.1310966648021068E-06  1.4889905608844043E-02  1.2864541597567772E-04  7.6802204142548759E-05  5.3933162471233789E-07
  1410   107.16000      0.0000000000000000E+00  1.2072268164308634E-06  1.5119601775184656E-02  7.6591811863192138E-05  6.6872694208904221E-05  4.5883366393810825E-07
  1420   107.92000      0.0000000000000000E+00  1.0925296355884699E-06  1.5174824600052456E-02  1.2789040034758600E-04  4.5018572724894733E-05  5.6670934076961108E-07
  1430   108.68000      0.0000000000000000E+00  1.1694711021726217E-06  1.5246657769645414E-02  1.1633249810138435E-04  5.3898869684172644E-05  4.8812575160695158E-07
  1440   109.44000      0.0000000000000000E+00  1.1427830695112083E-06  1.5431812512874303E-02  1.3888002837547707E-04  7.0106275002089307E-05  4.6289745912337860E-07
  1450   110.20000      0.0000000000000000E+00  1.1630599068413472E-06  1.5555841774877465E-02  9.3928432833131274E-05  6.4386291647096599E-05  6.0130469702922185E-07
  1460   110.96000      0.0000000000000000E+00  1.1077440357724273E-06  1.5616683984979899E-02  1.1951322483401948E-04  5.4119104234619486E-05  4.5331688329831882E-07
  1470   111.72000      0.0000000000000000E+00  1.1503709177553743E-06  1.5708718366646390E-02  7.4770610843082337E-05  5.3423746138461773E-05  5.1032184333972156E-07
  1480   112.48000      0.0000000000000000E+00  1.1956835411152924E-06  1.5817838090808892E-02  1.4752611233460222E-04  6.1593516753911856E-05  5.2279337854495295E-07
  1490   113.24000      0.0000000000000000E+00  1.0352413841618274E-06  1.5887717420742013E-02  1.1725589196371043E-04  7.3164101411654661E-05  5.1374249521161301E-07
  1500   114.00000      0.0000000000000000E+00  1.0826698544263976E-06  1.5992522208455307E-02  9.7226888745523431E-05  5.9605045512084426E-05  4.6001175568944862E-07
  1510   114.76000      0.0000000000000000E+00  1.1610551532880671E-06  1.6082708673596919E-02  6.5561302363199519E-05  4.9578246483656557E-05  5.4329025078753666E-07
  1520   115.52000      0.0000000000000000E+00  1.1474011550270234E-06  1.6082944543367277E-02  1.3625801680610739E-04  6.3516088684914480E-05  4.3848362371481418E-07
  1530   116.28000      0.0000000000000000E+00  9.6619364923439805E-07  1.6129070639981452E-02  9.0055822210848713E-05  7.6945053395627278E-05  4.9845540741043309E-07
  1540   117.04000      0.0000000000000000E+00  1.0925860341858976E-06  1.6281288845196494E-02  1.1055303980017735E-04  6.1783741720915726E-05  5.5005973776636861E-07
  1550   117.80000      0.0000000000000000E+00  1.1351581769441608E-06  1.6309745187011827E-02  7.3836459203715867E-05  5.0636582626598782E-05  4.2809435912847515E-07
  1560   118.56000      0.0000000000000000E+00  1.0460563780336200E-06  1.6242800625901849E-02  1.3514990406556808E-04  5.8466409316446723E-05  4.7473387814112104E-07
  1570   119.32000      0.0000000000000000E+00  1.1170708346442593E-06  1.6323787286297537E-02  9.2719367508383918E-05  7.8715750976176841E-05  5.7554905038244542E-07
  1580   120.08000      0.0000000000000000E+00  1.1267055918079176E-06  1.6429866594541077E-02  8.2906863452962283E-05  6.9233022973499736E-05  4.1064503535855342E-07
  1590   120.84000      0.0000000000000000E+00  1.1040573643862810E-06  1.6383199658640636E-02  9.1916123898247583E-05  4.8112842781814567E-05  5.0960938224506855E-07
  1600   121.60000      0.0000000000000000E+00  1.0355020422134613E-06  1.6344927011760012E-02  1.0913298184381121E-04  5.5002385300072500E-05  5.2418301519747102E-07
  1610   122.36000      0.0000000000000000E+00  1.0989518384411197E-06  1.6423204028215222E-02  1.3975992377444137E-04  8.1033241734500332E-05  4.0423028450840668E-07
  1620   123.12000      0.0000000000000000E+00  1.1086492808253704E-06  1.6445593357177983E-02  5.8902916403414375E-05  7.1218947323841328E-05  5.2906726453564869E-07
  1630   123.88000      0.0000000000000000E+00  1.0914259814522810E-06  1.6399462929140560E-02  8.2412319770105004E-05  5.0690772262906473E-05  5.2048884800847618E-07
  1640   124.64000      0.0000000000000000E+00  1.0267472547204070E-06  1.6404671558387984E-02  1.1174555760865571E-04  5.9868984829400989E-05  4.0229825504771984E-07
  1650   125.40000      0.0000000000000000E+00  9.5745573177624680E-07  1.6439027471433967E-02  1.4131973030662539E-04  7.4871476028393131E-05  5.4449114080236930E-07
  1660   126.16000      0.0000000000000000E+00  1.0910741781363684E-06  1.6419634316505893E-02  4.9944584315262240E-05  7.3832248497971787E-05  4.7100551812120547E-07
  1670   126.92000      0.0000000000000000E+00  1.0534386413035265E-06  1.6412443866951176E-02  7.8791895831292636E-05  6.3046600211426288E-05  3.9455668212564960E-07
  1680   127.68000      0.0000000000000000E+00  9.5860294423224109E-07  1.6427262634687037E-02  1.1014871012525865E-04  6.1685996251831834E-05  6.1658094802804661E-07
  1690   128.44000      0.0000000000000000E+00  9.9756240583906754E-07  1.6390431144638208E-02  1.2849694075836782E-04  6.7021182197186734E-05  4.1438167180133447E-07
  1700   129.20000      0.0000000000000000E+00  9.6552237887315860E-07  1.6368019355315330E-02  9.4386993883433128E-05  8.0203040086057592E-05  4.3586864303523207E-07
  1710   129.96000      0.0000000000000000E+00  1.0168566408654405E-06  1.6409482393771324E-02  6.2088473625275114E-05  7.5169203846871876E-05  5.4887994122484397E-07
  1720   130.72000      0.0000000000000000E+00  9.5649112326227481E-07  1.6415031211160950E-02  7.4836010238011922E-05  5.6902660440753157E-05  3.9175133876182184E-07
  1730   131.48000      0.0000000000000000E+00  1.0146558829137735E-06  1.6363150790746909E-02  1.1768091282925050E-04  6.2716938245212196E-05  5.1406079124851359E-07
  1740   132.24000      0.0000000000000000E+00  9.6931604850871609E-07  1.6386323839592223E-02  1.4378578876300777E-04  8.9386598655470724E-05  5.2692910546942111E-07
  1750   133.00000      0.0000000000000000E+00  9.9471504419980334E-07  1.6479225488815669E-02  8.1064851593365997E-05  7.7828895004650390E-05  3.6640941483430940E-07
  1760   133.76000      0.0000000000000000E+00  8.4452178000812140E-07  1.6490873678955374E-02  6.8203989543705641E-05  5.3575376828690506E-05  5.0878471473073080E-07
  1770   134.52000      0.0000000000000000E+00  9.7104514475587904E-07  1.6457011097649885E-02  1.0927404281354634E-04  6.4927065700124361E-05  4.6431296910774723E-07
  1780   135.28000      0.0000000000000000E+00  1.0115100482306102E-06  1.6534675422233185E-02  1.0855407043046364E-04  9.2375868411797858E-05  4.4304008916774702E-07
  1790   136.04000      0.0000000000000000E+00  9.2230793081082537E-07  1.6647465584548379E-02  5.2008561497616348E-05  7.4676606132408887E-05  4.8833802992794041E-07
  1800   136.80000      0.0000000000000000E+00  8.7576105984937248E-07  1.6662050518088133E-02  6.3896086713742279E-05  5.4445208632431147E-05  5.1475154855259998E-07
  1810   137.56000      0.0000000000000000E+00  9.3187592322751902E-07  1.6664066255623607E-02  1.2172107473829172E-04  7.0915400678056334E-05  3.6672989359466952E-07
  1820   138.32000      0.0000000000000000E+00  9.5697274095864321E-07  1.6771704393159812E-02  1.1542489517359134E-04  9.1451116111868102E-05  5.0925636571754283E-07
  1830   139.08000      0.0000000000000000E+00  9.3805307714854322E-07  1.6894339813935483E-02  5.6258281937074763E-05  7.5347658998933760E-05  4.4773410803853722E-07
  1840   139.84000      0.0000000000000000E+00  9.2840257663298794E-07  1.6921282310209548E-02  6.4871287109313642E-05  6.0701957051205715E-05  4.8101643571108198E-07
  1850   140.60000      0.0000000000000000E+00  9.2662993702273576E-07  1.6959028577192854E-02  1.2501874300969692E-04  7.2832597627950786E-05  4.6862417823704591E-07
  1860   141.36000      0.0000000000000000E+00  9.3663633740814246E-07  1.7078124937912338E-02  9.8202647797978053E-05  8.8440665177265062E-05  4.5486918930660636E-07
  1870   142.12000      0.0000000000000000E+00  9.8721885683913315E-07  1.7194204458323582E-02  5.8275369367769010E-05  7.8773709437834894E-05  4.3538656080264212E-07
  1880   142.88000      0.0000000000000000E+00  9.0013121827989783E-07  1.7256454879920825E-02  8.5362547360171985E-05  6.6125731230766091E-05  4.6859755504463866E-07
  1890   143.64000      0.0000000000000000E+00  9.5351238514901913E-07  1.7314475408349531E-02  1.1249661332046390E-04  7.1730035652013344E-05  4.9969880899906612E-07
  1900   144.40000      0.0000000000000000E+00  1.0248136275480376E-06  1.7413789456456826E-02  7.4105851278448960E-05  8.5594073808163880E-05  4.6301742381828639E-07
  1910   145.16000      0.0000000000000000E+00  1.0425208319339858E-06  1.7527446910679371E-02  6.7763239945829056E-05  8.2625310358749025E-05  4.0907089794829862E-07
  1920   145.92000      0.0000000000000000E+00  9.0757359096355940E-07  1.7618936123449072E-02  7.4590291247536182E-05  7.0554572338286670E-05  5.6800867504869754E-07
  1930   146.68000      0.0000000000000000E+00  9.7456600604756036E-07  1.7699784123351381E-02  8.1446324266523022E-05  6.8414799886788545E-05  3.2366716565506471E-07
  1940   147.44000      0.0000000000000000E+00  9.4276379511761006E-07  1.7787999061606472E-02  5.7176424105258442E-05  8.5631197809295454E-05  5.6826596103718454E-07
  1950   148.20000      0.0000000000000000E+00  1.0735613443582589E-06  1.7923820094404058E-02  7.4902700359906702E-05  8.7448477160443990E-05  4.4645655877246265E-07
  1960   148.96000      0.0000000000000000E+00  1.1146952044766336E-06  1.8075994687772330E-02  7.2589204701336318E-05  7.2618245596231640E-05  3.7062895714836227E-07
  1970   149.72000      0.0000000000000000E+00  9.2867978677183235E-07  1.8160492599951127E-02  9.4435295482964932E-05  6.6009474356550389E-05  5.6370017612172933E-07
  1980   150.48000      0.0000000000000000E+00  1.0072210792780695E-06  1.8251676650413586E-02  6.3462239439235132E-05  8.4741405479515653E-05  3.6975873379301978E-07
  1990   151.24000      0.0000000000000000E+00  1.0121402730460793E-06  1.8432671159576645E-02  6.9782441693694807E-05  9.5684589136661765E-05  4.2603044246436604E-07
  2000   152.00000      0.0000000000000000E+00  1.0330317767284547E-06  1.8607830523290576E-02  6.6037197189697572E-05  7.4969993147641918E-05  4.8979625386519790E-07
  2010   152.76000      0.0000000000000000E+00  9.5810547811522163E-07  1.8689750651814996E-02  9.2324885884362726E-05  6.4019940902847454E-05  3.6890966459760460E-07
  2020   153.52000      0.0000000000000000E+00  9.5797477689752475E-07  1.8805100195372813E-02  7.2628787599946765E-05  8.5591284461836615E-05  4.2756927391420157E-07
  2030   154.28000      0.0000000000000000E+00  9.2616024005390782E-07  1.9032983403461975E-02  7.5379042213979787E-05  9.8940708506193708E-05  4.5067651586098900E-07
  2040   155.04000      0.0000000000000000E+00  8.1585833393268507E-07  1.9226215527713374E-02  7.7523573166912068E-05  7.4785316361393960E-05  3.8149658305887272E-07
  2050   155.80000      0.0000000000000000E+00  9.3397732059895655E-07  1.9302123598684016E-02  9.6079423904769928E-05  6.5608065802508651E-05  4.0590800127827982E-07
  2060   156.56000      0.0000000000000000E+00  9.1511834422213225E-07  1.9424343542750886E-02  8.7664851735266619E-05  8.6540387368674824E-05  4.4874707766861920E-07
  2070   157.32000      0.0000000000000000E+00  9.3426804123781774E-07  1.9654025142616889E-02  8.3094867212059136E-05  9.8240043792576995E-05  3.4800147639201378E-07
  2080   158.08000      0.0000000000000000E+00  9.0670772256798895E-07  1.9808710172469404E-02  6.8223864537827978E-05  7.7246262271872350E-05  4.1967184343470775E-07
  2090   158.84000      0.0000000000000000E+00  8.2580360717267259E-07  1.9874056685303159E-02  9.0129286340981691E-05  6.8033669120605715E-05  4.3247347971201523E-07
  2100   159.60000      0.0000000000000000E+00  8.4945643483919368E-07  2.0012459584752992E-02  7.9843319038950153E-05  8.6578618702824931E-05  3.2728710833415720E-07
  2110   160.36000      0.0000000000000000E+00  9.4616368087109811E-07  2.0205694917998191E-02  7.6635138427357658E-05  1.0032758325645640E-04  4.7306906597008215E-07
  2120   161.12000      0.0000000000000000E+00  9.4037626853903972E-07  2.0327946232392289E-02  6.9230159499308969E-05  8.2540584591462999E-05  3.5961617415814701E-07
  2130   161.88000      0.0000000000000000E+00  9.0207694927349152E-07  2.0430836558593526E-02  9.6804763667352720E-05  7.2186588864151739E-05  3.9817344711787325E-07
  2140   162.64000      0.0000000000000000E+00  8.9395798563407107E-07  2.0591708146484276E-02  7.8520552629844718E-05  8.2663292771955243E-05  4.3324299867336425E-07
  2150   163.40000      0.0000000000000000E+00  8.7561966550236402E-07  2.0741645546940697E-02  7.4602698779172155E-05  1.0144871334410572E-04  3.5332977569620431E-07
  2160   164.16000      0.0000000000000000E+00  9.2784764194431262E-07  2.0870591671458934E-02  5.6967265361628808E-05  9.3190039397234411E-05  4.1639326135116997E-07
  2170   164.92000      0.0000000000000000E+00  9.7709699297290313E-07  2.1029805556708622E-02  9.6573706109993079E-05  7.8331828675066886E-05  3.9687386081420333E-07
  2180   165.68000      0.0000000000000000E+00  9.2652120052435498E-07  2.1172605222528014E-02  1.0643841794525483E-04  7.7570053162431113E-05  3.7574669221211259E-07
  2190   166.44000      0.0000000000000000E+00  8.9386089780262339E-07  2.1285496923244499E-02  7.9098156007153722E-05  9.9536248252422434E-05  4.3034432178759133E-07
  2200   167.20000      0.0000000000000000E+00  9.1929178443876633E-07  2.1454811875219790E-02  6.5541449243590870E-05  1.0318719795148531E-04  3.5191204906265328E-07
  2210   167.96000      0.0000000000000000E+00  9.0246386390852577E-07  2.1651453381843665E-02  8.2481189814625469E-05  8.2860352655941927E-05  4.1565523245752529E-07
  2220   168.72000      0.0000000000000000E+00  9.3289633986473716E-07  2.1750473148175607E-02  1.2233425489731738E-04  7.4220644089795934E-05  3.7976651171475543E-07
  2230   169.48000      0.0000000000000000E+00  1.0609658947932434E-06  2.1865113258625557E-02  1.0298266222400054E-04  9.5842550206526615E-05  3.6028308867709783E-07
  2240   170.24000      0.0000000000000000E+00  9.6203802306144867E-07  2.2071775690189040E-02  6.3102464809183567E-05  1.0846791210298532E-04  4.1517349984228704E-07
  2250   171.00000      0.0000000000000000E+00  9.2781180388830216E-07  2.2240250861931973E-02  6.9093126846061470E-05  8.2378104897682232E-05  4.0310446538455772E-07
  2260   171.76000      0.0000000000000000E+00  9.6012365871077582E-07  2.2290913874003601E-02  9.8370359301109436E-05  7.1656451366676084E-05  3.3464490466229388E-07
  2270   172.52000      0.0000000000000000E+00  9.7694955897834964E-07  2.2384511991588554E-02  1.2089473262570970E-04  9.5625518414873089E-05  4.2013075177776330E-07
  2280   173.28000      0.0000000000000000E+00  1.0131590825894804E-06  2.2564924832661551E-02  6.9613957086091409E-05  1.0894132543549059E-04  3.6917830664468712E-07
  2290   174.04000      0.0000000000000000E+00  9.7116170604806712E-07  2.2666823361176605E-02  8.0253171288756080E-05  8.1879969076115205E-05  3.5694589887771261E-07
  2300   174.80000      0.0000000000000000E+00  9.1974607267524991E-07  2.2695154872703564E-02  9.5876168705050284E-05  7.3374087842272660E-05  4.7083617870828160E-07
  2310   175.56000      0.0000000000000000E+00  9.7741142309972308E-07  2.2765189963053736E-02  1.2119785139360390E-04  9.5559086412996670E-05  3.1440407149658731E-07
  2320   176.32000      0.0000000000000000E+00  1.0418968265888948E-06  2.2886362946285516E-02  7.4068744665036390E-05  1.0551875842482879E-04  4.2213462098526440E-07
  2330   177.08000      0.0000000000000000E+00  9.7658414390963553E-07  2.2945101118268942E-02  5.8834156119208787E-05  8.5881283913070164E-05  3.9167324457484307E-07
  2340   177.84000      0.0000000000000000E+00  9.3078723784058832E-07  2.2978940528868591E-02  9.8274538916455706E-05  7.9798621375963010E-05  3.7895721736235732E-07
  2350   178.60000      0.0000000000000000E+00  9.4478244311134067E-07  2.3049930691960450E-02  1.0810402636991169E-04  8.8961710878036914E-05  3.8826459194976347E-07
  2360   179.36000      0.0000000000000000E+00  1.0258782264426251E-06  2.3126656036060025E-02  8.6726732750565759E-05  1.0145023261521263E-04  4.0841662134112952E-07
  2370   180.12000      0.0000000000000000E+00  9.9896141216214845E-07  2.3176641408543058E-02  8.0944546363217218E-05  9.5662020219471300E-05  3.5058967831726176E-07
  2380   180.88000      0.0000000000000000E+00  9.5626084582578386E-07  2.3235654949894713E-02  9.6912254050673832E-05  8.5039503005298597E-05  4.2547545761508881E-07
  2390   181.64000      0.0000000000000000E+00  8.6432347735404533E-07  2.3290481994267791E-02  8.3304976239420765E-05  8.4699586094768756E-05  3.9365685700157011E-07
  2400   182.40000      0.0000000000000000E+00  9.1633948847186004E-07  2.3341311564219657E-02  8.7767775112580906E-05  1.0031910528925783E-04  3.8269881348803687E-07
  2410   183.16000      0.0000000000000000E+00  1.0320364956474431E-06  2.3408824000704084E-02  6.5326669570017802E-05  1.0423991830318442E-04  3.6768251504936173E-07
  2420   183.92000      0.0000000000000000E+00  9.1910198377948430E-07  2.3489471330130678E-02  8.5786062176920237E-05  8.8069394499222785E-05  4.3592891045028497E-07
  2430   184.68000      0.0000000000000000E+00  8.9081444118715001E-07  2.3511527112865475E-02  6.9373597138099521E-05  8.2929039940293997E-05  3.3337355465875002E-07
  2440   185.44000      0.0000000000000000E+00  8.6503999630729446E-07  2.3520777358168047E-02  1.1423310432345836E-04  1.0522022861852718E-04  4.5204116691236503E-07
  2450   186.20000      0.0000000000000000E+00  9.6386091376816865E-07  2.3613903475686867E-02  7.0735689044970095E-05  1.1306917450732126E-04  3.5810727695910323E-07
  2460   186.96000      0.0000000000000000E+00  9.5023128957810880E-07  2.3706184626726287E-02  9.7467821832854842E-05  9.2089312994256034E-05  3.6416935144383969E-07
  2470   187.72000      0.0000000000000000E+00  9.1283620870567450E-07  2.3701566153543182E-02  8.4916876863802026E-05  8.4891025035312782E-05  4.0247006922128690E-07
  2480   188.48000      0.0000000000000000E+00  9.3291443803653281E-07  2.3726532518669116E-02  1.3335550635634058E-04  1.0756350423509914E-04  3.8875134896262944E-07
  2490   189.24000      0.0000000000000000E+00  8.3295075263689782E-07  2.3842612780713323E-02  7.8569165656474350E-05  1.1752971507809460E-04  3.7429572387378511E-07
  2500   190.00000      0.0000000000000000E+00  8.4806147739709825E-07  2.3912995521321284E-02  1.1226180527712051E-04  9.4299468989498481E-05  4.1145083484961179E-07
  2510   190.76000      0.0000000000000000E+00  9.1149867892540991E-07  2.3910099918447981E-02  8.6316118564117933E-05  8.9486780323574315E-05  3.6083382546308301E-07
  2520   191.52000      0.0000000000000000E+00  9.6720738782929273E-07  2.3965240506387660E-02  1.1760955447849855E-04  1.0984793782078561E-04  3.6168077999439769E-07
  2530   192.28000      0.0000000000000000E+00  8.7998642583661914E-07  2.4099860655528299E-02  1.1766455157299463E-04  1.1723349426180792E-04  4.3844704520803276E-07
  2540   193.04000      0.0000000000000000E+00  7.9698201089550750E-07  2.4163660411408994E-02  1.2265189253289253E-04  1.0068631064315335E-04  3.6306892301042194E-07
  2550   193.80000      0.0000000000000000E+00  8.7623521832911956E-07  2.4190567901028744E-02  1.4409074733183507E-04  9.4641103127200292E-05  4.0231182023383572E-07
  2560   194.56000      0.0000000000000000E+00  9.4147308248773765E-07  2.4290860962565337E-02  1.2559920235846525E-04  1.0908787434034193E-04  3.4023159901303637E-07
  2570   195.32000      0.0000000000000000E+00  9.2192014378318300E-07  2.4419019526718155E-02  1.4513734761802742E-04  1.1688155801377766E-04  4.0274937359344021E-07
  2580   196.08000      0.0000000000000000E+00  8.1063083257607595E-07  2.4494855460948914E-02  1.1794863707215034E-04  1.0637677020588762E-04  3.8699228269182403E-07
  2590   196.84000      0.0000000000000000E+00  8.8481399139753587E-07  2.4567181136830235E-02  1.5021488232899434E-04  1.0170915788091415E-04  3.9814492797131128E-07
  2600   197.60000      0.0000000000000000E+00  9.0096209727722941E-07  2.4688662105296293E-02  1.5591291544772337E-04  1.0704251938088376E-04  3.5586043022569879E-07
  2610   198.36000      0.0000000000000000E+00  8.1439403907379273E-07  2.4810775891133782E-02  1.9776432167187559E-04  1.1436771309495491E-04  3.9738218225528515E-07
  2620   199.12000      0.0000000000000000E+00  8.6097175691827914E-07  2.4921839084698340E-02  1.3448331906431042E-04  1.1223554455613552E-04  3.4706658186398984E-07
  2630   199.88000      0.0000000000000000E+00  9.2317782317725438E-07  2.5055779263154825E-02  1.8448749408318154E-04  1.0594357354181896E-04  4.0338313463498771E-07
  2640   200.64000      0.0000000000000000E+00  9.6426162429065125E-07  2.5209043223441471E-02  1.8515090607581228E-04  1.0426936407058061E-04  3.3853443315046607E-07
  2650   201.40000      0.0000000000000000E+00  8.6010223228535976E-07  2.5336654775352463E-02  2.0314334130451934E-04  1.1179475582066615E-04  4.1223698712088750E-07
  2660   202.16000      0.0000000000000000E+00  8.5987048217625176E-07  2.5486847133910473E-02  1.5315439029816837E-04  1.1379872023035662E-04  3.4822333897607319E-07
  2670   202.92000      0.0000000000000000E+00  9.4780508678397100E-07  2.5679036248283528E-02  1.9250120417077369E-04  1.0910907302151244E-04  3.6746223137987202E-07
  2680   203.68000      0.0000000000000000E+00  9.5821562753404689E-07  2.5841408432913559E-02  1.9930387807040378E-04  1.0069501299937367E-04  3.6434721934028958E-07
  2690   204.44000      0.0000000000000000E+00  8.7784583504490484E-07  2.5973791286764383E-02  2.1472581147579479E-04  1.0769103556091745E-04  3.6509391942223764E-07
  2700   205.20000      0.0000000000000000E+00  8.5100770519376745E-07  2.6176109645789369E-02  1.9531114407391706E-04  1.1603300204779381E-04  3.9711534349505840E-07
  2710   205.96000      0.0000000000000000E+00  9.0360025514857867E-07  2.6394382817644318E-02  1.7780974740083124E-04  1.0641172591551752E-04  3.3999387658400073E-07
  2720   206.72000      0.0000000000000000E+00  9.8932580992838868E-07  2.6524130255195771E-02  2.3073407103248788E-04  9.9199463576581538E-05  3.1976317277568812E-07
  2730   207.48000      0.0000000000000000E+00  1.0166678411037157E-06  2.6672106184945664E-02  2.1840618866765819E-04  1.0742677591930686E-04  3.6482116219720906E-07
  2740   208.24000      0.0000000000000000E+00  1.0631547255047055E-06  2.6927734311983746E-02  2.3455589983033818E-04  1.1639936941105709E-04  3.1502671922849009E-07
  2750   209.00000      0.0000000000000000E+00  9.2639833439480738E-07  2.7119746697300585E-02  2.2041199985098269E-04  1.0453257191609601E-04  3.8007805312864634E-07
  2760   209.76000      0.0000000000000000E+00  9.0208607967713414E-07  2.7228193634382107E-02  2.6077483167875637E-04  9.6621353940804476E-05  3.3479856376621328E-07
  2770   210.52000      0.0000000000000000E+00  1.0220946426883229E-06  2.7407247665533381E-02  2.2743698457441673E-04  1.0954177896275433E-04  3.2800510766339840E-07
  2780   211.28000      0.0000000000000000E+00  1.1043955483713074E-06  2.7617956904868384E-02  2.3587641491270062E-04  1.1515852433025251E-04  3.3080307049562808E-07
  2790   212.04000      0.0000000000000000E+00  9.7804648416474437E-07  2.7752235664886934E-02  1.9327250879730144E-04  9.9884873073365348E-05  3.2808368697344090E-07
  2800   212.80000      0.0000000000000000E+00  8.5250261617904101E-07  2.7843973663729777E-02  2.1646867688251956E-04  9.9326304238569170E-05  3.5509879613427656E-07
  2810   213.56000      0.0000000000000000E+00  9.2518361875155023E-07  2.7995101791145203E-02  2.0174476403533740E-04  1.1125857722021059E-04  3.4246062859639162E-07
  2820   214.32000      0.0000000000000000E+00  1.0273250130231042E-06  2.8127062380697301E-02  2.3905645409331408E-04  1.1112410077389314E-04  3.6218996261966263E-07
  2830   215.08000      0.0000000000000000E+00  1.1136208239542579E-06  2.8198667192049401E-02  2.4158649643885814E-04  1.0170202439389348E-04  2.6582697163976792E-07
  2840   215.84000      0.0000000000000000E+00  9.3304850776136805E-07  2.8278085678684617E-02  2.6351484028817000E-04  1.0298047026630415E-04  3.9736403508906359E-07
  2850   216.60000      0.0000000000000000E+00  8.6361253164825095E-07  2.8371163331599326E-02  2.1017844369270871E-04  1.0930419601382737E-04  3.0827493977812773E-07
  2860   217.36000      0.0000000000000000E+00  9.1008092933312889E-07  2.8430267279186548E-02  2.5987119331785457E-04  1.1082351167028833E-04  3.8074098975469566E-07
  2870   218.12000      0.0000000000000000E+00  1.0670564563451783E-06  2.8486979086001559E-02  2.3416321579507123E-04  1.0686712001124941E-04  3.2529458216106678E-07
  2880   218.88000      0.0000000000000000E+00  1.0405908918413054E-06  2.8577837663641130E-02  2.5226728541887953E-04  1.0416490926392124E-04  3.0728171773737264E-07
  2890   219.64000      0.0000000000000000E+00  8.7702259699047442E-07  2.8641870346650021E-02  2.1472102829483150E-04  1.0637795997952805E-04  3.6872939002542560E-07
  2900   220.40000      0.0000000000000000E+00  8.2513555462379250E-07  2.8661607891909694E-02  2.2835149414788690E-04  1.1356500045667207E-04  3.2503247703566001E-07
  2910   221.16000      0.0000000000000000E+00  9.1280558117893136E-07  2.8731259923027372E-02  2.3727121009043203E-04  1.1352860647675453E-04  3.5016374881994854E-07
  2920   221.92000      0.0000000000000000E+00  1.0330582470659747E-06  2.8820956783019786E-02  2.2387677561661520E-04  1.0478154928522581E-04  3.3977910978806721E-07
  2930   222.68000      0.0000000000000000E+00  9.8905854990958831E-07  2.8824945454491751E-02  2.3587020608427909E-04  1.0546919321862937E-04  2.9486314608369433E-07
  2940   223.44000      0.0000000000000000E+00  8.1739157606233923E-07  2.8836798211727806E-02  2.3260437788895336E-04  1.1611324533408634E-04  3.7814191939863419E-07
  2950   224.20000      0.0000000000000000E+00  8.8005550411645645E-07  2.8935699808743217E-02  2.6963081138840159E-04  1.1989186098990071E-04  3.1638421939542683E-07
  2960   224.96000      0.0000000000000000E+00  9.7196300407742243E-07  2.9010232435143019E-02  2.4546365053793680E-04  1.0851564983122854E-04  3.3631994419893394E-07
  2970   225.72000      0.0000000000000000E+00  9.8217699186658561E-07  2.9015013532926945E-02  2.8643436620169773E-04  1.0420137151122383E-04  3.4199289292193164E-07
  2980   226.48000      0.0000000000000000E+00  9.2074820945254133E-07  2.9066490567024400E-02  2.6067251099491109E-04  1.1748995485780834E-04  2.8269620135637391E-07
  2990   227.24000      0.0000000000000000E+00  9.1607483090478987E-07  2.9192776515104532E-02  3.0866623622411609E-04  1.2610536766507970E-04  4.1003311870229800E-07
  3000   228.00000      0.0000000000000000E+00  9.9533919507982588E-07  2.9258581783996096E-02  3.1105137022910943E-04  1.1080605855862050E-04  3.0464553646534526E-07
  3010   228.76000      0.0000000000000000E+00  9.9911466875781703E-07  2.9275550748073802E-02  3.5047961576024596E-04  1.0223983191419933E-04  3.3125418616085685E-07
  3020   229.52000      0.0000000000000000E+00  9.8002464958319562E-07  2.9356318802718759E-02  3.1544855925805026E-04  1.1836719439141541E-04  3.3641108872893840E-07
  3030   230.28000      0.0000000000000000E+00  1.0044072693713215E-06  2.9461502347205470E-02  3.1730141827980622E-04  1.2920545795283895E-04  3.1491929183779212E-07
  3040   231.04000      0.0000000000000000E+00  1.0707771199139353E-06  2.9533021612634176E-02  3.3475531263869732E-04  1.1326200078751571E-04  3.4797259081411432E-07
  3050   231.80000      0.0000000000000000E+00  1.0893826185849912E-06  2.9584078670732275E-02  3.3735025374559072E-04  1.0299863000855110E-04  3.7109395988026129E-07
  3060   232.56000      0.0000000000000000E+00  1.0559924054371855E-06  2.9656449094503282E-02  3.1186634012746872E-04  1.1748501705993978E-04  2.7963144624054288E-07
  3070   233.32000      0.0000000000000000E+00  9.5574341362763008E-07  2.9749330742643996E-02  3.2125909466172389E-04  1.2950961657859798E-04  3.6971679080243265E-07
  3080   234.08000      0.0000000000000000E+00  1.0867345532625628E-06  2.9829484567829443E-02  3.6558567843711386E-04  1.1557114454086372E-04  2.8886673544757436E-07
  3090   234.84000      0.0000000000000000E+00  1.1711620360621555E-06  2.9911312143271560E-02  3.4902694713591007E-04  1.0822474955738189E-04  3.4357982523097065E-07
  3100   235.60000      0.0000000000000000E+00  1.0270087229979693E-06  2.9993909582598371E-02  3.4567594175091666E-04  1.1924730223167597E-04  3.8155268922229600E-07
  3110   236.36000      0.0000000000000000E+00  9.6634322171383463E-07  3.0078994205616164E-02  3.5960355017204595E-04  1.2843939767419885E-04  2.8531899896292721E-07
  3120   237.12000      0.0000000000000000E+00  1.0429576961537609E-06  3.0189619976671571E-02  4.1018843544137000E-04  1.1945804503185168E-04  3.4129786015602780E-07
  3130   237.88000      0.0000000000000000E+00  1.1583819303670754E-06  3.0293364091999401E-02  4.3979525187739442E-04  1.1261612589775179E-04  3.3161457933587385E-07
  3140   238.64000      0.0000000000000000E+00  1.1206839875354398E-06  3.0353596627693068E-02  5.3793898535386140E-04  1.1901625349324517E-04  2.7162693244894037E-07
  3150   239.40000      0.0000000000000000E+00  1.0876431328681587E-06  3.0435098028057297E-02  5.6954363808906037E-04  1.2677584181459677E-04  4.2338656924742513E-07
  3160   240.16000      0.0000000000000000E+00  1.1201545726502247E-06  3.0558026027244969E-02  6.7191322081438186E-04  1.2279156480927880E-04  2.9304466369195695E-07
  3170   240.92000      0.0000000000000000E+00  1.0445371099739532E-06  3.0655628956666323E-02  7.0847656618845732E-04  1.1675615516485062E-04  2.9585938160206020E-07
  3180   241.68000      0.0000000000000000E+00  1.1110052279191790E-06  3.0681585708063563E-02  6.8551234175371668E-04  1.1795060952728449E-04  3.8759158008894339E-07
  3190   242.44000      0.0000000000000000E+00  1.1469948340708209E-06  3.0736989232879361E-02  6.4271016190414667E-04  1.2545383453741840E-04  2.1740397878372590E-07
  3200   243.20000      0.0000000000000000E+00  1.0426339443123488E-06  3.0839493539712041E-02  6.8543368306660181E-04  1.2605986559623088E-04  3.6418226437573860E-07
  3210   243.96000      0.0000000000000000E+00  1.0754315677795811E-06  3.0899951401049727E-02  6.9865195141716619E-04  1.2004731032566684E-04  4.2748693964404731E-07
  3220   244.72000      0.0000000000000000E+00  1.1410999863358468E-06  3.0901986259428103E-02  7.4514595762694888E-04  1.2054269954553735E-04  1.6342271339544211E-07
  3230   245.48000      0.0000000000000000E+00  1.2057082008636759E-06  3.0938753434924714E-02  7.9105668338495913E-04  1.2856588947114721E-04  4.4190960938661043E-07
  3240   246.24000      0.0000000000000000E+00  1.1602269910511353E-06  3.1019934916990143E-02  8.6955511319669891E-04  1.2803116652208510E-04  2.5395350601502783E-07
  3250   247.00000      0.0000000000000000E+00  1.0982227286926241E-06  3.1071302504393494E-02  9.2519845090289392E-04  1.2252330959994446E-04  2.6605251481566884E-07
  3260   247.76000      0.0000000000000000E+00  1.1356122914764611E-06  3.1075589510039036E-02  8.8442137254909458E-04  1.2652206628935731E-04  4.8230892038359198E-07
  3270   248.52000      0.0000000000000000E+00  1.2666550082262981E-06  3.1119311034655726E-02  8.2849340943895520E-04  1.3323603432135753E-04  2.1213385124652121E-07
  3280   249.28000      0.0000000000000000E+00  1.1246999550713978E-06  3.1198340668546432E-02  8.1277210187515340E-04  1.2955633496707496E-04  3.1681379720681246E-07
  3290   250.04000      0.0000000000000000E+00  1.0873449739928329E-06  3.1243143883607695E-02  8.2889757275746081E-04  1.2807064672849821E-04  3.6798914351211783E-07
  3300   250.80000      0.0000000000000000E+00  1.0565880337856214E-06  3.1272287162846760E-02  7.6688003240259141E-04  1.3379608301082645E-04  2.1124340321978561E-07
  3310   251.56000      0.0000000000000000E+00  1.0898334601593741E-06  3.1332161577884723E-02  7.7471634305422495E-04  1.3606666055574680E-04  4.1030852007416388E-07
  3320   252.32000      0.0000000000000000E+00  1.1947343043790772E-06  3.1417243360587377E-02  7.2199305194106168E-04  1.3385297646453860E-04  3.3410862557871176E-07
  3330   253.08000      0.0000000000000000E+00  1.1531277337814033E-06  3.1479742699247693E-02  6.7910015816459684E-04  1.3535331372071214E-04  2.4787388582203321E-07
  3340   253.84000      0.0000000000000000E+00  1.1033360551635440E-06  3.1552288782610800E-02  6.6119361483002394E-04  1.3774008643747691E-04  3.4255295199177729E-07
  3350   254.60000      0.0000000000000000E+00  1.0886159433483073E-06  3.1638858524706645E-02  6.1192577601854763E-04  1.3554853158807216E-04  3.1076828657299629E-07
  3360   255.36000      0.0000000000000000E+00  1.1844248876911819E-06  3.1729788568727386E-02  5.7433192282440855E-04  1.4033578284429425E-04  2.7980186546727980E-07
  3370   256.12000      0.0000000000000000E+00  1.1577157133304780E-06  3.1853102916051208E-02  5.7213620086223201E-04  1.4148515545570552E-04  3.8093149253283737E-07
  3380   256.88000      0.0000000000000000E+00  1.2178558150155271E-06  3.2002618965607653E-02  5.4283134290741949E-04  1.3466012005056174E-04  2.7140900621955111E-07
  3390   257.64000      0.0000000000000000E+00  1.1154112442605226E-06  3.2152150294658670E-02  5.0637276800698391E-04  1.3833952010006563E-04  2.7194447002052901E-07
  3400   258.40000      0.0000000000000000E+00  1.0179925330114391E-06  3.2291724245794649E-02  5.2397723032949995E-04  1.4856904569386019E-04  3.7247231607375294E-07
  3410   259.16000      0.0000000000000000E+00  1.0798281090279837E-06  3.2487429310958431E-02  5.1502517756991484E-04  1.4170672206282768E-04  2.4709626086794664E-07
  3420   259.92000      0.0000000000000000E+00  1.1604702366045378E-06  3.2705618191148499E-02  4.9989699987367528E-04  1.2895239968315161E-04  3.4419929260232571E-07
  3430   260.68000      0.0000000000000000E+00  1.1033303851342654E-06  3.2891404944813282E-02  3.8760670065423881E-04  1.3865223252049097E-04  2.8159348476049006E-07
  3440   261.44000      0.0000000000000000E+00  1.0067289594710703E-06  3.3094588746363784E-02  3.9460380717513846E-04  1.5231697745249451E-04  3.3114962845644501E-07
  3450   262.20000      0.0000000000000000E+00  1.0241897306712297E-06  3.3339686382758839E-02  3.1633839559000004E-04  1.3926237372202281E-04  2.8619408317324623E-07
  3460   262.96000      0.0000000000000000E+00  1.0577747651775251E-06  3.3552004127591573E-02  3.3689941611153443E-04  1.2456497100756425E-04  2.8939548873631709E-07
  3470   263.72000      0.0000000000000000E+00  1.0315216400063448E-06  3.3743095229142622E-02  2.6254650717029453E-04  1.3712938379152565E-04  3.3144734921505731E-07
  3480   264.48000      0.0000000000000000E+00  1.1251010383130320E-06  3.3978508918127710E-02  3.0321788086703756E-04  1.5004983726240079E-04  2.6391936217023648E-07
  3490   265.24000      0.0000000000000000E+00  1.1513866342392018E-06  3.4225676821387954E-02  2.8406124947918807E-04  1.3550855840734538E-04  3.8528181329327841E-07
  3500   266.00000      0.0000000000000000E+00  1.1370400731550793E-06  3.4402098970142757E-02  3.0183428880732328E-04  1.2641548477530410E-04  2.9039441786150062E-07
  3510   266.76000      0.0000000000000000E+00  1.0851872176100639E-06  3.4592088220201718E-02  2.5634773545148951E-04  1.3746577183358486E-04  2.5671450422975404E-07
  3520   267.52000      0.0000000000000000E+00  1.1255621415940514E-06  3.4841307799987280E-02  2.9498980694770164E-04  1.4424887077930931E-04  3.8466514895974931E-07
  3530   268.28000      0.0000000000000000E+00  1.1872960947184367E-06  3.5062553921307665E-02  2.6912525650241148E-04  1.3533515624526241E-04  2.2605928878489282E-07
  3540   269.04000      0.0000000000000000E+00  1.1623581491339068E-06  3.5223039852884323E-02  3.1209005271610324E-04  1.2900227718487767E-04  3.6729014021175091E-07
  3550   269.80000      0.0000000000000000E+00  1.2014089473617858E-06  3.5396080894891331E-02  2.4327660942320781E-04  1.3762172085314949E-04  3.2358630803836297E-07
  3560   270.56000      0.0000000000000000E+00  1.1422305534522362E-06  3.5578702314507951E-02  2.4671963469124916E-04  1.4003284334132926E-04  2.6684574802928274E-07
  3570   271.32000      0.0000000000000000E+00  1.1168357393532278E-06  3.5740380961248625E-02  2.5368451093098448E-04  1.3658639581133516E-04  3.2297084942303827E-07
  3580   272.08000      0.0000000000000000E+00  1.0971642012155647E-06  3.5870448673219583E-02  2.7461905965950854E-04  1.3827609576279106E-04  2.8236619019820508E-07
  3590   272.84000      0.0000000000000000E+00  1.1569931864953006E-06  3.5973032191190260E-02  2.6044467089237613E-04  1.3788892017442404E-04  3.0904311904090503E-07
  3600   273.60000      0.0000000000000000E+00  1.1932728323236225E-06  3.6061790813789935E-02  2.0450156482991100E-04  1.3535404016919400E-04  3.3381022261731285E-07
  3610   274.36000      0.0000000000000000E+00  1.1774656905034031E-06  3.6137109838374079E-02  2.4692861285766050E-04  1.4332133788641356E-04  3.0932131024845145E-07
  3620   275.12000      0.0000000000000000E+00  1.1037239401736925E-06  3.6229088154129271E-02  2.7547313426903061E-04  1.4734944436966033E-04  2.3894715171505870E-07
  3630   275.88000      0.0000000000000000E+00  1.1714042759125114E-06  3.6301744760712837E-02  2.9791568853103887E-04  1.3586518705160835E-04  3.2878195310421068E-07
  3640   276.64000      0.0000000000000000E+00  1.0854367149853839E-06  3.6312932051592313E-02  2.4020131317189955E-04  1.3437904892547021E-04  2.7723500097842103E-07
  3650   277.40000      0.0000000000000000E+00  1.2129083033550800E-06  3.6365618423152939E-02  2.5508324558847292E-04  1.4918141545063545E-04  3.1825491057678942E-07
  3660   278.16000      0.0000000000000000E+00  1.1792242495269259E-06  3.6459837113561655E-02  2.3245747082903151E-04  1.4925511401433724E-04  2.8453997944477108E-07
  3670   278.92000      0.0000000000000000E+00  1.1702162535246359E-06  3.6506919701134670E-02  2.9613465479264944E-04  1.3606039100583751E-04  2.6597348875261799E-07
  3680   279.68000      0.0000000000000000E+00  1.1011514876313081E-06  3.6500648472229835E-02  2.6058898140189407E-04  1.3653127559482112E-04  2.9503937318955594E-07
  3690   280.44000      0.0000000000000000E+00  1.1115382484974647E-06  3.6559117273213114E-02  2.9943606677353937E-04  1.5020579117207354E-04  2.9833464976461386E-07
  3700   281.20000      0.0000000000000000E+00  1.1955578701354102E-06  3.6650662771024356E-02  2.7574654712490083E-04  1.5114320520460766E-04  2.7253029340006560E-07
  3710   281.96000      0.0000000000000000E+00  1.2437756120387514E-06  3.6670199053232475E-02  3.5242825100851005E-04  1.3709438024549824E-04  2.9801725407012888E-07
  3720   282.72000      0.0000000000000000E+00  1.2451375346744019E-06  3.6668435271373409E-02  3.0369137439187268E-04  1.3588917071219144E-04  2.4735792538700803E-07
  3730   283.48000      0.0000000000000000E+00  1.1709651114125504E-06  3.6709744111508145E-02  2.9818720507822182E-04  1.5080977643761330E-04  3.2548502490565534E-07
  3740   284.24000      0.0000000000000000E+00  1.2035012489648917E-06  3.6762147029147034E-02  2.8726969059376310E-04  1.5072739071516077E-04  2.4163935730051007E-07
  3750   285.00000      0.0000000000000000E+00  1.1862750304632764E-06  3.6771331310415198E-02  3.1586508905493153E-04  1.3713244569345438E-04  2.9585547903705352E-07
  3760   285.76000      0.0000000000000000E+00  1.2766025387957450E-06  3.6784385154966660E-02  2.8199828579244114E-04  1.4200140176941483E-04  2.8022594413793081E-07
  3770   286.52000      0.0000000000000000E+00  1.2649946479328627E-06  3.6789391011737532E-02  2.3843037763253671E-04  1.5354963753747930E-04  2.6216631784711136E-07
  3780   287.28000      0.0000000000000000E+00  1.1388375685752374E-06  3.6789887242365066E-02  2.2188739797596066E-04  1.4880306854450048E-04  2.9088603401075207E-07
  3790   288.04000      0.0000000000000000E+00  1.1012721610258386E-06  3.6782240814683287E-02  2.5783661261669999E-04  1.4477089622496442E-04  2.6473413734229712E-07
  3800   288.80000      0.0000000000000000E+00  1.1383010689675806E-06  3.6779433085728723E-02  2.5016431616566904E-04  1.5048882619363101E-04  2.5984917794643477E-07
  3810   289.56000      0.0000000000000000E+00  1.2185229766588247E-06  3.6785031509020363E-02  1.8979905577682808E-04  1.5702632875182266E-04  2.6609620217759091E-07
  3820   290.32000      0.0000000000000000E+00  1.2382668454215297E-06  3.6797555831053569E-02  2.1286552824283827E-04  1.5539392867851669E-04  2.8282312589141514E-07
  3830   291.08000      0.0000000000000000E+00  1.2426720540953330E-06  3.6833382076574737E-02  2.4284190010556752E-04  1.5078953811894149E-04  2.5601208596065889E-07
  3840   291.84000      0.0000000000000000E+00  1.1154152018361629E-06  3.6903053512477899E-02  2.4348514580598587E-04  1.5325017856522515E-04  2.7117666823202700E-07
  3850   292.60000      0.0000000000000000E+00  1.1521247714677495E-06  3.7001969968528975E-02  1.9425313311232007E-04  1.6074676691915402E-04  2.7988683515807473E-07
  3860   293.36000      0.0000000000000000E+00  1.2208257231100309E-06  3.7110759081232077E-02  2.3335942401645073E-04  1.5945236768923033E-04  2.5491882563747751E-07
  3870   294.12000      0.0000000000000000E+00  1.2240582616777356E-06  3.7219584604759631E-02  2.4209932853453791E-04  1.5271863296713179E-04  2.6542497261881012E-07
  3880   294.88000      0.0000000000000000E+00  1.1914654330526628E-06  3.7325762691424118E-02  2.6392776246876224E-04  1.5390795026632012E-04  3.0889665644713521E-07
  3890   295.64000      0.0000000000000000E+00  1.0939976069763747E-06  3.7445146756938760E-02  2.1633290722183776E-04  1.6160219694573335E-04  2.2723678215002043E-07
  3900   296.40000      0.0000000000000000E+00  1.1113681585097050E-06  3.7566628203263584E-02  2.5793133000992117E-04  1.6088012408276120E-04  2.7480915986147791E-07
  3910   297.16000      0.0000000000000000E+00  1.1641586215141227E-06  3.7686730536774023E-02  2.5958156204685637E-04  1.5143295286132734E-04  2.8548679909922692E-07
  3920   297.92000      0.0000000000000000E+00  1.2071070094861914E-06  3.7773552008031702E-02  2.8086624115542349E-04  1.5109000562819403E-04  2.2927222036423358E-07
  3930   298.68000      0.0000000000000000E+00  1.0916810715523806E-06  3.7864315683583546E-02  2.6445518903910455E-04  1.6125053725914742E-04  2.9256638336286260E-07
  3940   299.44000      0.0000000000000000E+00  1.0415567604783783E-06  3.7981529560889661E-02  2.7706079735525260E-04  1.6294705125618485E-04  3.1956059828005629E-07
  3950   300.20000      0.0000000000000000E+00  1.0386042144049353E-06  3.8104215461811156E-02  2.6870009858958715E-04  1.4971356191819516E-04  1.7292253599119838E-07
  3960   300.96000      0.0000000000000000E+00  1.0907672650188123E-06  3.8201411581295072E-02  2.1770186918288888E-04  1.4882111043633314E-04  3.5740238226017244E-07
  3970   301.72000      0.0000000000000000E+00  1.0213519542371350E-06  3.8291254022735963E-02  2.3737124538618628E-04  1.6308618568616206E-04  2.3918232119235637E-07
  3980   302.48000      0.0000000000000000E+00  9.7311728272551872E-07  3.8445732533776172E-02  2.0593904468453264E-04  1.6314942934163583E-04  2.6910030333291516E-07
  3990   303.24000      0.0000000000000000E+00  1.0705285164068916E-06  3.8599853325007913E-02  1.9790088158271618E-04  1.5124369350248121E-04  3.1926588706985193E-07
  4000   304.00000      0.0000000000000000E+00  1.0598776489284350E-06  3.8721452131934717E-02  1.7432923166566775E-04  1.5201843691474605E-04  2.6039799709848920E-07
  4010   304.76000      0.0000000000000000E+00  1.0813726282248218E-06  3.8841405486653637E-02  2.0778890375037899E-04  1.5864744503342527E-04  2.1975288989172795E-07
  4020   305.52000      0.0000000000000000E+00  1.0325455712663538E-06  3.8970629503644008E-02  1.7800758775798569E-04  1.6114108208184532E-04  3.4159224446377634E-07
  4030   306.28000      0.0000000000000000E+00  9.9248481437194360E-07  3.9085055583834363E-02  2.0061640938708335E-04  1.5599604038271883E-04  2.2874382453832993E-07
  4040   307.04000      0.0000000000000000E+00  1.0372609353786094E-06  3.9175810724019738E-02  1.9452439779134488E-04  1.5297019475851378E-04  2.9158198751425882E-07
  4050   307.80000      0.0000000000000000E+00  1.0853735104646154E-06  3.9275020636658012E-02  2.1359998819822220E-04  1.5757596374109067E-04  2.9866566175588098E-07
  4060   308.56000      0.0000000000000000E+00  1.0310761417207614E-06  3.9331449458097044E-02  1.8653554214546604E-04  1.6053266495386575E-04  2.4501630357138883E-07
  4070   309.32000      0.0000000000000000E+00  9.9069719345376146E-07  3.9389011245678222E-02  2.1565652568345144E-04  1.5718635854511270E-04  2.7390596466302305E-07
  4080   310.08000      0.0000000000000000E+00  1.0097770927508282E-06  3.9457729560317428E-02  2.1220068616121957E-04  1.5808886211391587E-04  3.2505077240300897E-07
  4090   310.84000      0.0000000000000000E+00  9.7530347316791116E-07  3.9547246213999306E-02  2.2816924480863540E-04  1.6068040845278826E-04  2.4402859049197623E-07
  4100   311.60000      0.0000000000000000E+00  1.0227984201252420E-06  3.9625881382540772E-02  1.9728177812251236E-04  1.5827433013193248E-04  3.0505252158839174E-07
  4110   312.36000      0.0000000000000000E+00  9.8744303615492583E-07  3.9718072237123307E-02  2.1471211467029178E-04  1.5846155195280864E-04  2.7226943800961019E-07
  4120   313.12000      0.0000000000000000E+00  9.5430330343875770E-07  3.9810839747045107E-02  2.1228757994577562E-04  1.6324227340096698E-04  2.6025020999472249E-07
  4130   313.88000      0.0000000000000000E+00  8.9698131181365754E-07  3.9901631916560459E-02  2.0477235363805987E-04  1.6079664044394134E-04  2.8526371592573430E-07
  4140   314.64000      0.0000000000000000E+00  1.0001366715804606E-06  4.0030750027157218E-02  2.2820184266060826E-04  1.5704466160563276E-04  3.0839545585699174E-07
  4150   315.40000      0.0000000000000000E+00  1.0429551787062440E-06  4.0164274779452828E-02  2.2690633029201777E-04  1.6032720037299932E-04  2.6377919971659565E-07
  4160   316.16000      0.0000000000000000E+00  9.9130040427552809E-07  4.0252531767971542E-02  2.2637248462045051E-04  1.6260934332129530E-04  2.8541174680545770E-07
  4170   316.92000      0.0000000000000000E+00  9.5771520641203775E-07  4.0300713959195295E-02  1.9039906526863322E-04  1.6221758345326122E-04  2.9639846824279891E-07
  4180   317.68000      0.0000000000000000E+00  1.0019404447364264E-06  4.0380720282652036E-02  2.3764503330775343E-04  1.6446871121300093E-04  2.4132697637511092E-07
  4190   318.44000      0.0000000000000000E+00  9.8809359317757290E-07  4.0485496303312760E-02  2.2482417320543813E-04  1.6299810351371561E-04  3.3489211007430510E-07
  4200   319.20000      0.0000000000000000E+00  1.0238623253728720E-06  4.0548380457924110E-02  2.5061406867607126E-04  1.6220700547112538E-04  2.4698305603948854E-07
  4210   319.96000      0.0000000000000000E+00  1.0229604046204893E-06  4.0606408013194109E-02  2.4206682237750565E-04  1.6752688740934789E-04  3.1322116486532074E-07
  4220   320.72000      0.0000000000000000E+00  1.0725813817315000E-06  4.0690074676729110E-02  3.2922923099352146E-04  1.7136174038622146E-04  2.2959898698517017E-07
  4230   321.48000      0.0000000000000000E+00  9.9862587784797423E-07  4.0806681835423332E-02  3.0189314612406127E-04  1.6925666933750272E-04  2.8277132674508758E-07
  4240   322.24000      0.0000000000000000E+00  1.0374303782319711E-06  4.0905942329500546E-02  3.1817699116376389E-04  1.6424818481013340E-04  2.4490703151681219E-07
  4250   323.00000      0.0000000000000000E+00  1.0328049058441729E-06  4.1055495396777296E-02  2.3782703500443294E-04  1.6828993434783393E-04  3.1139109736836541E-07
  4260   323.76000      0.0000000000000000E+00  1.0802699624253805E-06  4.1239309501734558E-02  2.4763759071727126E-04  1.7510746609504855E-04  2.4875702056599959E-07
  4270   324.52000      0.0000000000000000E+00  1.0390147581364173E-06  4.1404054655998328E-02  2.6948534576472878E-04  1.7166363786820187E-04  3.3212791468002330E-07
  4280   325.28000      0.0000000000000000E+00  1.0355590830165565E-06  4.1575928659422716E-02  2.4333815062782649E-04  1.6474952650570774E-04  1.8616786716823501E-07
  4290   326.04000      0.0000000000000000E+00  1.1483321829892709E-06  4.1779855100010199E-02  2.2520732532652239E-04  1.6736164971545577E-04  3.3051533335428877E-07
  4300   326.80000      0.0000000000000000E+00  1.1343833370387106E-06  4.1980723432468621E-02  2.6412644943115689E-04  1.6863319295599069E-04  2.7657691927367386E-07
  4310   327.56000      0.0000000000000000E+00  1.1053779923931506E-06  4.2110092314579170E-02  2.5641779021359529E-04  1.6560373785914624E-04  2.4654198106363104E-07
  4320   328.32000      0.0000000000000000E+00  1.2128062347822248E-06  4.2218403860185355E-02  2.4711983292193907E-04  1.6902978896887890E-04  3.3041768384019986E-07
  4330   329.08000      0.0000000000000000E+00  1.1006330899060508E-06  4.2368108350856130E-02  2.4886491821024298E-04  1.7383762269769255E-04  2.3465759278059045E-07
  4340   329.84000      0.0000000000000000E+00  1.0569768516941253E-06  4.2477251499385818E-02  2.4719334581207162E-04  1.6657374907801234E-04  2.2440368741431214E-07
  4350   330.60000      0.0000000000000000E+00  1.0796653631296018E-06  4.2573971598073801E-02  2.9179275908235391E-04  1.6352251102135854E-04  3.6226683337013961E-07
  4360   331.36000      0.0000000000000000E+00  1.0894407321333298E-06  4.2676452877459442E-02  2.7025273406833613E-04  1.7568790976825344E-04  2.0920136257989539E-07
  4370   332.12000      0.0000000000000000E+00  1.0125104894471170E-06  4.2795351427257065E-02  2.6922806870298427E-04  1.7806772443149327E-04  2.9667377596973849E-07
  4380   332.88000      0.0000000000000000E+00  1.0598154254905479E-06  4.2879025667523427E-02  2.5701024683467386E-04  1.6819249803351648E-04  3.0357168575175469E-07
  4390   333.64000      0.0000000000000000E+00  1.0867950841248904E-06  4.2953235183173226E-02  2.9747937420810668E-04  1.6682025070408133E-04  1.9285655241054708E-07
  4400   334.40000      0.0000000000000000E+00  1.0251274247178720E-06  4.3072642468740256E-02  2.6036119978740209E-04  1.7393953486040734E-04  3.0684094081089517E-07
  4410   335.16000      0.0000000000000000E+00  1.0463576334025147E-06  4.3183162246507700E-02  2.7289285885396511E-04  1.7614984666625049E-04  2.8144688825591429E-07
  4420   335.92000      0.0000000000000000E+00  1.1376831820779689E-06  4.3254805480341003E-02  2.6333465071723221E-04  1.7107050502064116E-04  2.5598572983812774E-07
  4430   336.68000      0.0000000000000000E+00  1.1411085769195256E-06  4.3353266084940098E-02  3.1052235014009263E-04  1.6998922152684703E-04  2.9596161037070087E-07
  4440   337.44000      0.0000000000000000E+00  1.0941733444606086E-06  4.3481624344995883E-02  3.0736719917030738E-04  1.7086541034040973E-04  2.8092770206967332E-07
  4450   338.20000      0.0000000000000000E+00  1.0915643514064030E-06  4.3591616307306520E-02  2.8049554368724531E-04  1.7062660602675843E-04  1.9917554249922151E-07
  4460   338.96000      0.0000000000000000E+00  1.1628245158621048E-06  4.3662896373317724E-02  2.3860217376347285E-04  1.6971229744699472E-04  3.5398423732788123E-07
  4470   339.72000      0.0000000000000000E+00  1.2175441175985864E-06  4.3775215114882422E-02  2.3631260630097711E-04  1.7022962912789077E-04  2.0902563950775784E-07
  4480   340.48000      0.0000000000000000E+00  1.0753954230917493E-06  4.3899226022661650E-02  2.5034749901187083E-04  1.6962298729992638E-04  3.2555976136052532E-07
  4490   341.24000      0.0000000000000000E+00  1.1348602995467926E-06  4.3959610177238387E-02  2.1968364220998276E-04  1.6661122274110740E-04  2.3240743278365847E-07
  4500   342.00000      0.0000000000000000E+00  1.1730928890791963E-06  4.4033964983450802E-02  2.5316443654624615E-04  1.6794928138723553E-04  2.9355262166365932E-07
  4510   342.76000      0.0000000000000000E+00  1.1981887641882765E-06  4.4140719438011983E-02  2.3548903074186784E-04  1.7202780171748778E-04  2.7609822242325437E-07
  4520   343.52000      0.0000000000000000E+00  1.1101412606389571E-06  4.4203122541378446E-02  2.5861737143573541E-04  1.6959527476918495E-04  2.4964621574444026E-07
  4530   344.28000      0.0000000000000000E+00  1.0853513192645448E-06  4.4225692828129402E-02  2.0089027137052873E-04  1.6705485654293711E-04  3.2077730119986345E-07
  4540   345.04000      0.0000000000000000E+00  1.1822049363165292E-06  4.4266546703591036E-02  2.2650200832162256E-04  1.7000324451281142E-04  2.7788293524482450E-07
  4550   345.80000      0.0000000000000000E+00  1.1624733001232619E-06  4.4331165129692124E-02  2.0376695488764695E-04  1.7199483621445556E-04  2.4375473186502420E-07
  4560   346.56000      0.0000000000000000E+00  1.0847227701074230E-06  4.4358037249290230E-02  2.3521477046800710E-04  1.7176099814163881E-04  3.4782844476142018E-07
  4570   347.32000      0.0000000000000000E+00  1.1335357255791104E-06  4.4357737287867599E-02  1.9376352458066364E-04  1.7214635480278253E-04  1.9017435195744451E-07
  4580   348.08000      0.0000000000000000E+00  1.1587828855087863E-06  4.4386667280570051E-02  1.9625889681508231E-04  1.7319357158466906E-04  3.4735051357906137E-07
  4590   348.84000      0.0000000000000000E+00  1.1948419310990361E-06  4.4406089604957774E-02  1.9043328680153112E-04  1.7279037389862506E-04  2.7744361848314232E-07
  4600   349.60000      0.0000000000000000E+00  1.1637563201854876E-06  4.4413516690228666E-02  2.3964897257881099E-04  1.7636425579422338E-04  2.4486397655733461E-07
  4610   350.36000      0.0000000000000000E+00  1.1582530056758991E-06  4.4433247627116479E-02  2.1484379822140297E-04  1.8081332727284635E-04  3.0741300707634972E-07
  4620   351.12000      0.0000000000000000E+00  1.1785214974482587E-06  4.4470522897439517E-02  2.0423447351197363E-04  1.7889247697482798E-04  2.7357166027928086E-07
  4630   351.88000      0.0000000000000000E+00  1.0845944686369989E-06  4.4493255945101215E-02  1.7767070859020086E-04  1.7538702348032298E-04  2.5121356328160689E-07
  4640   352.64000      0.0000000000000000E+00  1.1365714243582561E-06  4.4513357912654185E-02  2.1854771747786955E-04  1.7910482311207367E-04  3.5202856501290427E-07
  4650   353.40000      0.0000000000000000E+00  1.1860064015317406E-06  4.4558097878034601E-02  2.2942377712009503E-04  1.8478844939520916E-04  2.4325844445503631E-07
  4660   354.16000      0.0000000000000000E+00  1.1483555688294651E-06  4.4614245213056458E-02  2.1972740981476558E-04  1.8358444809130395E-04  2.6676194947621502E-07
  4670   354.92000      0.0000000000000000E+00  1.2060267912344454E-06  4.4639709685372550E-02  2.2470435029035813E-04  1.8184950539861737E-04  3.3323211100846293E-07
  4680   355.68000      0.0000000000000000E+00  1.1695405653740098E-06  4.4656936577443622E-02  1.9255060222164226E-04  1.8259556867447759E-04  2.5107810489257505E-07
  4690   356.44000      0.0000000000000000E+00  1.1198612642485450E-06  4.4708017354871857E-02  2.6399130471398266E-04  1.8301627879932882E-04  3.2882100683833371E-07
  4700   357.20000      0.0000000000000000E+00  1.1996393183126645E-06  4.4780206166671020E-02  2.0272154451945947E-04  1.8564394380821193E-04  2.5811143447472400E-07
  4710   357.96000      0.0000000000000000E+00  1.2025399609196445E-06  4.4837434324026967E-02  2.1744110357618023E-04  1.8935931921517705E-04  2.8416900695489304E-07
  4720   358.72000      0.0000000000000000E+00  1.1933583182025019E-06  4.4924466910000377E-02  2.0872406325628907E-04  1.8506457916545355E-04  2.9845428640668504E-07
  4730   359.48000      0.0000000000000000E+00  1.0800238955618996E-06  4.5035103334670763E-02  2.6316262725672643E-04  1.7854320862540490E-04  3.1700437946121314E-07
  4740   360.24000      0.0000000000000000E+00  9.5713572750924554E-07  4.5116118095643282E-02  2.0987900727207395E-04  1.8528200612891353E-04  2.8945291440033755E-07
  4750   361.00000      0.0000000000000000E+00  1.1243032494774373E-06  4.5229622521286067E-02  2.3922634845066046E-04  1.9060912366368284E-04  3.0594667374338487E-07
  4760   361.76000      0.0000000000000000E+00  1.1745392966373679E-06  4.5380484221436493E-02  2.0164552857301969E-04  1.8459903963773155E-04  2.6932022926956275E-07
  4770   362.52000      0.0000000000000000E+00  9.6313216104822818E-07  4.5532101250078526E-02  2.6611223908635433E-04  1.8042299838320558E-04  3.4663012548716290E-07
  4780   363.28000      0.0000000000000000E+00  9.0158960588584501E-07  4.5689756938410493E-02  2.4031175102713317E-04  1.8501021295943090E-04  2.5831167795240473E-07
  4790   364.04000      0.0000000000000000E+00  1.0746993447183064E-06  4.5864102709636284E-02  2.4965476606077664E-04  1.9130365902174514E-04  3.4053012660792807E-07
  4800   364.80000      0.0000000000000000E+00  1.0582695399675956E-06  4.6052399659201465E-02  2.1665203712777114E-04  1.8472996033547749E-04  2.5828439235391695E-07
  4810   365.56000      0.0000000000000000E+00  9.9964836270571992E-07  4.6235148619738542E-02  2.7614540749806642E-04  1.7936789694482835E-04  3.2685897876749290E-07
  4820   366.32000      0.0000000000000000E+00  1.0338704556678889E-06  4.6401255664625767E-02  2.6959921628110596E-04  1.8668680573822580E-04  2.5774727065151025E-07
  4830   367.08000      0.0000000000000000E+00  1.0580376995775307E-06  4.6544373952892362E-02  2.3044922585827314E-04  1.8865371980809496E-04  3.6619412428915180E-07
  4840   367.84000      0.0000000000000000E+00  1.1062354866530896E-06  4.6673389597058079E-02  2.3885180255801676E-04  1.8264648764296666E-04  2.0421338081099247E-07
  4850   368.60000      0.0000000000000000E+00  1.0913609128078216E-06  4.6798428385979945E-02  2.9796632352934203E-04  1.8333627395568914E-04  3.6722743126579458E-07
  4860   369.36000      0.0000000000000000E+00  1.0380234984711451E-06  4.6924745214186755E-02  3.0448597994685024E-04  1.8654089949126268E-04  2.5918689567175980E-07
  4870   370.12000      0.0000000000000000E+00  1.0154820979999908E-06  4.7046460201939443E-02  2.5983568364586071E-04  1.8316317520438442E-04  3.2252878304953607E-07
  4880   370.88000      0.0000000000000000E+00  9.8964841056212058E-07  4.7132157440707187E-02  2.8706640967977924E-04  1.8151148089396398E-04  3.1741966822407214E-07
  4890   371.64000      0.0000000000000000E+00  1.0539957768125188E-06  4.7233029107509650E-02  2.9531862900007385E-04  1.8848480795198528E-04  2.9130005721618961E-07
  4900   372.40000      0.0000000000000000E+00  1.0172439672923275E-06  4.7367710957763196E-02  3.0495276554034335E-04  1.8844304299007455E-04  2.6809188390086625E-07
  4910   373.16000      0.0000000000000000E+00  1.0086212748175287E-06  4.7482746632764368E-02  2.3728744546165580E-04  1.8216273326208721E-04  3.3179173023991357E-07
  4920   373.92000      0.0000000000000000E+00  1.0208752789589825E-06  4.7591167270186335E-02  2.8638512007943246E-04  1.8190698790598910E-04  3.1189143583561308E-07
  4930   374.68000      0.0000000000000000E+00  9.9384733083264321E-07  4.7745695792504143E-02  2.4679836145532770E-04  1.8811361127654672E-04  2.7967891614081384E-07
  4940   375.44000      0.0000000000000000E+00  9.8410315687664336E-07  4.7857069083639278E-02  2.8106774484655756E-04  1.9098191260947080E-04  3.0627819598266423E-07
  4950   376.20000      0.0000000000000000E+00  9.9706259424693318E-07  4.7911047997541985E-02  2.1410758568110645E-04  1.8471635897887269E-04  2.8898864850454276E-07
  4960   376.96000      0.0000000000000000E+00  1.0611099036072933E-06  4.7982636385336230E-02  2.5754960289202974E-04  1.8640839575565212E-04  2.6337735873354331E-07
  4970   377.72000      0.0000000000000000E+00  9.9934263484685547E-07  4.8046266899901859E-02  2.3175100502532316E-04  1.9454638118862564E-04  3.5109816744191639E-07
  4980   378.48000      0.0000000000000000E+00  9.7064139122575438E-07  4.8048674676415444E-02  2.5976719747880224E-04  1.9038118451600595E-04  2.4362147493810408E-07
  4990   379.24000      0.0000000000000000E+00  1.0077165818407035E-06  4.8037726456100778E-02  2.4928500283958905E-04  1.8981047896123358E-04  2.7532817301190400E-07
  5000   380.00000      0.0000000000000000E+00  1.0870717792567615E-06  4.8055864532741674E-02  2.6030448096733431E-04  2.0146980394166901E-04  3.4377137660717802E-07
  5010   380.76000      0.0000000000000000E+00  1.0269053639014113E-06  4.8076782249297734E-02  2.4038424870541358E-04  2.0360595307288950E-04  2.1032308246304295E-07
  5020   381.52000      0.0000000000000000E+00  1.0035895035882209E-06  4.8104702095603628E-02  2.7667116269229934E-04  1.9223442552447840E-04  3.1467822797406230E-07
  5030   382.28000      0.0000000000000000E+00  1.0137969707339889E-06  4.8172622520417735E-02  2.4721778614436487E-04  1.9577017949271112E-04  3.3246409065322208E-07
  5040   383.04000      0.0000000000000000E+00  1.1052840147099937E-06  4.8255193516325838E-02  2.4660753555375844E-04  2.1014237679057291E-04  2.3195411596134683E-07
  5050   383.80000      0.0000000000000000E+00  9.6435116557235056E-07  4.8355808135697953E-02  2.7198442691811475E-04  2.0767247160078799E-04  2.9862694101897014E-07
  5060   384.56000      0.0000000000000000E+00  9.9789083871905306E-07  4.8485383411969937E-02  2.9806527563858501E-04  1.9646485949006569E-04  3.3020794064417600E-07
  5070   385.32000      0.0000000000000000E+00  1.0878101322329143E-06  4.8640731985795112E-02  2.8400876365826280E-04  1.9732379225950584E-04  1.6722424962091556E-07
  5080   386.08000      0.0000000000000000E+00  1.0521325831770453E-06  4.8783209287740138E-02  2.8921859149152221E-04  2.0331967691241694E-04  3.8555275397886927E-07
  5090   386.84000      0.0000000000000000E+00  9.8192652395138300E-07  4.8901430204311425E-02  3.1208409155151340E-04  2.0490035995153168E-04  2.4143502091582432E-07
  5100   387.60000      0.0000000000000000E+00  9.9452376246383882E-07  4.9007397369225582E-02  2.7005179359578961E-04  2.0181215057792930E-04  2.6185514211232302E-07
  5110   388.36000      0.0000000000000000E+00  1.0966901130491481E-06  4.9106527581204942E-02  3.1327323446166268E-04  1.9490412905585734E-04  3.0571757277382166E-07
  5120   389.12000      0.0000000000000000E+00  1.1508375764791009E-06  4.9170141457513430E-02  2.6701131002324541E-04  1.9535515671346182E-04  2.3006313019262496E-07
  5130   389.88000      0.0000000000000000E+00  1.0909778791848678E-06  4.9227654678945972E-02  2.9664985259792722E-04  2.0433288118766973E-04  2.7449606962009086E-07
  5140   390.64000      0.0000000000000000E+00  1.0533865762970726E-06  4.9283411070912213E-02  2.7337185763613389E-04  2.0530630135955378E-04  3.4206520476350572E-07
  5150   391.40000      0.0000000000000000E+00  9.8739024082705401E-07  4.9367416020088810E-02  2.9707446579542646E-04  1.9808469163556621E-04  2.2887668818106481E-07
  5160   392.16000      0.0000000000000000E+00  9.8137926041980941E-07  4.9419118848878167E-02  2.3620770829383474E-04  1.9677858822619217E-04  3.0465179387276450E-07
  5170   392.92000      0.0000000000000000E+00  1.0470402335119980E-06  4.9499731381525039E-02  2.7616307891877782E-04  2.0391813179638856E-04  2.4283842004770565E-07
  5180   393.68000      0.0000000000000000E+00  1.0985451431055502E-06  4.9626538793605735E-02  2.2806592394179631E-04  2.0438927973725219E-04  3.1196005207697219E-07
  5190   394.44000      0.0000000000000000E+00  9.5474438648883734E-07  4.9759463070962018E-02  2.5443815970861667E-04  1.9894403483590846E-04  2.6604116232536886E-07
  5200   395.20000      0.0000000000000000E+00  9.6841677871053274E-07  4.9871634544554427E-02  2.4636216189512342E-04  1.9921858346866038E-04  3.0099194615131350E-07
  5210   395.96000      0.0000000000000000E+00  9.7377181533701433E-07  4.9999408012352836E-02  2.5347382708066995E-04  2.0429493417582759E-04  2.6886888141551520E-07
  5220   396.72000      0.0000000000000000E+00  9.7330763326699973E-07  5.0164684428374698E-02  2.3359388986520337E-04  2.0080515740807900E-04  2.7788852440235971E-07
  5230   397.48000      0.0000000000000000E+00  1.0603254756345861E-06  5.0319809061317042E-02  2.6467419995988644E-04  1.9780644652916558E-04  2.6332793706448864E-07
  5240   398.24000      0.0000000000000000E+00  1.0092620154360288E-06  5.0459444061029153E-02  2.8491153862960299E-04  2.0317972426686062E-04  3.0977378437776353E-07
  5250   399.00000      0.0000000000000000E+00  9.4207791466572415E-07  5.0596082294124212E-02  3.1787948785897086E-04  2.0536222070605288E-04  2.7362285318078321E-07
  5260   399.76000      0.0000000000000000E+00  9.4448253338395906E-07  5.0734499637896592E-02  3.3656025801290598E-04  1.9970985829873521E-04  3.1432483675148143E-07
