! Kinetic energy for species "positrons"
  Iter        Time          Total Par.             Kin. Energy
     0   0.0000000            1012550  4.6885395408731506E-01
    10  0.76000000            1013518  4.6820661030856570E-01
    20   1.5200000            1014486  4.6726004110055253E-01
    30   2.2800000            1015454  4.6784600132539828E-01
    40   3.0400000            1016422  4.6826136117071382E-01
    50   3.8000000            1017390  4.6882422767929310E-01
    60   4.5600000            1018358  4.7063948023809327E-01
    70   5.3200000            1019326  4.7105789621161703E-01
    80   6.0800000            1020294  4.7091348432387425E-01
    90   6.8400000            1021262  4.7121686651111094E-01
   100   7.6000000            1022230  4.7198598955313198E-01
   110   8.3600000            1023197  4.7251593612918374E-01
   120   9.1200000            1024165  4.7251830900984820E-01
   130   9.8800000            1025133  4.7260757193764125E-01
   140   10.640000            1026101  4.7325903219823434E-01
   150   11.400000            1027069  4.7469518809823585E-01
   160   12.160000            1028037  4.7570395343153843E-01
   170   12.920000            1029005  4.7522078271274548E-01
   180   13.680000            1029973  4.7451129399938125E-01
   190   14.440000            1030941  4.7450785258831674E-01
   200   15.200000            1031909  4.7560226211926282E-01
   210   15.960000            1032877  4.7745043933376347E-01
   220   16.720000            1033845  4.7812873820838653E-01
   230   17.480000            1034813  4.7786407413260412E-01
   240   18.240000            1035781  4.7742534090968036E-01
   250   19.000000            1036748  4.7788161051285993E-01
   260   19.760000            1037716  4.7881654428520382E-01
   270   20.520000            1038684  4.7993665924167717E-01
   280   21.280000            1039652  4.8043131509007286E-01
   290   22.040000            1040620  4.7987492042427016E-01
   300   22.800000            1041588  4.7986334286444321E-01
   310   23.560000            1042556  4.8004834328078716E-01
   320   24.320000            1043524  4.8003043090937125E-01
   330   25.080000            1044492  4.8014743558104167E-01
   340   25.840000            1045460  4.7988711687841656E-01
   350   26.600000            1046428  4.8037927510386458E-01
   360   27.360000            1047396  4.8089298377614154E-01
   370   28.120000            1048364  4.8168186526872087E-01
   380   28.880000            1049332  4.8220416227897456E-01
   390   29.640000            1050300  4.8271811107653484E-01
   400   30.400000            1051268  4.8312079712497913E-01
   410   31.160000            1052236  4.8356557512523002E-01
   420   31.920000            1053204  4.8454767387227793E-01
   430   32.680000            1054172  4.8562944133394370E-01
   440   33.440000            1055140  4.8673590059209015E-01
   450   34.200000            1056108  4.8726383402746004E-01
   460   34.960000            1057076  4.8752623192721484E-01
   470   35.720000            1058043  4.8828209600360617E-01
   480   36.480000            1059011  4.8870230385094943E-01
   490   37.240000            1059979  4.8895076140034893E-01
   500   38.000000            1060947  4.8893764919636956E-01
   510   38.760000            1061915  4.8938400408925214E-01
   520   39.520000            1062883  4.8990606484171190E-01
   530   40.280000            1063851  4.8986354517873065E-01
   540   41.040000            1064819  4.8983247145261177E-01
   550   41.800000            1065787  4.9014043954594944E-01
   560   42.560000            1066755  4.9056647315800805E-01
   570   43.320000            1067723  4.9111943510113643E-01
   580   44.080000            1068691  4.9156351573326579E-01
   590   44.840000            1069659  4.9250011726914389E-01
   600   45.600000            1070627  4.9307547106892252E-01
   610   46.360000            1071594  4.9363424333858358E-01
   620   47.120000            1072562  4.9397283000404124E-01
   630   47.880000            1073530  4.9435106709740700E-01
   640   48.640000            1074498  4.9435363805104460E-01
   650   49.400000            1075465  4.9464311481054657E-01
   660   50.160000            1076433  4.9492222950473275E-01
   670   50.920000            1077401  4.9518600496896359E-01
   680   51.680000            1078369  4.9562728084306207E-01
   690   52.440000            1079337  4.9610378522421428E-01
   700   53.200000            1080305  4.9652023385050992E-01
   710   53.960000            1081273  4.9683375221262527E-01
   720   54.720000            1082241  4.9737282954733697E-01
   730   55.480000            1083209  4.9793297278356458E-01
   740   56.240000            1084177  4.9834617547463184E-01
   750   57.000000            1085145  4.9861688333142240E-01
   760   57.760000            1086112  4.9911518590998177E-01
   770   58.520000            1087080  4.9960537532696675E-01
   780   59.280000            1088047  4.9994127873010796E-01
   790   60.040000            1089015  5.0061398070219632E-01
   800   60.800000            1089983  5.0124652457176588E-01
   810   61.560000            1090951  5.0173445939322225E-01
   820   62.320000            1091919  5.0204555226997305E-01
   830   63.080000            1092886  5.0266468302243694E-01
   840   63.840000            1093854  5.0309409261048599E-01
   850   64.600000            1094822  5.0352837903955971E-01
   860   65.360000            1095790  5.0379878829363534E-01
   870   66.120000            1096758  5.0411146878609836E-01
   880   66.880000            1097726  5.0431886155440275E-01
   890   67.640000            1098694  5.0479673962954841E-01
   900   68.400000            1099662  5.0525824208249703E-01
   910   69.160000            1100630  5.0585591793777962E-01
   920   69.920000            1101598  5.0606932472765431E-01
   930   70.680000            1102566  5.0634651146619192E-01
   940   71.440000            1103534  5.0665047253647522E-01
   950   72.200000            1104502  5.0715666503571122E-01
   960   72.960000            1105470  5.0763252512173063E-01
   970   73.720000            1106438  5.0811216178455632E-01
   980   74.480000            1107406  5.0828361477469863E-01
   990   75.240000            1108374  5.0848794940319242E-01
  1000   76.000000            1109342  5.0877206319496038E-01
  1010   76.760000            1110310  5.0912840827400274E-01
  1020   77.520000            1111278  5.0961069505431933E-01
  1030   78.280000            1112246  5.0990006499326790E-01
  1040   79.040000            1113214  5.0995419093059735E-01
  1050   79.800000            1114182  5.0974296774088579E-01
  1060   80.560000            1115149  5.0999802882346690E-01
  1070   81.320000            1116117  5.1070385879423230E-01
  1080   82.080000            1117085  5.1089424176053344E-01
  1090   82.840000            1118053  5.1075157220411149E-01
  1100   83.600000            1119021  5.1091905697445084E-01
  1110   84.360000            1119989  5.1130596356456859E-01
  1120   85.120000            1120957  5.1165897597188692E-01
  1130   85.880000            1121925  5.1210825304837171E-01
  1140   86.640000            1122893  5.1247642765259427E-01
  1150   87.400000            1123861  5.1290593179199218E-01
  1160   88.160000            1124829  5.1352370065399422E-01
  1170   88.920000            1125797  5.1401832049789631E-01
  1180   89.680000            1126765  5.1433233746684681E-01
  1190   90.440000            1127731  5.1484593425018321E-01
  1200   91.200000            1128699  5.1537506641075181E-01
  1210   91.960000            1129667  5.1612357670134124E-01
  1220   92.720000            1130635  5.1625316909653551E-01
  1230   93.480000            1131603  5.1639307685424574E-01
  1240   94.240000            1132570  5.1707856065809787E-01
  1250   95.000000            1133538  5.1748297511585750E-01
  1260   95.760000            1134506  5.1784094045132512E-01
  1270   96.520000            1135474  5.1808803323816610E-01
  1280   97.280000            1136442  5.1805738121534750E-01
  1290   98.040000            1137410  5.1832357186221345E-01
  1300   98.800000            1138378  5.1857852376839986E-01
  1310   99.560000            1139346  5.1888951101929837E-01
  1320   100.32000            1140314  5.1917360480624242E-01
  1330   101.08000            1141282  5.1936411339611921E-01
  1340   101.84000            1142250  5.1964641347100937E-01
  1350   102.60000            1143218  5.2000530327337879E-01
  1360   103.36000            1144186  5.2033159418226438E-01
  1370   104.12000            1145154  5.2094101863919640E-01
  1380   104.88000            1146122  5.2143920948875844E-01
  1390   105.64000            1147090  5.2207568880077493E-01
  1400   106.40000            1148058  5.2224669952549041E-01
  1410   107.16000            1149025  5.2245511677818834E-01
  1420   107.92000            1149993  5.2303233282415151E-01
  1430   108.68000            1150961  5.2371023281752715E-01
  1440   109.44000            1151929  5.2432912224972295E-01
  1450   110.20000            1152897  5.2441176642346832E-01
  1460   110.96000            1153865  5.2479589664992876E-01
  1470   111.72000            1154833  5.2516621348896608E-01
  1480   112.48000            1155801  5.2556038013500950E-01
  1490   113.24000            1156769  5.2612457710172067E-01
  1500   114.00000            1157737  5.2644856289427233E-01
  1510   114.76000            1158705  5.2687414321827120E-01
  1520   115.52000            1159673  5.2699314872347414E-01
  1530   116.28000            1160641  5.2741674701614893E-01
  1540   117.04000            1161609  5.2786188716065419E-01
  1550   117.80000            1162576  5.2835689652507711E-01
  1560   118.56000            1163544  5.2904349870131973E-01
  1570   119.32000            1164512  5.2946046476421349E-01
  1580   120.08000            1165480  5.2965052580932581E-01
  1590   120.84000            1166448  5.2984385155614544E-01
  1600   121.60000            1167415  5.3046826174288775E-01
  1610   122.36000            1168383  5.3123556405860939E-01
  1620   123.12000            1169351  5.3170878426363877E-01
  1630   123.88000            1170319  5.3209033833100183E-01
  1640   124.64000            1171287  5.3225360888386108E-01
  1650   125.40000            1172255  5.3253990775422455E-01
  1660   126.16000            1173223  5.3311270271498679E-01
  1670   126.92000            1174191  5.3360338964065301E-01
  1680   127.68000            1175159  5.3428107351218523E-01
  1690   128.44000            1176127  5.3455060605080462E-01
  1700   129.20000            1177095  5.3455638145659301E-01
  1710   129.96000            1178062  5.3482443568364180E-01
  1720   130.72000            1179030  5.3541080382451456E-01
  1730   131.48000            1179998  5.3629084809544936E-01
  1740   132.24000            1180966  5.3673700711900874E-01
  1750   133.00000            1181934  5.3682846066741485E-01
  1760   133.76000            1182902  5.3709709929712723E-01
  1770   134.52000            1183870  5.3762413591670888E-01
  1780   135.28000            1184838  5.3825458711300511E-01
  1790   136.04000            1185806  5.3879452889281176E-01
  1800   136.80000            1186774  5.3937091706999940E-01
  1810   137.56000            1187742  5.3974909571013008E-01
  1820   138.32000            1188710  5.3983185727372263E-01
  1830   139.08000            1189678  5.4014973826671830E-01
  1840   139.84000            1190646  5.4077374841612946E-01
  1850   140.60000            1191614  5.4151754029129251E-01
  1860   141.36000            1192582  5.4197973505489683E-01
  1870   142.12000            1193550  5.4206020768028917E-01
  1880   142.88000            1194518  5.4219233571055703E-01
  1890   143.64000            1195486  5.4263421409349144E-01
  1900   144.40000            1196454  5.4324231834101000E-01
  1910   145.16000            1197421  5.4379998649972905E-01
  1920   145.92000            1198389  5.4422224162154809E-01
  1930   146.68000            1199357  5.4433896463965903E-01
  1940   147.44000            1200325  5.4449562479040758E-01
  1950   148.20000            1201293  5.4481934798653886E-01
  1960   148.96000            1202261  5.4534783129016384E-01
  1970   149.72000            1203229  5.4606552439286704E-01
  1980   150.48000            1204197  5.4646295287576330E-01
  1990   151.24000            1205164  5.4654420680320437E-01
  2000   152.00000            1206132  5.4661935431048314E-01
  2010   152.76000            1207100  5.4689876604636867E-01
  2020   153.52000            1208068  5.4754492351631701E-01
  2030   154.28000            1209036  5.4817755730289641E-01
  2040   155.04000            1210004  5.4859855387912027E-01
  2050   155.80000            1210972  5.4858119844726194E-01
  2060   156.56000            1211940  5.4856166763497416E-01
  2070   157.32000            1212908  5.4884348422388274E-01
  2080   158.08000            1213876  5.4951636106881907E-01
  2090   158.84000            1214844  5.5024679771433271E-01
  2100   159.60000            1215812  5.5043494003270976E-01
  2110   160.36000            1216780  5.5037991106558981E-01
  2120   161.12000            1217748  5.5056865969393953E-01
  2130   161.88000            1218716  5.5099683736369598E-01
  2140   162.64000            1219684  5.5168234087197909E-01
  2150   163.40000            1220652  5.5223315102033199E-01
  2160   164.16000            1221620  5.5258266801654088E-01
  2170   164.92000            1222588  5.5273171282133682E-01
  2180   165.68000            1223555  5.5292709183406075E-01
  2190   166.44000            1224523  5.5341774785006292E-01
  2200   167.20000            1225491  5.5397036478491823E-01
  2210   167.96000            1226459  5.5455367873711858E-01
  2220   168.72000            1227427  5.5492613320031348E-01
  2230   169.48000            1228395  5.5501006962982402E-01
  2240   170.24000            1229363  5.5522101683604830E-01
  2250   171.00000            1230331  5.5569348096077775E-01
  2260   171.76000            1231298  5.5645144680369718E-01
  2270   172.52000            1232266  5.5704126752121041E-01
  2280   173.28000            1233234  5.5728758146079516E-01
  2290   174.04000            1234202  5.5740564392480929E-01
  2300   174.80000            1235170  5.5768542077799632E-01
  2310   175.56000            1236138  5.5838293257672089E-01
  2320   176.32000            1237106  5.5909467624979281E-01
  2330   177.08000            1238074  5.5963235618417462E-01
  2340   177.84000            1239042  5.5988490183390549E-01
  2350   178.60000            1240010  5.6011293394768058E-01
  2360   179.36000            1240978  5.6059425436269139E-01
  2370   180.12000            1241946  5.6117497256750426E-01
  2380   180.88000            1242914  5.6181285244424051E-01
  2390   181.64000            1243882  5.6242034876643077E-01
  2400   182.40000            1244850  5.6275367447436830E-01
  2410   183.16000            1245818  5.6283601757016277E-01
  2420   183.92000            1246786  5.6313017125863507E-01
  2430   184.68000            1247754  5.6388588706220721E-01
  2440   185.44000            1248722  5.6458056993585537E-01
  2450   186.20000            1249690  5.6501077837399372E-01
  2460   186.96000            1250658  5.6517734813007725E-01
  2470   187.72000            1251626  5.6535796940102101E-01
  2480   188.48000            1252594  5.6581496029191547E-01
  2490   189.24000            1253562  5.6656279191043457E-01
  2500   190.00000            1254530  5.6713240886012328E-01
  2510   190.76000            1255498  5.6756209229863819E-01
  2520   191.52000            1256466  5.6772565478502079E-01
  2530   192.28000            1257434  5.6786147686664168E-01
  2540   193.04000            1258402  5.6829511566421553E-01
  2550   193.80000            1259370  5.6895261273761755E-01
  2560   194.56000            1260338  5.6957814980460342E-01
  2570   195.32000            1261306  5.6981207701212799E-01
  2580   196.08000            1262274  5.6997508204810565E-01
  2590   196.84000            1263242  5.7019752302994364E-01
  2600   197.60000            1264210  5.7063818790438547E-01
  2610   198.36000            1265177  5.7118025790394278E-01
  2620   199.12000            1266144  5.7163136172096274E-01
  2630   199.88000            1267112  5.7196373552380142E-01
  2640   200.64000            1268080  5.7207893789843234E-01
  2650   201.40000            1269048  5.7213222281329013E-01
  2660   202.16000            1270016  5.7255574282336896E-01
  2670   202.92000            1270984  5.7309551536371139E-01
  2680   203.68000            1271952  5.7359323309620902E-01
  2690   204.44000            1272920  5.7372844307109250E-01
  2700   205.20000            1273888  5.7372936351431691E-01
  2710   205.96000            1274856  5.7401839018810841E-01
  2720   206.72000            1275824  5.7453345605166128E-01
  2730   207.48000            1276791  5.7514833368554119E-01
  2740   208.24000            1277759  5.7535134962830425E-01
  2750   209.00000            1278727  5.7560312247157264E-01
  2760   209.76000            1279695  5.7602532711832366E-01
  2770   210.52000            1280663  5.7642197186199906E-01
  2780   211.28000            1281631  5.7696838345363421E-01
  2790   212.04000            1282599  5.7751461060242260E-01
  2800   212.80000            1283567  5.7809588356318897E-01
  2810   213.56000            1284535  5.7853502109222932E-01
  2820   214.32000            1285503  5.7884514192246284E-01
  2830   215.08000            1286471  5.7935385988700383E-01
  2840   215.84000            1287439  5.7988468349759936E-01
  2850   216.60000            1288407  5.8066380941250639E-01
  2860   217.36000            1289375  5.8118973665217466E-01
  2870   218.12000            1290343  5.8159920821027900E-01
  2880   218.88000            1291311  5.8201866971268190E-01
  2890   219.64000            1292279  5.8242939683661121E-01
  2900   220.40000            1293247  5.8305978599519048E-01
  2910   221.16000            1294215  5.8376059257252666E-01
  2920   221.92000            1295183  5.8416599600815711E-01
  2930   222.68000            1296151  5.8433640002908882E-01
  2940   223.44000            1297119  5.8458038414918945E-01
  2950   224.20000            1298087  5.8486562376215778E-01
  2960   224.96000            1299055  5.8543502804706926E-01
  2970   225.72000            1300023  5.8575677491065115E-01
  2980   226.48000            1300990  5.8582749531112310E-01
  2990   227.24000            1301958  5.8598976154876892E-01
  3000   228.00000            1302926  5.8607212021088029E-01
  3010   228.76000            1303894  5.8632839477730725E-01
  3020   229.52000            1304862  5.8663345384228660E-01
  3030   230.28000            1305830  5.8693858249002306E-01
  3040   231.04000            1306798  5.8727934179991692E-01
  3050   231.80000            1307766  5.8733612265488511E-01
  3060   232.56000            1308734  5.8750369116643664E-01
  3070   233.32000            1309702  5.8791851097065462E-01
  3080   234.08000            1310670  5.8862443330430669E-01
  3090   234.84000            1311638  5.8923186113187664E-01
  3100   235.60000            1312606  5.8958812564107710E-01
  3110   236.36000            1313574  5.8995697303974048E-01
  3120   237.12000            1314542  5.9040210946871130E-01
  3130   237.88000            1315510  5.9107593269985537E-01
  3140   238.64000            1316478  5.9174629738630125E-01
  3150   239.40000            1317446  5.9246622018962558E-01
  3160   240.16000            1318414  5.9293054123030542E-01
  3170   240.92000            1319382  5.9347369188883703E-01
  3180   241.68000            1320350  5.9407172526392427E-01
  3190   242.44000            1321317  5.9460651975970280E-01
  3200   243.20000            1322285  5.9538348731581126E-01
  3210   243.96000            1323253  5.9584066737276875E-01
  3220   244.72000            1324221  5.9623708904655104E-01
  3230   245.48000            1325189  5.9657874243399567E-01
  3240   246.24000            1326157  5.9678591505130107E-01
  3250   247.00000            1327125  5.9740500320104073E-01
  3260   247.76000            1328093  5.9825200301362469E-01
  3270   248.52000            1329061  5.9920118413271239E-01
  3280   249.28000            1330029  5.9993872014834404E-01
  3290   250.04000            1330997  6.0061220726220022E-01
  3300   250.80000            1331965  6.0138242193668423E-01
  3310   251.56000            1332933  6.0224521144773535E-01
  3320   252.32000            1333901  6.0324024178256430E-01
  3330   253.08000            1334869  6.0388390613954290E-01
  3340   253.84000            1335836  6.0435331803896553E-01
  3350   254.60000            1336804  6.0482846922224087E-01
  3360   255.36000            1337772  6.0534816724238127E-01
  3370   256.12000            1338740  6.0598523209989252E-01
  3380   256.88000            1339708  6.0672294139710337E-01
  3390   257.64000            1340676  6.0741325128082446E-01
  3400   258.40000            1341644  6.0788265537930886E-01
  3410   259.16000            1342612  6.0842260015886862E-01
  3420   259.92000            1343580  6.0897999146540249E-01
  3430   260.68000            1344548  6.0977874787166175E-01
  3440   261.44000            1345516  6.1061766632099079E-01
  3450   262.20000            1346484  6.1122594998551849E-01
  3460   262.96000            1347452  6.1159042626940585E-01
  3470   263.72000            1348420  6.1200209342952450E-01
  3480   264.48000            1349388  6.1238888062363028E-01
  3490   265.24000            1350356  6.1286332603466165E-01
  3500   266.00000            1351324  6.1358026569653856E-01
  3510   266.76000            1352292  6.1410855212979210E-01
  3520   267.52000            1353260  6.1445287688071881E-01
  3530   268.28000            1354228  6.1479441146551617E-01
  3540   269.04000            1355196  6.1497601253395606E-01
  3550   269.80000            1356164  6.1570592558860227E-01
  3560   270.56000            1357132  6.1627873229179353E-01
  3570   271.32000            1358100  6.1661887476143296E-01
  3580   272.08000            1359068  6.1689775052015050E-01
  3590   272.84000            1360036  6.1693446535579566E-01
  3600   273.60000            1361004  6.1737259149572332E-01
  3610   274.36000            1361972  6.1777449100768878E-01
  3620   275.12000            1362940  6.1814636392695754E-01
  3630   275.88000            1363908  6.1860044710601336E-01
  3640   276.64000            1364876  6.1900851320907269E-01
  3650   277.40000            1365844  6.1927782695457501E-01
  3660   278.16000            1366812  6.1947318223396775E-01
  3670   278.92000            1367780  6.1996386444673113E-01
  3680   279.68000            1368748  6.2064789539753840E-01
  3690   280.44000            1369716  6.2114513094222423E-01
  3700   281.20000            1370683  6.2166648137157088E-01
  3710   281.96000            1371651  6.2201975647245122E-01
  3720   282.72000            1372619  6.2257699456518334E-01
  3730   283.48000            1373587  6.2334017193551572E-01
  3740   284.24000            1374555  6.2415336251610209E-01
  3750   285.00000            1375523  6.2489638702683648E-01
  3760   285.76000            1376491  6.2544276733363857E-01
  3770   286.52000            1377459  6.2579827927650022E-01
  3780   287.28000            1378427  6.2626205937522528E-01
  3790   288.04000            1379395  6.2691763032317049E-01
  3800   288.80000            1380363  6.2762844882653612E-01
  3810   289.56000            1381331  6.2814738397780157E-01
  3820   290.32000            1382299  6.2848194695825266E-01
  3830   291.08000            1383267  6.2879297976439208E-01
  3840   291.84000            1384235  6.2922537854509331E-01
  3850   292.60000            1385203  6.2985865717034295E-01
  3860   293.36000            1386171  6.3026640791342992E-01
  3870   294.12000            1387139  6.3061603684531198E-01
  3880   294.88000            1388107  6.3098749076916483E-01
  3890   295.64000            1389075  6.3125764305782817E-01
  3900   296.40000            1390043  6.3168425016354501E-01
  3910   297.16000            1391011  6.3217961545544266E-01
  3920   297.92000            1391979  6.3259219386353072E-01
  3930   298.68000            1392947  6.3308672919891773E-01
  3940   299.44000            1393915  6.3353908270988635E-01
  3950   300.20000            1394883  6.3391398022574930E-01
  3960   300.96000            1395851  6.3428352676360378E-01
  3970   301.72000            1396819  6.3469287344155945E-01
  3980   302.48000            1397787  6.3512453682685122E-01
  3990   303.24000            1398755  6.3563758234092127E-01
  4000   304.00000            1399723  6.3599925468744112E-01
  4010   304.76000            1400691  6.3621951715103942E-01
  4020   305.52000            1401659  6.3658119891589571E-01
  4030   306.28000            1402627  6.3690817676060896E-01
  4040   307.04000            1403595  6.3742883102282522E-01
  4050   307.80000            1404563  6.3779015807954054E-01
  4060   308.56000            1405530  6.3801486269494601E-01
  4070   309.32000            1406498  6.3832821321665456E-01
  4080   310.08000            1407466  6.3864581443338020E-01
  4090   310.84000            1408434  6.3907642445292079E-01
  4100   311.60000            1409402  6.3946992910795653E-01
  4110   312.36000            1410370  6.3971092725044509E-01
  4120   313.12000            1411338  6.3996077758462155E-01
  4130   313.88000            1412306  6.4023578908014556E-01
  4140   314.64000            1413274  6.4052160565735727E-01
  4150   315.40000            1414242  6.4087695844823489E-01
  4160   316.16000            1415210  6.4121582476705297E-01
  4170   316.92000            1416178  6.4153831025103258E-01
  4180   317.68000            1417146  6.4188263010681368E-01
  4190   318.44000            1418114  6.4205289744134320E-01
  4200   319.20000            1419082  6.4231126300027652E-01
  4210   319.96000            1420050  6.4257204141999869E-01
  4220   320.72000            1421018  6.4263479342152308E-01
  4230   321.48000            1421986  6.4275200469810068E-01
  4240   322.24000            1422954  6.4272469494159801E-01
  4250   323.00000            1423922  6.4283480142368199E-01
  4260   323.76000            1424890  6.4293245759755013E-01
  4270   324.52000            1425858  6.4284689403893580E-01
  4280   325.28000            1426826  6.4285263210187005E-01
  4290   326.04000            1427794  6.4300963195936378E-01
  4300   326.80000            1428762  6.4307353017600499E-01
  4310   327.56000            1429730  6.4343255392347576E-01
  4320   328.32000            1430698  6.4386534601413836E-01
  4330   329.08000            1431666  6.4403326948672279E-01
  4340   329.84000            1432634  6.4448168326370647E-01
  4350   330.60000            1433602  6.4483281913135215E-01
  4360   331.36000            1434570  6.4523989548931882E-01
  4370   332.12000            1435538  6.4579011443872492E-01
  4380   332.88000            1436506  6.4606544613198380E-01
  4390   333.64000            1437474  6.4641835028524408E-01
  4400   334.40000            1438442  6.4688997844013751E-01
  4410   335.16000            1439410  6.4733701936771704E-01
  4420   335.92000            1440377  6.4789363988806814E-01
  4430   336.68000            1441345  6.4820989613332769E-01
  4440   337.44000            1442313  6.4858231847660830E-01
  4450   338.20000            1443281  6.4891746810259465E-01
  4460   338.96000            1444249  6.4915774658324432E-01
  4470   339.72000            1445217  6.4954191419934815E-01
  4480   340.48000            1446185  6.5002458836244714E-01
  4490   341.24000            1447153  6.5053474424437907E-01
  4500   342.00000            1448121  6.5086696135789845E-01
  4510   342.76000            1449089  6.5112241621956968E-01
  4520   343.52000            1450057  6.5156659661371141E-01
  4530   344.28000            1451025  6.5240360052238811E-01
  4540   345.04000            1451993  6.5301332877126439E-01
  4550   345.80000            1452961  6.5336971102861796E-01
  4560   346.56000            1453929  6.5389395933982541E-01
  4570   347.32000            1454897  6.5445803626976407E-01
  4580   348.08000            1455865  6.5512168860938536E-01
  4590   348.84000            1456833  6.5581005733719211E-01
  4600   349.60000            1457801  6.5627651758369188E-01
  4610   350.36000            1458769  6.5664886353079310E-01
  4620   351.12000            1459737  6.5691045988696550E-01
  4630   351.88000            1460705  6.5725251705295618E-01
  4640   352.64000            1461673  6.5735780745574757E-01
  4650   353.40000            1462641  6.5749766795741127E-01
  4660   354.16000            1463609  6.5769458431985828E-01
  4670   354.92000            1464577  6.5757055608967319E-01
  4680   355.68000            1465544  6.5775372840490265E-01
  4690   356.44000            1466512  6.5778605447811589E-01
  4700   357.20000            1467480  6.5780323407210139E-01
  4710   357.96000            1468448  6.5806587768337121E-01
  4720   358.72000            1469416  6.5821145047137708E-01
  4730   359.48000            1470384  6.5833473011402355E-01
  4740   360.24000            1471352  6.5872242283654847E-01
  4750   361.00000            1472320  6.5920566000989500E-01
  4760   361.76000            1473288  6.5968791522789993E-01
  4770   362.52000            1474256  6.6021827098619534E-01
  4780   363.28000            1475223  6.6088802843893291E-01
  4790   364.04000            1476191  6.6160146221400451E-01
  4800   364.80000            1477159  6.6234530307465311E-01
  4810   365.56000            1478127  6.6288377032998369E-01
  4820   366.32000            1479095  6.6355173010470758E-01
  4830   367.08000            1480063  6.6421144147070121E-01
  4840   367.84000            1481031  6.6485477043884900E-01
  4850   368.60000            1481999  6.6556970170072061E-01
  4860   369.36000            1482967  6.6605695915678320E-01
  4870   370.12000            1483935  6.6655975529549949E-01
  4880   370.88000            1484903  6.6692020740838986E-01
  4890   371.64000            1485871  6.6723288159936145E-01
  4900   372.40000            1486839  6.6790973749422855E-01
  4910   373.16000            1487807  6.6848814756434893E-01
  4920   373.92000            1488775  6.6879930667934784E-01
  4930   374.68000            1489743  6.6939610439335584E-01
  4940   375.44000            1490711  6.6966471500942593E-01
  4950   376.20000            1491679  6.6999298145648611E-01
  4960   376.96000            1492647  6.7075842118576490E-01
  4970   377.72000            1493615  6.7130934337950909E-01
  4980   378.48000            1494583  6.7176395586933768E-01
  4990   379.24000            1495551  6.7220523489342776E-01
  5000   380.00000            1496519  6.7245104989421878E-01
  5010   380.76000            1497487  6.7280370468416473E-01
  5020   381.52000            1498455  6.7335946543467218E-01
  5030   382.28000            1499423  6.7382023128702628E-01
  5040   383.04000            1500391  6.7432054289987442E-01
  5050   383.80000            1501359  6.7474616804217202E-01
  5060   384.56000            1502327  6.7486831655051993E-01
  5070   385.32000            1503295  6.7526441098298406E-01
  5080   386.08000            1504263  6.7571390882142846E-01
  5090   386.84000            1505231  6.7624082137047137E-01
  5100   387.60000            1506199  6.7686668819861151E-01
  5110   388.36000            1507167  6.7718948195587569E-01
  5120   389.12000            1508135  6.7767930281380573E-01
  5130   389.88000            1509103  6.7837242515981588E-01
  5140   390.64000            1510070  6.7908703300992546E-01
  5150   391.40000            1511038  6.7958150741846346E-01
  5160   392.16000            1512006  6.8028727274599365E-01
  5170   392.92000            1512974  6.8083775243311617E-01
  5180   393.68000            1513942  6.8118603239931463E-01
  5190   394.44000            1514910  6.8186303974554774E-01
  5200   395.20000            1515878  6.8233286824877570E-01
  5210   395.96000            1516846  6.8288277696605326E-01
  5220   396.72000            1517814  6.8342271787688702E-01
  5230   397.48000            1518782  6.8338481479948654E-01
  5240   398.24000            1519750  6.8362242553723429E-01
  5250   399.00000            1520718  6.8379278232997720E-01
  5260   399.76000            1521686  6.8399596714333977E-01
