! Kinetic energy for species "electrons"
  Iter        Time          Total Par.             Kin. Energy
     0   0.0000000             630456  2.9239168779810265E-01
    10  0.76000000             631424  2.9273901694294602E-01
    20   1.5200000             632391  2.9303176384944346E-01
    30   2.2800000             633359  2.9341046435251805E-01
    40   3.0400000             634327  2.9394977255402466E-01
    50   3.8000000             635295  2.9455140844143202E-01
    60   4.5600000             636263  2.9506673223837526E-01
    70   5.3200000             637231  2.9541641331346824E-01
    80   6.0800000             638199  2.9570873671007392E-01
    90   6.8400000             639167  2.9611682828874658E-01
   100   7.6000000             640135  2.9667644547824656E-01
   110   8.3600000             641103  2.9724835853333931E-01
   120   9.1200000             642071  2.9773273166318004E-01
   130   9.8800000             643039  2.9809054871501894E-01
   140   10.640000             644007  2.9841816259454179E-01
   150   11.400000             644975  2.9884632416664125E-01
   160   12.160000             645943  2.9938805574003635E-01
   170   12.920000             646911  2.9995298400477072E-01
   180   13.680000             647879  3.0042838508586522E-01
   190   14.440000             648847  3.0076406380991377E-01
   200   15.200000             649815  3.0107253353702168E-01
   210   15.960000             650783  3.0150473747616569E-01
   220   16.720000             651751  3.0207232072339030E-01
   230   17.480000             652719  3.0266168122948645E-01
   240   18.240000             653687  3.0311153047167161E-01
   250   19.000000             654655  3.0344414330355146E-01
   260   19.760000             655623  3.0377305037316915E-01
   270   20.520000             656591  3.0422582532732512E-01
   280   21.280000             657559  3.0480009262588958E-01
   290   22.040000             658527  3.0536978027126593E-01
   300   22.800000             659495  3.0580114123865942E-01
   310   23.560000             660463  3.0609169874645942E-01
   320   24.320000             661431  3.0642090875475064E-01
   330   25.080000             662399  3.0690577228540861E-01
   340   25.840000             663367  3.0750052971873998E-01
   350   26.600000             664335  3.0805086280412897E-01
   360   27.360000             665303  3.0845238188871049E-01
   370   28.120000             666271  3.0872835410013816E-01
   380   28.880000             667238  3.0907419854558293E-01
   390   29.640000             668206  3.0957209628761256E-01
   400   30.400000             669174  3.1017956374170330E-01
   410   31.160000             670142  3.1075230718204538E-01
   420   31.920000             671110  3.1114188841719259E-01
   430   32.680000             672078  3.1141718842900745E-01
   440   33.440000             673046  3.1175239962968715E-01
   450   34.200000             674014  3.1225147553805166E-01
   460   34.960000             674982  3.1286940492551552E-01
   470   35.720000             675950  3.1341909242591881E-01
   480   36.480000             676917  3.1379416532040622E-01
   490   37.240000             677885  3.1406660668819153E-01
   500   38.000000             678853  3.1442544594469685E-01
   510   38.760000             679821  3.1496818687796718E-01
   520   39.520000             680789  3.1559443994255099E-01
   530   40.280000             681757  3.1611629521616924E-01
   540   41.040000             682725  3.1643655765346246E-01
   550   41.800000             683693  3.1669387650017189E-01
   560   42.560000             684661  3.1709026687739045E-01
   570   43.320000             685629  3.1767950150027913E-01
   580   44.080000             686597  3.1831508215121573E-01
   590   44.840000             687565  3.1879029187411789E-01
   600   45.600000             688533  3.1909702002069978E-01
   610   46.360000             689501  3.1937433245557467E-01
   620   47.120000             690468  3.1979605119225829E-01
   630   47.880000             691436  3.2037515112172216E-01
   640   48.640000             692404  3.2098278018375981E-01
   650   49.400000             693372  3.2144237121574670E-01
   660   50.160000             694340  3.2172097329396399E-01
   670   50.920000             695308  3.2198539028816797E-01
   680   51.680000             696276  3.2243613440918867E-01
   690   52.440000             697244  3.2308667526231410E-01
   700   53.200000             698212  3.2370884300648067E-01
   710   53.960000             699180  3.2413494659054409E-01
   720   54.720000             700148  3.2438007921146111E-01
   730   55.480000             701115  3.2466278159598544E-01
   740   56.240000             702083  3.2514280011273883E-01
   750   57.000000             703051  3.2577992109412324E-01
   760   57.760000             704019  3.2634540915269639E-01
   770   58.520000             704987  3.2673853026386690E-01
   780   59.280000             705955  3.2699570785393095E-01
   790   60.040000             706923  3.2731222743866917E-01
   800   60.800000             707891  3.2782436087539163E-01
   810   61.560000             708859  3.2844935578965828E-01
   820   62.320000             709827  3.2900989428700411E-01
   830   63.080000             710795  3.2939017326361120E-01
   840   63.840000             711763  3.2966172645682840E-01
   850   64.600000             712731  3.2999680451978419E-01
   860   65.360000             713699  3.3051252151003158E-01
   870   66.120000             714667  3.3114147296315444E-01
   880   66.880000             715635  3.3170145355413860E-01
   890   67.640000             716603  3.3207841214868772E-01
   900   68.400000             717571  3.3233003306068842E-01
   910   69.160000             718538  3.3267316951818904E-01
   920   69.920000             719506  3.3320364642699779E-01
   930   70.680000             720474  3.3383432314779438E-01
   940   71.440000             721442  3.3434977512805691E-01
   950   72.200000             722410  3.3467790988795953E-01
   960   72.960000             723378  3.3494423590886424E-01
   970   73.720000             724346  3.3534816525959149E-01
   980   74.480000             725314  3.3594157869420127E-01
   990   75.240000             726282  3.3657370552606070E-01
  1000   76.000000             727250  3.3705666757859343E-01
  1010   76.760000             728218  3.3733243648860434E-01
  1020   77.520000             729186  3.3760194055118031E-01
  1030   78.280000             730154  3.3802331863941110E-01
  1040   79.040000             731122  3.3862953003383528E-01
  1050   79.800000             732090  3.3924605772413730E-01
  1060   80.560000             733058  3.3970056962127665E-01
  1070   81.320000             734026  3.3997349578530789E-01
  1080   82.080000             734994  3.4024752850652074E-01
  1090   82.840000             735961  3.4069669466941349E-01
  1100   83.600000             736929  3.4131671908390715E-01
  1110   84.360000             737897  3.4192672794380324E-01
  1120   85.120000             738865  3.4237971293215286E-01
  1130   85.880000             739833  3.4266088338311762E-01
  1140   86.640000             740800  3.4296629976373227E-01
  1150   87.400000             741768  3.4341440280449420E-01
  1160   88.160000             742736  3.4398228301553768E-01
  1170   88.920000             743704  3.4455429051440811E-01
  1180   89.680000             744672  3.4500344781526321E-01
  1190   90.440000             745640  3.4535243112781361E-01
  1200   91.200000             746608  3.4570330714368808E-01
  1210   91.960000             747576  3.4615979670979286E-01
  1220   92.720000             748544  3.4671610817277826E-01
  1230   93.480000             749512  3.4725733358263877E-01
  1240   94.240000             750480  3.4765930679348861E-01
  1250   95.000000             751447  3.4798039208377779E-01
  1260   95.760000             752415  3.4834086272954634E-01
  1270   96.520000             753383  3.4884096914660323E-01
  1280   97.280000             754351  3.4941770791840560E-01
  1290   98.040000             755319  3.4994139828858006E-01
  1300   98.800000             756287  3.5033077253675082E-01
  1310   99.560000             757255  3.5064512311910456E-01
